2239
43673
26296
2099
694
641
580
600
580
563
593
534
593
627
615
587
618
593
578
579
597
551
588
579
584
551
563
579
598
587
526
564
558
567
562
562
576
529
572
540
563
541
567
551
531
520
475
488
552
522
516
572
565
507
536
543
552
503
545
522
486
479
514
525
545
545
494
478
509
509
484
497
496
503
481
475
463
529
487
499
509
535
492
498
481
513
476
517
528
506
510
481
516
472
491
493
508
484
438
518
478
470
473
498
455
478
507
476
544
475
510
527
499
450
470
481
484
499
517
467
494
469
482
497
496
495
492
510
493
478
490
473
463
481
491
467
470
466
492
498
477
486
509
489
470
505
477
454
427
486
485
493
505
501
485
478
503
508
458
528
444
490
517
508
482
519
486
496
537
502
477
460
577
550
548
501
489
496
491
509
501
539
516
467
514
505
515
494
469
526
513
536
545
555
528
522
539
526
507
495
521
492
488
529
559
506
520
514
498
517
499
501
558
538
559
523
541
544
544
485
532
540
526
517
543
504
555
529
527
529
581
547
539
550
563
564
531
548
515
510
524
570
591
534
531
530
518
545
556
546
521
549
567
556
537
516
534
560
523
551
567
512
534
518
562
566
502
537
556
539
555
582
546
585
543
558
515
581
573
538
604
544
553
586
566
552
593
654
571
645
610
584
620
629
600
634
623
623
645
625
626
628
708
637
675
662
700
730
661
703
718
711
700
713
732
676
705
752
710
740
736
764
734
696
763
723
734
754
742
745
799
766
782
735
755
781
764
714
745
779
787
723
732
724
703
710
727
749
700
734
690
726
739
750
735
708
695
684
675
704
672
660
674
699
703
721
647
690
693
694
675
673
666
667
667
697
678
660
651
666
668
634
619
664
623
613
639
649
638
593
611
646
632
614
646
581
665
700
669
625
642
614
588
638
627
607
607
606
560
575
574
632
597
605
581
603
596
610
559
585
546
573
586
587
604
588
529
574
577
538
559
509
589
626
618
573
582
559
563
575
547
552
545
578
546
558
548
592
551
608
573
482
549
535
530
481
520
526
507
561
502
520
535
485
523
523
549
531
529
499
523
536
538
529
514
528
553
521
523
507
504
521
520
494
521
500
530
517
490
526
486
533
488
508
507
501
493
483
528
515
473
513
526
443
485
504
491
531
498
527
495
500
478
505
486
506
485
514
510
497
506
495
459
481
475
516
513
541
495
510
497
506
469
455
524
516
472
487
524
500
501
523
486
478
476
481
462
495
511
504
483
496
501
498
491
531
471
515
501
485
509
510
508
490
509
489
498
486
519
476
480
496
479
474
495
496
492
480
506
450
476
474
479
483
476
448
489
486
456
508
488
505
500
487
474
487
460
516
478
475
510
449
488
492
446
482
444
482
490
416
470
463
472
465
484
497
448
429
447
486
479
448
423
442
464
453
479
425
431
435
436
422
434
429
409
408
403
414
433
435
430
419
414
375
401
409
401
398
407
415
378
359
375
366
392
363
365
359
342
360
364
312
368
357
341
309
304
312
331
291
307
350
336
346
329
309
292
282
314
309
277
293
285
258
256
258
287
290
306
281
263
281
231
258
263
260
259
235
241
234
255
262
248
228
246
239
239
257
230
239
229
237
223
229
221
222
216
205
195
217
234
190
196
221
234
203
223
213
197
209
204
223
202
200
195
188
217
200
188
185
199
206
218
183
201
197
191
222
204
201
207
187
198
200
197
162
165
204
200
167
210
197
207
212
178
178
189
186
216
184
206
189
195
173
187
179
193
218
186
214
197
190
200
214
195
191
199
200
219
207
212
204
180
223
206
212
220
193
178
221
184
204
207
235
218
232
210
241
251
240
256
224
226
246
244
248
275
279
269
267
318
276
281
276
284
289
299
292
305
331
310
303
312
325
321
338
314
321
314
330
344
397
325
403
406
386
416
404
373
422
411
429
442
450
467
431
452
479
442
480
494
501
499
566
538
556
578
599
632
627
692
667
730
691
693
715
766
765
808
820
871
868
926
959
999
941
1038
1077
1080
1060
1154
1186
1207
1218
1234
1279
1231
1324
1320
1435
1450
1420
1467
1533
1565
1512
1669
1684
1703
1835
1786
1846
1894
1890
1943
1926
1910
2017
2068
2130
2102
2109
2149
2215
2245
2175
2196
2197
2266
2233
2248
2377
2333
2282
2355
2345
2423
2246
2300
2249
2318
2336
2295
2195
2255
2264
2203
2181
2115
2162
2212
2107
2062
2042
2090
2018
2055
1946
1953
1919
1865
1846
1869
1733
1728
1707
1680
1614
1602
1587
1459
1455
1448
1437
1336
1302
1290
1302
1248
1261
1179
1158
1092
1093
1008
1030
1004
951
891
852
817
848
795
805
733
737
684
666
656
568
632
603
561
557
502
506
498
437
439
434
390
400
368
366
363
348
327
294
311
315
285
252
288
282
254
230
265
234
242
236
226
203
190
171
184
217
188
183
165
172
163
148
173
152
171
127
168
159
152
138
141
160
126
129
148
138
129
118
118
131
113
128
109
149
127
126
134
143
138
126
127
120
122
121
151
141
135
151
125
117
139
129
130
118
124
119
144
136
136
107
111
148
122
129
106
126
96
137
126
127
115
129
130
118
133
132
122
119
131
146
139
131
148
142
101
134
125
105
124
120
148
130
116
128
147
117
126
111
129
120
108
129
107
135
109
120
118
113
125
133
126
126
121
124
128
116
128
107
121
125
120
114
121
104
130
131
112
109
123
121
118
114
121
111
124
146
122
115
116
117
125
118
122
133
138
130
124
127
117
97
112
128
109
123
132
118
133
138
121
113
124
119
103
110
117
114
101
125
117
128
108
130
134
107
101
120
132
126
114
119
114
105
98
96
98
129
118
111
113
93
111
108
127
120
136
120
104
116
121
104
108
138
123
108
106
101
114
111
109
114
100
120
135
97
98
107
104
122
125
124
105
114
120
126
110
118
114
122
94
108
114
107
122
96
114
110
111
102
128
114
106
120
116
120
96
133
112
110
116
119
115
97
119
107
112
113
125
115
110
101
121
103
89
105
122
122
125
103
112
108
139
116
100
116
125
115
102
108
111
94
115
125
123
114
105
116
104
94
121
107
107
128
104
125
107
118
103
114
114
129
90
98
127
99
112
105
110
117
102
95
88
112
89
101
121
91
100
108
111
113
100
117
103
113
102
99
103
94
107
102
98
113
110
99
110
116
114
117
99
102
107
114
97
104
105
102
107
102
128
104
113
108
113
113
94
107
130
114
114
115
100
84
117
113
120
99
100
101
108
113
129
116
97
108
105
105
113
103
127
99
113
103
96
105
104
103
111
98
111
91
108
96
91
95
104
112
88
92
92
126
111
109
117
107
107
109
103
97
93
95
88
104
95
88
109
99
109
102
126
107
93
98
98
104
96
101
89
110
98
110
99
87
107
97
105
101
114
110
111
94
100
116
94
116
104
103
98
104
110
103
113
111
95
95
107
115
107
98
101
109
106
112
104
114
96
102
83
111
117
112
125
107
109
105
104
107
110
87
116
107
117
101
102
107
111
116
97
110
109
95
119
94
102
115
113
117
124
91
96
103
118
108
93
96
100
131
108
113
105
105
91
103
107
104
106
105
109
121
124
108
125
112
119
99
111
120
107
107
112
111
124
106
107
127
104
126
101
129
119
107
119
109
112
113
117
126
100
103
126
116
128
104
110
81
110
119
118
135
112
101
124
105
112
124
121
89
114
110
104
117
106
113
120
109
120
123
127
113
114
109
127
104
130
126
107
108
109
133
131
132
111
122
117
124
110
105
126
120
131
113
116
127
132
137
117
124
117
129
122
111
105
115
131
129
130
117
125
102
137
109
146
119
132
131
105
127
131
117
115
122
116
127
127
120
132
113
119
113
113
106
114
97
126
113
116
114
106
104
123
103
133
101
98
104
99
107
103
86
110
94
99
96
98
115
88
80
101
86
88
90
96
93
94
81
91
100
93
89
65
70
97
63
74
78
65
87
66
78
68
80
80
61
57
68
73
62
75
63
52
81
52
57
65
65
55
47
54
50
55
38
51
43
48
44
50
35
43
45
35
43
34
49
33
38
32
49
26
33
24
23
35
25
37
33
37
30
32
28
28
26
27
24
26
19
18
26
21
25
22
20
23
12
18
22
18
18
15
19
25
22
14
13
23
13
20
11
14
16
17
11
16
16
18
17
16
9
16
14
18
18
17
15
24
24
19
13
17
26
14
19
16
23
21
27
20
24
33
28
37
31
29
31
39
32
23
41
32
29
46
40
35
42
31
47
50
52
50
57
56
58
55
57
47
76
72
80
74
80
85
86
95
118
100
96
107
106
97
116
116
121
121
136
134
165
160
147
147
159
152
171
166
179
185
191
188
176
194
216
200
210
203
208
239
241
241
238
273
245
244
243
258
238
267
270
244
266
263
261
261
282
313
254
236
279
233
271
278
257
278
255
227
255
269
245
247
246
232
248
258
229
224
208
236
251
200
214
188
185
201
166
206
164
183
168
174
170
133
172
152
154
139
135
142
116
113
123
112
113
113
97
108
102
81
94
86
78
94
80
74
76
49
67
63
70
50
58
58
51
54
37
40
40
44
35
34
37
29
41
29
26
22
26
21
31
26
28
14
23
10
23
7
14
16
12
9
12
6
3
12
6
7
5
10
5
8
3
4
7
4
7
4
4
5
8
6
3
1
2
3
2
4
3
0
1
1
3
2
0
3
1
3
2
1
0
2
2
1
4
0
1
2
3
3
1
4
1
1
1
0
4
3
3
0
0
1
0
1
3
0
4
1
1
1
0
2
3
3
1
1
0
0
3
0
1
0
2
4
0
1
0
0
2
2
2
0
0
1
3
1
3
0
3
0
2
0
1
2
1
0
3
0
6
1
0
1
1
2
1
4
2
0
0
3
3
0
0
3
1
1
3
1
0
1
0
1
1
0
1
0
0
4
1
1
3
0
2
1
0
1
0
1
2
1
1
1
0
0
1
0
0
1
4
2
1
1
1
0
0
1
0
0
1
1
1
0
1
3
5
1
0
0
1
1
0
0
1
1
0
0
0
2
0
1
0
0
0
0
1
0
2
0
1
1
0
0
1
1
2
0
0
0
1
0
0
2
1
0
0
0
0
0
0
0
0
0
1
0
0
0
1
0
1
0
0
0
1
1
0
0
0
0
0
0
0
0
0
0
1
0
1
0
0
0
0
0
0
0
1
1
0
0
0
0
1
1
0
0
1
0
1
0
0
0
0
1
0
1
0
1
0
0
0
0
1
1
0
1
1
0
0
1
0
0
2
1
1
1
0
1
0
1
0
1
1
1
2
1
2
0
1
1
0
1
1
1
1
2
0
0
1
1
1
0
4
1
1
1
2
2
1
1
1
1
1
2
3
3
1
1
1
0
2
1
1
1
2
1
2
2
0
1
1
1
1
0
0
1
0
1
0
2
0
1
0
2
1
0
0
0
0
1
0
0
0
0
3
0
0
0
0
0
0
0
2
1
0
0
0
0
0
0
0
0
0
0
1
0
0
0
0
0
0
0
0
0
0
0
0
0
1
1
0
1
0
1
0
0
0
0
0
0
1
0
0
0
0
0
0
0
0
0
0
0
0
0
0
0
0
0
0
0
0
0
0
0
0
0
0
0
0
0
0
1
0
0
0
0
0
1
0
1
0
0
0
0
1
0
0
0
0
0
0
0
0
1
0
0
0
0
0
0
0
0
0
0
0
0
0
0
0
0
0
0
0
0
0
0
0
0
0
0
0
0
0
0
0
0
0
0
0
1
0
1
0
0
0
0
0
0
0
0
0
0
0
0
0
0
0
0
0
0
0
0
0
0
0
0
0
0
0
0
0
0
0
0
0
0
0
0
1
0
0
0
0
0
0
1
0
0
0
0
0
0
0
0
0
0
0
0
0
0
0
0
0
0
0
0
0
0
0
0
0
0
0
0
0
0
0
0
0
0
0
0
0
0
0
0
0
0
0
0
0
0
0
0
0
0
0
0
0
0
0
0
0
0
0
0
1
1
0
0
0
0
1
0
0
0
0
0
0
0
0
1
0
0
0
0
0
0
0
0
0
0
0
0
0
0
0
0
0
0
0
0
0
0
0
0
0
0
0
1
0
0
0
0
0
0
0
0
0
0
0
0
0
0
0
0
0
0
0
0
0
1
0
0
0
0
0
0
0
0
0
0
0
1
0
1
0
0
0
0
0
0
0
0
1
0
0
0
0
0
0
0
0
0
0
0
0
0
0
0
0
0
0
0
0
0
0
0
0
0
0
1
0
0
0
0
0
0
0
0
0
0
0
0
0
0
0
1
0
0
0
0
0
0
0
0
0
0
0
0
0
0
0
0
0
0
0
0
0
0
0
0
0
0
1
0
0
0
0
0
0
0
0
0
0
0
0
0
0
0
0
0
0
0
0
0
0
0
1
0
0
0
0
0
0
0
0
0
0
0
0
0
1
0
0
0
0
0
0
0
0
0
0
0
0
0
0
0
0
0
0
1
0
0
0
0
0
0
1
0
0
0
0
0
0
0
0
0
0
0
0
0
0
0
0
0
0
0
0
0
0
0
0
0
0
0
0
0
0
0
0
0
0
0
0
0
0
0
0
0
0
0
0
0
0
0
0
0
0
0
0
0
0
0
0
0
0
0
0
0
1
0
0
0
0
0
0
0
0
0
0
0
0
0
0
0
0
0
0
0
0
0
0
0
0
0
0
0
0
0
1
0
0
0
0
0
0
0
0
0
0
0
0
0
0
0
0
0
0
0
0
0
1
0
0
0
0
0
0
0
0
0
0
0
0
0
0
0
0
0
0
0
0
0
0
0
0
0
0
0
0
0
0
0
0
0
0
0
0
0
0
0
0
0
0
0
0
0
0
0
0
0
0
0
0
0
0
0
0
0
0
0
0
0
0
1
0
0
0
1
0
0
0
0
0
0
0
0
0
0
0
0
0
0
0
0
0
0
0
0
0
0
0
0
0
0
0
0
0
0
0
0
0
0
0
0
0
0
0
0
0
0
0
0
0
0
0
0
0
0
0
0
0
0
0
0
0
0
0
0
1
0
0
1
0
0
0
0
0
0
0
0
0
0
0
1
0
0
0
1
0
0
0
0
0
0
0
0
0
0
0
0
0
0
0
0
0
0
1
0
0
0
0
0
0
0
0
0
0
0
0
0
0
0
0
0
0
0
0
0
0
0
0
0
0
0
0
0
0
0
0
0
0
0
0
0
0
0
1
0
0
0
0
0
0
0
0
0
0
0
0
0
0
0
0
0
0
0
0
0
0
0
0
0
0
0
0
0
0
0
0
0
0
0
0
0
0
0
0
0
1
0
0
0
0
0
0
0
0
0
0
0
0
0
0
0
0
0
0
0
0
0
0
0
0
0
0
0
0
0
0
0
0
0
0
0
0
0
0
0
0
0
0
0
0
0
1
0
0
0
0
0
0
0
0
1
0
0
0
0
0
0
0
0
0
0
0
1
0
0
0
0
0
0
0
0
0
0
0
0
0
0
0
0
0
0
0
0
0
0
0
0
0
0
0
1
0
0
0
0
0
1
0
0
0
0
0
0
0
0
0
0
0
0
0
0
0
0
0
0
0
0
0
0
0
0
0
0
0
0
0
0
0
0
0
0
0
0
1
0
0
0
0
0
0
0
0
0
0
0
0
0
0
0
0
0
0
0
0
0
0
0
0
0
0
0
0
0
0
0
0
0
0
0
0
0
0
0
0
0
0
0
0
0
0
0
0
0
0
0
0
0
0
0
0
0
0
0
0
0
0
0
0
0
0
0
0
0
0
0
0
0
0
0
0
0
0
0
0
0
0
0
1
0
0
0
0
0
0
0
0
0
0
0
0
0
0
0
0
0
0
0
0
0
0
0
0
0
0
0
0
0
0
0
0
0
0
0
0
0
0
0
0
0
0
0
0
0
0
0
0
0
0
0
0
0
0
0
0
0
0
0
0
0
0
0
0
0
0
0
0
0
0
0
0
0
0
0
0
0
0
0
0
0
0
0
0
0
0
0
0
0
0
0
0
0
0
0
0
0
0
0
0
0
0
0
0
0
0
0
0
0
0
0
0
0
0
0
0
0
0
0
0
0
0
0
0
0
0
0
0
0
0
0
0
0
0
0
0
0
0
0
0
0
0
0
0
0
0
0
0
0
1
0
0
0
0
0
0
0
0
0
0
0
0
0
0
0
0
0
0
0
0
0
0
0
0
0
0
0
0
0
0
0
0
0
0
0
0
0
0
0
0
0
0
0
0
0
0
0
0
0
0
0
0
0
0
0
0
0
0
0
0
0
0
0
0
0
0
0
0
0
0
0
0
0
0
0
0
0
0
0
0
0
0
0
0
0
0
0
0
0
0
0
0
0
0
0
0
0
0
0
0
0
0
0
0
0
0
0
0
0
0
0
0
0
0
0
0
0
0
0
0
0
0
0
0
0
0
0
0
0
0
0
0
0
0
0
0
0
0
0
0
0
0
0
0
0
0
0
0
0
0
0
0
0
0
0
0
0
0
0
0
0
0
0
0
0
0
0
0
0
0
0
0
0
0
0
0
0
0
0
0
0
0
0
0
0
0
0
0
0
0
0
0
0
0
0
0
0
0
0
0
0
0
0
0
0
0
0
0
0
0
0
0
0
0
0
0
0
0
0
0
0
0
0
0
0
0
0
0
0
0
0
0
0
0
0
0
0
0
0
0
0
0
0
0
0
0
1
0
0
0
0
0
0
0
0
0
0
0
0
0
0
0
0
0
0
0
0
0
0
0
0
0
0
0
0
0
0
0
0
0
0
0
0
0
0
0
0
0
0
0
0
0
0
0
0
0
0
0
0
0
0
0
0
0
0
0
0
0
0
0
0
0
0
0
0
0
0
0
0
0
0
0
0
0
0
0
0
0
0
0
0
0
0
0
0
0
0
0
0
0
0
0
0
0
0
0
0
0
0
0
0
0
0
0
0
0
0
0
0
0
0
0
0
0
0
0
0
0
0
0
0
0
0
0
0
0
0
0
0
0
0
0
0
0
0
0
0
0
0
0
0
0
0
0
0
0
0
0
0
0
0
0
0
0
0
0
0
0
0
0
0
0
0
0
0
0
0
0
0
0
0
0
0
0
0
0
0
0
0
0
0
0
0
0
0
0
0
0
0
0
0
0
0
0
0
0
0
0
0
0
0
0
0
0
0
0
0
0
0
0
0
0
0
0
0
0
0
0
0
0
0
0
0
0
0
0
0
0
0
0
0
0
0
0
0
0
0
0
0
0
0
0
0
0
0
0
0
0
0
0
0
0
0
0
0
0
0
0
0
0
0
0
0
0
0
0
0
0
0
0
0
