2141
38887
24998
2362
850
731
725
716
689
657
687
738
730
724
745
718
715
661
686
673
689
720
668
643
728
674
662
628
600
664
699
652
653
658
726
653
656
659
630
605
653
632
679
636
627
651
615
611
605
648
638
655
620
588
637
583
617
628
651
612
632
570
582
557
544
594
572
575
603
562
611
573
599
589
607
534
599
571
620
609
605
554
572
576
608
560
522
575
572
560
572
568
574
542
597
589
549
600
558
604
565
565
581
581
583
569
573
602
583
534
632
567
569
602
596
571
562
583
561
598
567
564
551
559
559
569
598
559
571
570
524
577
553
536
531
544
558
561
521
619
542
559
579
618
549
538
579
578
584
617
575
558
543
570
595
551
543
568
595
583
543
564
562
546
568
566
595
571
556
600
550
576
587
576
552
591
533
593
581
628
552
560
599
550
598
591
556
619
604
586
588
607
607
619
593
568
598
637
613
592
629
597
586
634
638
587
632
595
628
602
573
594
597
602
600
617
601
589
574
606
623
606
649
655
635
609
628
602
626
626
644
698
597
615
623
634
667
670
641
597
580
645
666
619
625
610
617
625
638
596
603
623
625
615
611
628
683
637
620
639
596
622
612
645
645
611
586
599
660
692
586
669
648
625
609
605
676
631
664
668
637
663
638
627
640
632
644
662
664
642
688
693
678
669
713
754
738
739
728
753
751
727
727
691
806
785
816
803
772
753
769
799
777
825
846
794
829
832
796
803
833
845
884
882
881
875
868
869
882
813
834
859
893
870
830
828
870
869
840
913
890
855
836
828
827
849
836
835
820
819
853
855
822
853
824
765
817
831
852
823
773
817
807
825
788
842
804
762
729
719
775
733
744
735
758
746
764
743
743
766
722
757
757
750
744
733
714
727
749
764
683
678
724
686
671
713
702
684
690
726
697
658
655
699
712
669
700
741
707
661
695
699
690
677
661
649
708
650
678
653
662
678
695
650
653
603
647
640
634
640
652
659
637
662
643
657
641
664
643
675
619
669
637
669
627
584
580
635
628
582
607
640
665
611
614
624
647
578
610
564
587
595
563
592
591
547
612
579
554
624
602
565
615
610
594
596
564
576
589
646
586
546
564
525
542
570
612
532
535
582
522
582
583
569
545
526
617
547
606
575
584
549
538
565
563
606
564
582
551
564
541
560
574
511
588
575
599
580
585
609
547
561
603
541
532
647
505
528
544
548
531
558
574
558
557
590
620
582
552
531
543
563
598
573
530
556
619
569
590
605
558
554
545
555
576
529
562
590
554
552
564
548
558
532
556
583
587
564
541
553
613
572
546
567
592
532
528
578
603
598
557
612
554
587
563
583
564
545
555
552
542
579
549
524
534
528
532
527
548
572
575
552
550
572
550
516
549
578
537
538
564
540
559
528
551
521
542
584
518
505
537
554
557
501
522
489
536
527
476
511
532
526
499
487
499
512
509
496
492
451
479
479
481
434
464
491
490
454
453
485
463
480
476
429
429
429
463
450
404
457
414
408
444
401
412
377
392
396
370
391
388
387
362
396
392
352
338
332
365
343
337
366
315
324
347
303
309
299
327
326
345
295
306
297
310
281
263
312
227
267
259
264
278
256
267
283
231
256
264
269
268
247
299
244
231
268
281
228
243
234
237
244
276
247
216
235
239
226
252
243
230
235
216
228
219
209
221
231
233
221
223
228
222
215
190
218
222
222
220
236
236
230
208
244
198
209
238
212
216
217
196
206
204
215
228
222
210
235
223
209
199
207
230
201
198
223
210
207
206
217
215
236
244
235
230
219
218
211
230
249
195
250
236
219
230
245
215
225
227
238
235
247
242
244
246
246
245
253
244
270
248
260
282
243
287
263
312
289
269
276
303
347
286
293
320
318
308
328
326
311
321
313
370
336
374
360
361
385
354
380
385
403
391
394
391
444
441
397
428
492
480
461
499
453
461
465
469
517
501
498
530
541
525
581
585
597
557
592
635
611
634
638
664
683
709
695
711
681
790
755
796
828
821
848
852
896
929
961
1014
973
1017
1093
1064
1096
1161
1148
1230
1204
1266
1328
1338
1379
1420
1503
1464
1479
1551
1594
1702
1655
1741
1762
1776
1851
1893
1942
2015
2003
2099
2131
2183
2238
2180
2304
2339
2378
2454
2427
2417
2466
2530
2633
2682
2700
2523
2685
2590
2680
2693
2771
2767
2726
2822
2823
2855
2788
2825
2942
2801
2789
2764
2726
2752
2728
2822
2736
2742
2652
2664
2682
2595
2621
2507
2575
2465
2400
2452
2451
2319
2265
2243
2141
2065
2173
2019
1975
1967
1928
1958
1818
1751
1751
1680
1604
1546
1551
1566
1495
1408
1385
1289
1264
1197
1206
1207
1082
1069
997
971
938
879
885
842
802
754
697
754
689
625
634
564
553
554
521
546
491
435
444
415
404
403
366
351
355
312
314
298
296
286
277
255
304
240
220
212
226
215
205
196
198
224
167
171
176
175
193
166
179
161
163
153
159
149
166
174
159
133
160
139
159
130
172
168
132
149
139
155
150
132
153
132
138
152
119
147
144
151
147
147
137
121
139
162
172
152
129
144
157
138
135
138
137
148
151
153
121
149
154
160
134
120
117
142
139
137
139
151
146
142
133
131
143
155
132
134
131
142
145
138
137
125
166
141
155
107
151
128
133
130
125
162
139
144
155
133
139
127
151
129
142
142
128
143
145
132
132
128
125
117
128
131
139
143
132
132
124
126
137
131
139
121
149
127
145
129
139
142
131
127
125
130
149
126
146
121
144
131
139
132
141
120
147
143
128
157
124
145
150
159
136
146
132
123
140
143
113
125
134
128
143
122
143
139
124
110
149
126
132
129
126
130
138
122
115
142
134
123
140
123
112
134
136
131
114
138
125
140
134
115
123
115
113
133
117
123
124
129
144
137
137
118
130
117
125
135
108
115
129
141
115
112
128
123
118
133
143
121
121
123
141
129
139
120
122
126
131
133
123
122
149
116
130
129
126
127
114
100
136
123
127
118
123
125
104
129
132
122
116
132
110
115
124
136
118
132
113
138
118
133
119
98
122
111
138
143
142
143
134
133
106
120
109
146
123
122
150
119
124
140
129
113
133
122
116
109
123
139
117
127
119
122
135
126
131
117
110
126
109
130
138
120
110
109
107
123
110
115
114
128
120
107
126
97
126
136
136
141
106
116
114
128
117
122
105
140
122
105
133
119
117
119
126
124
115
119
119
106
159
120
109
116
109
118
128
118
99
137
112
133
112
121
123
128
107
111
126
110
126
125
122
118
119
134
124
115
121
126
120
99
108
123
130
121
116
117
113
129
120
117
124
119
119
137
118
129
119
132
134
129
133
132
118
120
128
125
127
128
119
119
116
112
112
117
128
115
127
121
147
117
128
122
123
125
116
121
126
103
112
128
134
129
117
134
107
109
114
131
103
102
114
114
113
105
123
124
127
126
109
119
123
118
124
133
135
135
111
133
106
122
135
131
131
125
127
122
126
114
115
141
123
136
150
134
103
128
137
134
126
121
108
145
118
129
135
126
127
125
143
114
118
127
131
115
134
127
124
118
133
114
137
129
122
107
132
133
124
134
124
110
141
109
136
143
129
122
133
107
128
124
118
117
153
140
150
141
138
143
136
130
118
128
126
139
121
136
117
139
150
115
133
124
166
135
142
133
119
150
143
159
161
132
134
146
132
137
125
127
135
143
156
145
138
130
131
158
145
150
159
131
135
140
139
151
132
125
147
137
130
135
128
138
123
155
131
127
144
166
152
138
152
121
130
122
153
138
160
128
146
136
136
144
133
121
129
142
157
148
159
148
159
130
135
131
144
143
134
146
137
160
144
136
159
132
107
129
154
158
135
125
137
123
144
141
138
133
128
130
156
149
126
136
105
122
151
130
134
143
137
114
120
140
135
125
126
125
152
135
105
105
127
119
143
152
136
132
95
128
117
112
122
129
113
98
115
100
111
128
112
107
143
103
95
102
97
128
110
96
108
92
109
96
100
121
97
84
82
97
77
97
85
100
78
75
75
84
77
69
75
80
70
71
53
61
76
56
73
39
59
58
48
55
46
60
54
52
48
48
52
41
46
48
33
43
49
34
48
27
43
32
42
34
29
30
24
23
30
29
23
27
27
27
29
23
30
22
24
26
29
32
26
19
18
20
27
14
23
19
16
18
26
17
24
24
20
11
19
20
22
18
15
19
23
15
28
21
22
24
21
26
20
26
20
15
24
21
27
24
28
28
31
39
38
29
33
34
42
33
28
37
32
28
27
43
44
45
52
45
59
52
46
52
53
61
86
65
45
60
50
69
73
85
74
83
82
81
98
106
96
84
124
114
105
116
123
110
116
115
137
127
154
149
142
147
152
172
161
178
190
179
186
210
218
216
231
250
217
219
218
245
255
227
238
270
288
277
277
277
253
304
304
249
298
300
277
301
302
330
295
314
287
324
337
293
294
329
305
303
316
322
308
357
340
327
318
335
339
313
308
286
277
290
261
280
275
263
259
260
245
245
266
236
244
229
239
226
226
183
206
203
188
207
161
167
173
182
181
138
140
133
127
134
112
135
144
115
102
77
82
63
93
75
79
79
63
63
55
33
59
57
49
38
50
37
31
30
32
41
25
30
23
18
10
13
17
15
14
17
17
13
8
11
8
14
6
11
14
7
3
7
6
6
2
4
2
5
4
1
2
4
1
1
2
4
4
1
1
3
3
2
0
1
1
3
3
2
2
2
1
0
3
4
4
1
1
1
3
1
1
2
0
3
1
1
1
4
1
1
0
3
3
2
3
4
3
2
1
2
2
0
2
3
2
3
3
1
2
2
4
4
1
2
2
4
1
1
1
0
4
7
4
2
0
2
1
2
0
3
2
1
1
3
1
0
1
4
1
4
2
2
4
1
1
3
0
2
1
3
0
3
3
2
0
0
3
0
0
1
2
0
1
2
0
1
3
1
2
1
2
0
1
1
1
1
1
0
1
0
3
2
1
2
0
1
1
1
0
2
1
2
1
3
0
1
2
1
0
0
2
1
0
1
2
1
1
3
0
1
2
0
3
1
0
1
1
1
1
0
0
4
0
3
1
0
0
0
0
1
3
2
0
0
1
1
1
1
0
0
1
1
0
1
1
1
0
0
0
0
0
0
2
0
1
2
0
0
0
1
0
0
0
1
0
1
0
0
1
0
0
1
1
0
1
1
2
0
0
1
1
0
1
0
0
0
0
1
0
0
1
1
0
0
0
0
1
0
1
0
1
1
2
1
2
0
2
1
1
0
2
0
1
0
1
1
1
1
2
1
0
3
1
1
0
1
1
1
1
1
2
3
2
2
0
3
3
3
2
1
3
4
0
0
1
3
2
2
0
3
3
2
2
3
1
2
1
1
1
3
0
2
1
2
1
5
3
1
1
2
3
1
4
1
3
1
1
1
3
1
1
1
2
1
2
1
1
3
1
0
1
1
1
0
1
0
0
0
0
0
0
1
1
2
0
1
2
1
0
0
0
0
0
0
0
0
0
0
0
0
0
0
0
0
0
0
0
0
0
0
1
0
0
0
0
0
0
1
1
0
0
0
0
0
0
1
0
0
0
0
0
0
0
0
0
0
0
0
0
0
0
0
0
0
0
0
0
1
0
0
0
0
0
0
0
1
0
0
0
0
0
0
0
0
0
0
0
0
0
0
0
0
0
0
0
0
0
0
0
0
0
0
0
0
0
0
0
0
0
0
0
0
0
0
0
0
0
0
0
0
0
0
0
0
0
0
0
0
0
0
0
0
0
0
0
0
0
0
0
0
0
0
0
0
0
0
0
0
0
0
0
0
0
0
0
0
0
0
0
0
0
0
0
0
0
1
0
0
0
0
0
0
0
0
0
0
1
0
0
0
0
0
0
0
0
0
0
0
0
1
0
0
0
0
0
0
0
0
0
0
0
0
0
0
0
0
0
0
0
0
0
0
0
0
0
0
1
0
0
0
0
0
0
0
0
0
0
0
0
0
0
0
0
0
0
0
0
0
0
0
0
1
0
0
0
0
0
0
0
0
0
0
0
0
0
0
0
0
0
0
0
0
0
0
0
0
0
0
0
0
0
0
0
0
0
0
0
0
0
0
0
0
0
0
0
0
1
0
0
0
0
0
0
0
0
0
0
0
0
0
0
0
0
1
0
0
0
0
0
0
0
0
0
0
0
0
0
0
0
0
0
0
0
0
0
0
0
0
0
0
0
0
0
0
0
0
0
0
0
0
0
0
0
0
0
0
1
0
0
0
0
0
0
0
0
0
0
0
0
0
0
1
0
0
0
0
0
0
0
0
0
0
0
0
0
0
0
0
0
0
0
0
0
1
0
0
0
0
0
0
0
0
0
0
0
0
0
0
0
0
0
0
0
0
0
0
0
0
0
0
0
0
0
0
0
0
0
0
0
0
0
0
0
0
0
0
0
0
0
0
0
0
0
1
0
0
0
0
0
0
0
0
0
0
0
0
0
0
0
0
0
0
0
0
0
0
0
0
0
0
0
0
0
0
0
0
0
0
0
0
0
0
0
0
0
0
0
0
0
0
0
0
0
0
0
0
0
0
0
0
0
1
0
0
1
0
0
0
0
0
0
0
0
0
0
0
0
0
0
0
0
0
0
0
0
0
0
0
0
0
0
0
0
0
0
0
0
0
0
0
0
0
0
0
0
0
1
0
0
0
0
0
0
0
0
0
1
0
0
0
0
0
0
0
0
0
0
0
0
0
0
0
0
0
0
0
0
0
0
0
0
0
0
0
0
0
0
0
0
0
0
0
0
0
0
0
0
0
0
0
0
0
0
0
0
0
0
0
0
0
0
0
0
0
0
0
0
0
0
0
0
0
0
0
0
0
0
0
0
0
0
0
0
0
0
0
0
1
0
0
0
0
0
0
0
0
0
0
0
0
0
0
0
0
0
0
0
0
0
0
0
0
0
0
0
0
0
0
0
0
0
0
0
0
0
0
0
0
0
0
0
0
0
0
0
0
0
0
0
0
0
0
0
0
0
0
0
0
0
0
0
0
0
0
0
0
0
0
0
0
0
0
0
0
1
0
0
0
0
0
0
0
0
0
0
0
0
0
0
0
0
0
0
0
0
1
0
0
0
0
0
0
0
0
0
0
1
0
0
0
0
0
0
0
0
0
0
0
0
0
0
0
1
0
0
0
0
0
1
0
0
0
0
0
0
0
0
0
0
0
0
0
0
0
0
0
0
0
0
0
0
0
0
0
0
0
0
0
0
0
0
0
0
0
0
0
0
0
0
0
0
0
0
0
0
0
0
0
0
0
0
0
0
0
0
0
0
0
0
0
0
0
1
0
0
0
0
0
0
0
0
0
0
0
0
0
0
0
0
0
0
0
0
0
0
0
0
0
0
1
0
0
0
0
0
0
0
0
0
0
0
0
0
0
0
0
0
0
0
0
0
0
0
0
0
0
0
0
0
0
0
0
0
0
0
0
0
0
0
0
1
0
0
0
0
0
0
0
0
0
0
0
0
0
0
0
0
0
0
0
0
0
0
0
0
0
0
0
0
0
0
0
0
0
0
0
0
0
0
0
0
0
0
0
0
0
0
0
0
0
1
0
0
0
0
0
0
0
0
0
0
0
0
0
0
0
0
0
0
0
0
0
0
0
0
0
0
0
0
0
0
0
0
0
0
0
0
0
0
0
0
0
0
1
0
0
0
0
0
0
0
0
0
0
0
0
0
0
0
0
0
0
0
0
0
0
0
0
0
0
0
1
0
0
0
0
0
0
0
0
0
0
1
0
0
0
0
0
0
0
1
0
0
0
0
0
0
0
0
0
1
0
0
0
0
1
0
0
0
0
0
0
0
0
0
0
0
0
0
0
0
0
0
1
0
0
0
0
0
0
0
0
0
0
0
0
0
0
0
0
0
0
0
0
0
0
0
0
0
0
0
0
0
0
0
0
0
0
0
0
0
0
0
0
0
1
0
0
0
0
0
0
0
0
0
0
0
0
0
0
0
0
0
0
0
0
0
0
0
0
0
0
0
0
0
0
0
0
0
0
0
0
0
0
0
0
0
0
0
0
0
0
0
0
0
0
0
0
0
0
0
0
1
0
0
0
0
0
0
0
0
0
0
0
0
0
0
0
0
1
0
0
0
0
0
0
0
0
0
0
0
0
0
0
0
0
0
0
0
0
0
0
0
0
0
0
0
0
0
0
0
0
0
0
0
0
0
0
0
0
0
0
0
0
0
0
0
0
0
0
0
0
0
0
0
1
0
0
0
0
0
0
0
0
0
0
0
0
0
0
0
0
0
0
0
0
0
0
0
0
0
0
0
0
0
0
0
0
0
0
0
0
0
0
0
0
1
0
0
0
0
0
0
0
0
0
0
0
0
0
0
0
0
0
0
0
0
0
0
0
0
0
0
0
0
0
0
0
0
0
0
0
0
0
0
0
0
0
0
0
0
0
0
0
0
0
0
0
0
0
0
0
0
0
0
0
0
0
0
0
0
0
0
0
0
0
0
0
0
0
0
0
0
0
0
0
0
0
0
0
0
0
0
0
0
0
0
0
0
0
0
0
0
0
0
0
0
0
0
0
0
0
0
0
0
0
0
0
0
0
0
0
0
0
0
0
0
0
0
0
0
0
0
0
0
0
0
0
0
0
0
0
0
0
0
0
0
0
0
0
0
0
0
0
0
0
0
0
0
0
0
0
0
0
0
0
0
0
0
0
0
0
0
0
0
0
0
0
0
0
0
0
0
0
0
0
0
0
0
0
0
0
0
0
0
0
0
0
0
0
0
0
0
0
0
0
0
0
0
0
0
0
0
0
0
0
0
0
0
0
0
0
0
0
0
0
0
0
0
0
0
0
0
0
0
0
0
0
0
0
0
0
0
0
0
0
0
0
0
0
0
0
0
0
0
0
0
0
0
0
0
0
0
0
0
0
0
0
0
0
0
0
0
0
0
0
0
0
0
0
0
0
0
0
0
0
0
0
0
0
0
0
0
0
0
0
0
0
0
0
0
0
0
0
0
0
0
0
0
0
0
0
0
0
0
0
0
0
0
0
0
0
0
0
0
0
0
0
0
0
0
0
0
0
0
0
0
0
0
0
0
0
0
0
0
0
0
0
0
0
0
0
0
0
0
0
0
0
0
0
0
0
0
0
0
0
0
0
0
0
0
0
0
0
0
0
0
0
0
0
0
0
0
0
0
0
0
0
0
0
0
0
0
0
0
0
0
0
0
0
0
0
0
0
0
0
0
0
0
0
0
0
0
0
0
0
0
0
0
0
0
0
0
0
0
0
0
0
0
0
0
0
0
0
0
0
0
0
0
0
0
0
0
0
0
0
0
0
