0
0
0
0
0
0
0
0
0
0
18738
25667
25376
25413
25235
25187
24858
24899
24939
24587
24346
24525
23967
24304
24006
24251
24197
24369
24055
23832
23855
23728
23772
23789
23745
23969
23579
23656
23683
23297
23629
23460
23368
23513
23468
23095
23266
22858
23428
23201
23074
22939
22759
22881
22605
22680
22733
22859
22822
22671
22910
22684
22588
22563
22399
22465
22306
22335
22097
22293
22248
22249
22122
21866
22130
21928
21867
21577
21773
21905
21496
21779
21578
21548
21662
21334
21756
21381
21372
21377
21423
21046
21228
21282
20976
21186
21441
20972
21019
21109
20918
20983
21083
20913
20674
20930
20516
20703
20638
20454
20648
20825
20381
20758
20395
20280
20317
20188
20493
20344
20081
20244
20230
20271
20112
20132
20292
20039
19690
19921
19934
19968
19937
19934
19780
19557
19859
19703
19505
19686
19691
19887
19175
19444
19341
19358
19252
19314
19133
19440
19209
18972
19265
19135
19006
19116
19103
18865
18977
18845
18915
18745
18874
19015
18588
18696
18719
18539
18921
18612
18367
18471
18320
18326
18429
18624
18188
18380
18024
18318
18094
18442
18233
18272
17999
18006
17857
18150
18051
17834
18077
18002
17756
17519
17850
17986
17588
17515
17667
17614
17641
17287
17656
17440
17480
17537
17229
17425
17307
17323
17231
17250
17454
17023
17028
17263
17053
16863
16991
17045
17125
16940
17029
16960
16800
16765
16997
16906
16486
16933
16606
16561
16702
16528
16528
16472
16529
16279
16325
16487
16208
16395
16406
16255
16452
16123
16149
16080
16248
16167
16215
16203
16119
16112
15890
15716
16004
15816
15961
16138
15678
15828
15758
15593
15796
15830
15612
15446
15692
15763
15560
15227
15485
15321
15487
15191
15432
15610
15259
15122
15282
15098
15156
15347
15298
15029
15095
15099
14837
15011
14991
14979
15075
14929
14833
14752
14818
14739
14673
15035
14797
14790
14766
14504
14549
14819
14327
14731
14497
14354
14496
14391
14520
14452
14440
14478
14438
14488
14362
14345
14132
14239
14202
14270
14444
13947
14034
14210
13907
14077
13916
13833
13963
13877
13873
13999
13888
13900
13604
13644
13623
13887
13579
13598
13662
13558
13529
13275
13489
13478
13536
13356
13246
13364
13205
13609
13255
13297
13181
13329
13072
13165
13430
13141
13253
13034
13141
13224
12882
13058
13146
12944
13043
12940
12756
12998
13099
12892
12955
12751
12590
12763
12885
12625
12776
12917
12686
12820
12837
12567
12661
12202
12431
12541
12455
12343
12552
12468
12302
12293
12294
12571
12301
12219
12134
12187
12082
12207
12193
11943
12026
12138
12002
12144
12117
11984
11886
11997
12033
12162
11749
12185
11958
11927
11988
11826
11962
11713
11752
11635
11505
11708
11627
11654
11670
11675
11594
11488
11578
11422
11353
11407
11475
11509
11411
11271
11316
11355
11407
11215
11065
11038
11193
11177
11075
11318
11358
11090
11125
11058
11112
10925
11059
11328
11071
11205
11015
10859
10849
10880
10844
10960
10930
10889
10923
10682
10711
10851
10851
10830
10627
10639
10652
10883
10616
10632
10583
10624
10679
10728
10260
10544
10579
10475
10370
10542
10226
10494
10480
10506
10432
10335
10257
10348
10331
10242
10270
10281
9987
10260
10131
9977
10073
10138
9989
10132
10151
10041
9936
10120
9743
9988
10045
10075
9940
10122
9830
9878
9795
9723
9848
9808
9730
9747
9735
9697
9772
9665
9637
9722
9557
9713
9456
9440
9411
9588
9351
9557
9330
9583
9561
9341
9428
9443
9337
9293
9198
9122
9503
9221
9293
9383
9286
9242
9218
9175
8909
9351
9150
8891
9063
9133
8926
8891
9201
9082
8983
9208
9168
8907
8859
9048
9008
8999
8877
8833
8901
8817
8999
8663
8917
8831
8747
8803
8848
8694
8711
8725
8793
8678
8635
8601
8517
8677
8424
8564
8627
8508
8510
8485
8571
8618
8377
8469
8423
8424
8376
8451
8489
8450
8353
8458
8163
8217
8230
8328
8264
8291
8319
8175
8064
8140
8102
8147
8239
8174
7943
8058
8189
8110
8009
7970
8043
8100
7835
7945
7982
7878
7949
8049
8053
7935
8016
7930
7884
7754
7826
7836
7712
7925
7830
7748
7725
7799
7744
7641
7660
7753
7678
7589
7720
7653
7700
7478
7650
7440
7595
7568
7582
7607
7574
7618
7351
7263
7424
7496
7415
7258
7449
7401
7456
7380
7470
7348
7363
7273
7260
7339
7121
7290
7321
7300
7361
7069
7220
7230
7112
7088
7119
7108
7108
7222
7138
7061
6981
7131
7142
6991
7078
7099
7010
6937
6942
6897
6909
6908
7010
7059
6852
6900
6879
7001
6917
6942
6912
6878
6822
6773
6830
6740
6950
7012
6808
6581
6659
6730
6587
6689
6725
6844
6598
6549
6629
6695
6552
6554
6492
6465
6574
6599
6428
6512
6537
6505
6524
6519
6578
6341
6549
6450
6441
6341
6318
6416
6409
6325
6311
6343
6175
6330
6328
6311
6188
6229
6384
6247
6209
6275
6142
6231
6217
6169
6241
6054
6058
5994
6060
6097
6220
6084
5979
5976
6037
5948
6069
6031
6019
5964
5923
6036
5964
6124
5954
5968
6033
5828
5954
5995
5797
5866
5862
5843
5779
5786
5898
5778
5807
5783
5835
5775
5777
5776
5820
5725
5642
5575
5669
5645
5697
5735
5731
5642
5616
5601
5741
5791
5677
5710
5670
5534
5631
5555
5396
5556
5447
5491
5473
5463
5375
5492
5484
5506
5447
5483
5385
5404
5352
5370
5427
5318
5284
5508
5372
5500
5254
5279
5211
5295
5287
5315
5396
5262
5205
5260
5206
5198
5234
5240
5132
5104
5396
5185
5213
5211
5213
5211
5083
5230
5035
5195
5156
5089
5004
5042
5027
4999
5162
4994
4954
5108
5098
5047
4848
4965
4918
5019
5038
4878
4962
5002
5013
4827
4897
4856
5019
4925
4895
4995
4877
4728
4818
4798
4968
4830
4751
4708
4861
4625
4727
4656
4787
4703
4762
4706
4670
4614
4745
4679
4680
4749
4667
4728
4692
4659
4778
4623
4630
4731
4658
4640
4471
4566
4551
4566
4387
4472
4538
4578
4436
4510
4516
4363
4447
4443
4397
4521
4547
4571
4370
4366
4406
4355
4440
4402
4452
4417
4374
4295
4350
4447
4394
4387
4325
4232
4335
4265
4351
4129
4246
4215
4313
4274
4222
4399
4221
4133
4076
4283
4173
4100
4168
4227
4300
4148
4243
4130
4167
4234
4152
4125
4174
4082
4209
4067
4066
4166
4300
4108
4071
4011
4078
3941
3912
4060
3810
3997
4004
3929
3978
3893
3975
3929
4003
3981
3988
3938
3939
3947
3866
3877
3943
3851
3885
3876
3810
3868
3868
3869
3906
3888
3827
3920
3888
3758
3809
3805
3855
3788
3782
3732
3750
3776
3673
3804
3742
3662
3678
3751
3633
3636
3656
3560
3704
3647
3623
3669
3551
3816
3663
3497
3704
3484
3572
3611
3625
3700
3570
3550
3597
3594
3522
3529
3530
3549
3581
3504
3440
3579
3562
3434
3504
3447
3502
3420
3516
3411
3366
3420
3532
3550
3430
3426
3350
3440
3397
3461
3439
3426
3436
3343
3511
3348
3415
3234
3296
3427
3353
3182
3319
3367
3258
3219
3254
3334
3341
3186
3292
3372
3248
3267
3301
3319
3235
3235
3258
3292
3265
3255
3306
3197
3254
3208
3167
3257
3198
3174
3171
3139
3088
3209
3165
3248
3278
3080
3092
3051
3046
3050
3122
3176
3180
3154
3072
2985
2986
3040
3131
2941
3104
3142
3025
3017
2928
3085
3013
2920
2919
2915
2957
2943
2966
2963
3046
2972
2968
2931
2899
2924
3022
2992
2920
2853
2910
2873
2913
2960
2860
2923
2941
2875
2779
2860
2880
2885
2892
2769
2865
2855
2762
2914
2846
2835
2806
2794
2816
2828
2812
2813
2759
2760
2766
2781
2788
2726
2768
2757
2816
2794
2750
2757
2673
2709
2689
2745
2715
2707
2878
2707
2675
2759
2652
2726
2646
2620
2690
2603
2740
2689
2659
2638
2685
2664
2686
2665
2652
2631
2627
2695
2626
2558
2552
2622
2498
2574
2626
2589
2549
2592
2514
2555
2490
2529
2484
2483
2579
2521
2545
2541
2532
2498
2583
2582
2559
2531
2465
2540
2425
2485
2486
2482
2497
2392
2500
2442
2419
2479
2492
2439
2387
2389
2425
2455
2457
2396
2445
2322
2365
2432
2441
2331
2399
2395
2392
2347
2351
2293
2362
2385
2381
2336
2388
2380
2276
2345
2405
2266
2293
2417
2186
2309
2328
2267
2273
2332
2228
2296
2309
2225
2232
2196
2259
2320
2165
2256
2219
2304
2184
2229
2169
2167
2262
2180
2200
2145
2200
2118
2226
2118
2201
2211
2222
2246
2177
2125
2195
2145
2177
2193
2197
2235
2222
2180
2164
2108
2090
2094
2096
2114
2069
2142
2117
2072
2072
1991
2050
2081
2095
2029
2098
2016
2043
2085
2039
2067
2060
1980
2033
2030
1972
1989
2038
2004
2018
2049
1979
1997
2006
1995
1984
1994
1997
1973
1978
1922
1953
1914
1983
1981
1962
1963
1960
1957
1875
1894
1968
1968
2003
1947
1947
1889
1881
1936
1913
1840
1928
1986
1913
1882
1909
1907
1901
1829
1846
1893
1821
1872
1896
1842
1873
1871
1860
1827
1825
1885
1851
1823
1878
1818
1886
1837
1819
1900
1854
1810
1876
1780
1788
1799
1824
1860
1855
1799
1817
1711
1743
1812
1755
1745
1779
1759
1784
1708
1759
1724
1757
1698
1723
1704
1682
1738
1759
1711
1742
1709
1763
1674
1714
1729
1727
1663
1680
1698
1739
1756
1712
1682
1660
1697
1646
1692
1678
1660
1713
1670
1628
1790
1635
1653
1703
1696
1655
1664
1595
1659
1703
1662
1669
1619
1564
1624
1549
1599
1583
1568
1592
1579
1542
1572
1637
1596
1621
1584
1537
1559
1545
1576
1514
1567
1656
1598
1513
1505
1527
1577
1484
1547
1493
1497
1536
1533
1603
1538
1592
1574
1497
1557
1495
1493
1565
1566
1422
1601
1504
1524
1492
1436
1486
1474
1447
1458
1497
1500
1493
1445
1341
1467
1429
1363
1574
1414
1516
1404
1463
1421
1368
1416
1469
1387
1480
1410
1459
1430
1483
1364
1458
1403
1392
1405
1434
1394
1459
1427
1376
1403
1375
1383
1369
1389
1414
1401
1278
1370
1381
1344
1272
1308
1385
1353
1380
1369
1359
1381
1358
1398
1375
1390
1318
1328
1278
1332
1324
1343
1392
1354
1335
1251
1288
1328
1315
1378
1322
1353
1248
1315
1298
1363
1336
1262
1301
1260
1335
1292
1308
1306
1248
1334
1212
1225
1265
1244
1311
1207
1242
1206
1235
1241
1230
1215
1191
1246
1250
1274
1252
1215
1227
1253
1182
1276
1190
1258
1256
1225
1288
1160
1129
1205
1228
1239
1189
1269
1156
1198
1176
1216
1197
1098
1188
1112
1145
1203
1129
1151
1165
1157
1128
1151
1156
1179
1150
1137
1120
1134
1134
1134
1130
1202
1155
1113
1095
1133
1151
1089
1101
1063
1157
1066
1149
1137
1104
1099
1074
1089
1095
1150
1082
1062
1120
1063
1076
1104
1103
1068
1136
1049
1084
1082
1071
1026
1029
1052
1052
1103
1091
1130
1069
1090
1011
993
1009
1045
1098
1105
1004
1040
1058
1049
1048
1081
1052
999
1018
1032
1021
1010
1038
987
1076
1044
1033
1048
989
995
1005
987
956
1012
1012
978
1045
983
947
1064
999
956
990
948
1013
974
955
1002
1024
946
969
984
973
988
1003
994
1030
982
995
932
960
965
936
965
1045
907
912
944
959
1004
1008
965
905
944
924
942
951
922
932
932
929
933
889
926
933
968
879
895
920
855
932
836
926
947
871
894
895
913
874
909
859
885
902
864
926
889
879
896
920
889
847
882
875
911
866
855
896
883
858
863
884
916
859
934
824
878
842
848
830
874
862
874
818
852
810
863
824
809
789
849
849
873
874
893
871
793
804
777
815
794
802
852
783
817
812
848
822
815
831
779
801
846
812
838
818
855
763
800
829
780
730
814
754
756
811
799
824
770
811
792
772
769
821
801
763
779
777
748
773
745
713
743
784
748
755
743
807
767
772
749
794
761
774
756
747
732
717
723
727
732
721
767
767
742
745
737
791
724
679
697
698
665
738
743
747
744
700
734
691
719
696
732
661
697
767
745
697
742
680
732
612
712
669
709
668
720
682
655
683
682
630
700
694
716
687
707
652
674
638
693
668
721
694
677
685
686
659
597
667
697
675
662
691
695
687
683
650
644
678
623
693
626
642
618
652
677
606
644
683
642
648
651
650
658
614
609
623
626
671
621
671
602
639
614
626
591
572
625
623
615
627
575
638
567
657
657
630
632
570
553
601
588
585
665
612
597
635
584
645
572
606
576
563
657
599
598
569
576
646
593
561
622
622
597
599
605
607
571
581
578
596
542
550
529
549
622
613
559
566
524
583
593
584
544
543
513
587
542
542
512
538
558
534
555
560
522
536
565
589
529
538
538
510
517
597
555
494
561
577
537
552
562
506
520
511
536
535
528
544
542
545
508
511
533
521
518
534
530
514
480
489
478
535
508
490
472
517
507
509
508
495
490
513
463
526
504
501
505
567
551
496
481
522
486
499
510
508
516
507
542
484
515
498
483
477
478
478
465
508
441
486
475
518
504
463
460
489
477
459
497
463
500
491
455
496
495
460
480
449
438
458
443
439
438
459
479
470
456
458
493
432
482
456
494
443
484
433
421
419
436
462
490
432
418
453
451
424
480
451
432
487
387
462
451
412
444
484
425
472
406
496
422
399
426
446
451
452
459
436
428
460
423
451
426
449
434
470
411
438
430
413
423
428
404
410
427
428
423
359
435
401
385
407
384
377
460
389
451
431
410
411
362
385
422
386
417
371
408
390
421
403
406
397
390
377
407
317
396
397
387
388
355
371
405
398
374
412
407
371
369
366
342
346
352
362
421
350
377
405
364
389
386
380
378
343
337
327
338
347
385
384
366
379
371
402
410
369
348
385
349
391
341
354
342
370
355
334
358
356
384
374
360
368
335
380
360
344
348
365
341
335
360
305
343
357
352
360
353
368
368
325
335
352
338
347
360
333
328
338
327
368
362
342
336
319
331
311
331
346
316
326
345
317
357
291
323
310
314
346
356
304
358
301
306
309
322
310
330
297
338
309
328
334
313
298
341
300
307
282
310
345
297
310
327
292
317
286
331
309
321
317
322
321
303
280
330
324
292
298
297
294
288
285
308
305
317
326
291
305
312
267
290
319
270
293
325
242
308
284
310
284
297
274
316
284
277
302
307
271
306
289
277
308
313
314
261
289
309
297
301
255
280
313
282
294
250
265
280
267
279
278
312
275
274
294
275
256
280
261
282
271
246
264
280
292
272
244
267
289
256
260
282
256
283
269
264
273
269
270
285
264
257
257
270
284
266
251
249
273
252
264
290
267
279
270
273
246
263
267
268
248
251
285
283
234
241
250
262
236
266
236
261
263
235
258
256
289
251
264
241
235
257
264
257
257
264
230
242
238
245
252
230
249
252
268
228
212
259
241
236
257
241
240
226
227
229
212
243
228
239
230
220
235
231
240
227
223
207
193
228
228
198
235
234
212
239
216
235
226
227
240
244
224
231
219
235
242
200
225
223
194
245
213
203
215
219
188
241
212
213
231
229
231
231
231
207
235
230
200
214
198
203
204
215
185
183
214
187
184
213
204
204
192
222
225
190
209
202
195
219
203
208
238
217
220
220
212
223
180
177
195
202
203
199
214
230
202
192
204
189
191
202
176
220
190
181
184
195
199
211
199
201
204
194
164
179
201
189
209
210
199
169
190
173
198
214
188
184
197
197
203
182
175
179
194
170
176
187
184
172
160
163
177
178
202
199
187
189
202
182
191
190
185
193
180
170
171
174
169
196
199
184
184
189
177
177
173
203
172
188
169
191
187
184
184
174
172
178
167
170
148
176
168
162
166
187
185
177
172
157
175
178
183
178
172
142
176
169
173
163
179
160
177
186
169
168
161
148
151
154
152
152
143
167
166
161
170
166
177
165
123
155
155
148
133
170
144
157
169
141
151
145
141
153
184
166
165
165
151
160
160
160
155
148
142
147
148
164
169
149
164
148
172
140
153
167
152
132
149
167
152
131
141
180
167
163
121
134
145
148
138
160
150
150
172
166
135
129
151
140
134
126
126
162
139
138
147
140
116
156
152
134
128
157
137
135
146
125
151
162
149
143
147
156
129
143
166
146
166
121
132
137
134
133
156
147
128
136
138
143
129
151
129
128
125
131
135
123
131
131
123
130
123
115
117
159
142
135
139
123
136
121
133
123
121
141
127
118
144
166
139
115
133
117
162
130
116
118
105
124
133
132
130
130
105
124
130
105
136
124
118
120
109
125
128
138
123
124
114
134
124
117
134
125
126
132
124
133
139
135
101
111
129
151
105
137
146
122
131
115
115
119
124
105
114
106
123
123
130
118
113
107
103
110
119
122
128
115
135
129
113
95
108
113
136
104
119
116
122
101
96
123
131
98
128
104
114
106
102
104
105
100
92
99
113
98
102
109
101
101
116
113
120
105
98
126
98
130
105
110
106
106
94
119
118
96
105
105
100
101
91
92
105
112
100
113
92
122
103
106
105
113
101
111
106
111
100
89
99
99
89
97
97
108
94
92
86
99
104
113
103
75
106
93
91
89
99
108
101
91
97
91
111
101
90
86
98
103
88
100
99
96
103
83
95
101
96
100
106
101
104
93
95
88
94
69
91
105
79
94
89
85
97
103
88
100
100
93
86
79
94
115
95
104
88
89
75
81
83
82
85
86
105
77
80
104
97
66
79
98
84
87
76
98
88
79
89
101
96
98
78
99
62
69
89
88
82
83
97
81
83
77
80
74
67
107
86
72
92
68
72
75
77
87
81
92
81
90
90
88
76
96
82
85
86
84
90
72
77
88
66
88
79
79
86
80
71
58
82
86
78
74
82
85
95
88
99
77
72
75
65
76
69
78
76
72
73
56
83
79
66
84
81
67
59
95
79
72
77
72
70
67
74
68
64
67
62
62
82
67
67
70
75
76
66
87
79
88
73
75
81
68
82
77
72
69
57
75
60
74
62
66
70
75
74
79
54
59
75
68
64
66
84
76
76
74
73
73
68
53
69
76
69
67
71
68
69
70
78
67
65
74
59
67
55
63
59
64
64
70
48
65
60
65
63
82
64
63
48
59
75
67
82
52
69
65
71
88
69
61
56
62
68
64
55
70
53
45
60
49
58
59
66
61
45
56
49
53
57
44
62
64
46
60
53
55
72
61
69
56
62
61
39
74
54
62
66
53
62
72
71
59
63
62
47
57
69
65
63
64
70
62
53
44
47
54
57
38
56
70
54
58
51
60
60
42
49
57
53
51
49
49
53
54
67
46
58
62
59
61
57
60
52
57
49
46
54
50
48
53
47
54
57
49
44
61
48
56
65
40
47
49
59
34
45
53
65
65
56
49
58
58
60
48
62
51
52
55
58
44
51
46
55
68
48
68
53
48
46
44
49
44
53
41
49
33
43
54
51
40
59
50
41
60
52
39
41
42
53
45
57
35
55
50
39
44
54
53
56
54
57
50
39
52
47
59
37
67
40
41
47
40
38
59
59
45
43
45
44
52
46
39
43
45
36
42
47
47
36
48
36
51
43
49
33
46
47
48
49
48
48
40
45
46
45
47
38
42
54
33
39
43
47
45
36
47
42
30
49
44
43
49
49
53
38
42
42
46
40
37
49
47
42
37
50
40
40
34
34
50
47
38
42
38
37
48
50
39
35
41
38
37
43
40
40
54
54
39
45
40
37
36
35
48
38
38
40
49
46
36
48
41
40
38
39
39
28
36
42
40
47
40
46
42
40
35
31
36
47
46
48
32
42
44
32
55
29
41
30
34
44
31
35
29
34
35
32
33
34
44
34
38
33
36
40
27
35
32
44
36
47
40
27
32
37
34
21
38
37
33
25
25
41
35
32
49
33
26
35
41
28
38
32
30
35
27
37
39
22
44
28
28
34
39
31
43
37
29
28
33
33
28
42
26
25
34
32
34
24
31
47
27
28
31
26
29
29
31
31
41
41
39
27
36
28
29
30
23
29
34
27
31
32
34
32
26
35
32
33
26
36
26
20
35
24
32
29
29
29
31
33
32
29
40
37
23
21
24
31
33
36
17
32
31
23
42
35
27
28
32
37
34
24
28
29
33
17
33
31
21
27
30
32
30
27
25
33
30
26
22
30
34
28
26
36
30
36
30
30
42
26
31
34
25
39
25
30
32
18
19
32
18
32
22
30
28
23
22
18
17
22
23
29
26
37
26
24
20
21
30
22
27
20
29
26
23
27
26
25
21
34
28
26
30
25
24
17
18
28
41
26
34
30
22
30
18
26
29
19
25
31
25
15
29
26
27
24
22
28
24
19
34
20
22
37
20
19
25
30
24
20
17
24
23
29
22
24
19
20
26
26
19
21
20
19
20
26
20
24
26
14
20
20
22
25
25
26
22
18
23
24
19
26
18
22
20
31
16
26
19
22
18
23
21
23
22
28
16
24
26
19
17
22
20
25
18
15
19
25
18
14
21
17
23
28
27
25
26
21
22
18
25
23
15
19
21
23
26
18
25
18
23
25
21
15
26
19
26
14
16
15
22
25
14
17
18
20
20
10
18
12
23
27
15
18
22
24
16
23
23
11
20
21
22
15
19
26
19
23
18
16
28
18
13
19
16
26
17
19
16
28
23
21
9
22
24
16
16
20
10
20
12
25
14
17
11
24
15
17
17
18
23
24
18
14
13
15
18
18
25
16
23
24
17
24
22
17
22
21
16
21
24
18
21
19
25
13
18
18
10
18
17
16
15
19
16
9
14
19
21
17
29
10
19
18
17
14
11
21
16
17
17
21
16
17
10
17
12
20
16
11
13
14
20
18
15
15
13
9
22
14
20
18
15
21
16
17
18
12
20
21
18
18
14
21
13
13
21
25
14
19
14
17
22
15
22
16
9
10
21
18
15
14
16
22
14
12
16
12
14
20
9
13
18
14
5
12
13
19
10
25
20
19
17
13
10
15
12
14
9
14
15
11
10
9
19
23
14
13
13
25
10
19
14
15
13
10
14
15
13
14
13
9
16
12
22
7
8
24
13
13
17
15
15
17
15
12
12
15
16
16
14
11
11
10
13
14
21
18
11
8
12
12
15
12
15
13
9
15
9
10
15
18
8
6
7
12
12
8
13
19
18
16
12
16
10
15
13
16
3
12
9
13
14
10
9
15
11
13
14
15
6
12
15
7
12
11
12
14
7
9
9
17
14
7
15
17
7
7
11
7
11
14
15
17
13
11
12
17
10
14
11
9
9
10
10
16
12
14
16
16
12
10
18
13
11
18
14
10
14
12
8
6
9
14
16
10
9
17
14
9
17
11
15
8
12
6
11
11
14
6
14
10
11
10
11
12
9
15
12
8
11
13
11
7
8
8
13
12
11
2
11
11
15
10
14
13
12
13
7
15
11
11
7
5
7
13
14
11
13
8
12
9
6
6
8
11
12
5
11
13
9
16
6
12
16
19
6
18
11
8
8
9
13
8
10
11
18
7
4
7
9
12
13
19
7
7
7
11
9
11
7
7
6
7
7
8
12
9
16
11
20
7
9
12
12
14
9
12
9
11
7
10
9
12
10
10
8
11
14
9
11
11
11
12
7
11
8
11
8
3
6
8
17
7
8
10
10
16
7
13
13
14
3
10
12
10
10
5
6
11
9
8
7
5
7
7
7
6
10
9
12
8
8
11
3
9
9
6
9
4
10
8
14
4
10
14
7
14
9
6
10
10
9
9
7
12
8
10
4
9
8
5
4
7
9
6
13
4
5
6
6
6
10
4
4
4
5
10
2
8
8
10
7
11
9
14
7
7
9
8
9
12
7
12
6
6
5
6
8
8
7
10
6
6
8
6
10
7
8
11
6
6
8
6
2
8
7
5
3
2
4
4
9
9
7
5
8
12
7
12
7
9
5
9
8
4
8
9
5
12
11
15
3
9
10
5
5
11
4
2
15
5
7
10
7
11
10
4
9
3
4
5
8
4
6
5
6
8
7
7
8
3
3
13
10
5
8
6
4
8
7
6
11
3
4
5
7
7
7
5
11
10
6
5
6
9
9
6
11
3
7
2
8
6
2
8
6
9
9
6
5
3
11
7
10
7
5
7
5
2
8
5
9
9
7
8
10
8
5
5
9
7
5
4
9
2
8
5
8
6
4
11
5
5
6
10
4
3
6
8
5
11
6
7
5
5
8
11
9
3
6
2
9
2
4
6
5
5
7
6
4
4
3
8
5
8
4
4
4
13
6
5
7
6
1
7
2
13
5
3
6
10
6
5
0
5
7
6
9
6
4
10
10
3
5
5
7
9
7
3
2
1
6
9
3
5
6
5
4
12
3
6
8
6
2
6
7
1
8
10
8
3
6
7
6
6
3
4
9
4
4
3
1
2
2
6
3
5
8
6
5
1
1
9
8
7
6
4
5
7
4
3
4
3
9
4
6
6
3
4
4
13
8
6
6
7
5
5
3
3
6
5
6
5
4
3
5
7
3
4
7
5
8
4
8
5
3
3
3
2
4
5
2
6
3
5
4
4
9
4
6
2
3
4
4
6
4
2
4
3
2
5
4
1
5
4
6
3
2
3
4
1
9
4
2
4
7
6
6
4
5
3
6
3
5
4
3
4
6
5
4
7
4
1
5
1
3
2
3
4
5
4
5
5
10
2
3
2
1
3
4
2
2
5
2
5
3
3
1
3
2
0
2
2
3
5
4
3
4
4
4
6
4
3
2
2
6
2
3
2
3
4
3
4
2
3
3
5
2
3
6
3
5
3
5
5
3
3
2
4
3
2
3
2
5
4
1
2
4
5
1
5
5
5
2
3
2
2
6
3
2
4
1
0
4
3
3
3
2
2
2
3
2
5
6
4
0
2
2
1
3
3
2
3
4
9
0
3
7
5
7
4
3
5
3
2
5
5
4
1
1
5
4
4
1
5
5
5
1
5
4
3
4
3
2
6
1
1
1
2
4
5
3
3
0
3
3
3
7
1
2
4
3
4
1
2
4
2
1
3
0
5
5
2
2
2
1
3
2
4
3
4
1
1
2
3
2
1
3
3
4
3
1
7
5
3
2
2
3
4
2
3
4
6
7
3
5
3
5
4
1
3
3
3
7
2
4
0
0
5
3
1
5
2
1
3
6
4
6
3
2
5
4
3
3
1
1
3
4
3
3
2
6
3
2
1
2
1
6
3
1
4
3
1
3
5
0
3
1
3
4
4
2
3
2
5
2
2
4
3
3
7
3
4
1
0
3
2
4
2
1
2
1
2
3
3
2
5
1
3
4
5
3
2
2
2
2
5
0
2
2
4
3
3
2
1
3
2
2
3
1
2
3
4
1
4
1
2
2
0
0
3
2
3
1
4
0
1
3
0
3
0
1
4
3
1
3
1
4
2
2
2
4
3
1
1
3
3
1
2
4
2
2
3
1
6
1
4
3
1
0
2
0
1
1
1
2
3
2
2
1
1
3
5
3
1
3
4
2
1
1
1
2
1
0
2
2
1
1
3
0
1
1
0
2
3
1
0
3
2
5
3
2
0
1
2
5
2
2
2
1
4
2
0
2
2
1
0
1
6
2
0
2
4
3
2
0
2
3
2
1
3
4
3
2
2
1
1
3
1
3
0
0
3
1
3
1
1
2
2
2
1
1
2
3
2
1
1
0
1
2
3
3
2
5
0
2
1
0
2
4
3
1
4
1
1
2
1
2
2
4
1
3
1
3
2
3
1
1
1
4
3
0
0
1
2
1
0
0
3
3
0
1
2
0
4
7
3
3
1
6
2
2
1
2
3
2
3
2
0
1
1
4
1
2
0
1
1
2
5
1
0
3
0
6
1
2
3
1
2
2
2
0
0
0
1
4
5
1
5
0
0
3
1
0
1
0
2
1
1
0
2
3
2
3
0
0
1
1
3
1
0
1
2
0
1
4
2
2
4
2
0
0
0
1
0
5
0
4
0
1
0
1
3
3
5
3
1
3
0
1
3
1
2
1
0
2
1
2
3
1
0
1
0
3
1
2
2
0
2
4
0
0
1
0
3
1
2
0
1
0
1
1
1
0
0
1
1
0
0
1
1
1
0
2
1
1
1
0
2
1
2
1
0
0
1
0
0
1
0
0
1
0
3
3
2
2
2
0
1
2
0
2
0
1
2
2
3
0
0
1
2
1
2
1
1
1
1
2
2
2
1
3
0
0
2
1
0
5
5
1
3
0
0
0
1
0
1
0
0
0
4
0
1
1
2
1
0
0
1
2
1
0
0
0
0
1
2
0
0
2
0
0
1
2
1
1
1
1
1
1
0
2
1
2
1
0
1
0
1
1
3
0
0
3
1
2
0
0
0
1
0
0
1
1
1
0
0
0
3
1
0
2
1
0
0
0
1
0
1
1
1
4
1
0
0
1
1
1
2
0
0
0
3
0
4
2
1
0
1
2
1
1
1
1
2
1
1
0
0
1
2
1
2
1
2
0
1
4
0
1
4
1
1
2
1
0
2
1
3
3
2
1
1
1
1
1
0
3
1
2
0
1
0
3
1
3
0
2
0
1
1
5
0
1
0
2
2
0
0
0
4
0
4
1
1
1
1
0
2
0
1
2
2
1
0
0
3
0
2
1
2
1
1
0
1
0
0
0
2
0
1
0
0
0
1
0
0
0
3
2
0
1
0
0
1
0
0
0
0
2
1
1
1
0
0
1
4
0
0
0
1
3
0
0
0
1
0
0
2
0
0
0
0
0
1
0
0
1
1
1
2
1
1
0
0
1
0
1
0
2
2
0
2
0
0
1
1
2
1
1
1
1
0
3
1
2
0
0
1
1
0
1
0
0
2
1
1
0
0
1
0
0
0
1
0
1
0
0
1
0
3
0
0
1
0
2
1
1
4
0
0
0
1
1
0
4
0
3
1
2
0
1
0
0
0
0
0
1
0
2
0
0
0
0
0
0
1
1
1
0
1
0
0
0
2
1
0
2
1
1
0
2
1
0
0
0
0
0
0
0
1
0
1
0
2
1
0
2
0
1
0
1
0
3
1
1
0
1
1
0
2
0
1
2
1
0
0
1
0
0
1
0
1
2
0
0
2
0
1
0
0
1
0
1
2
1
0
0
1
0
0
1
1
0
1
0
0
1
0
1
0
1
0
0
1
1
0
0
0
1
1
0
0
0
0
1
0
1
1
1
0
0
2
0
0
0
1
1
0
0
1
1
2
0
0
0
1
2
0
2
2
1
3
0
0
0
0
0
1
0
2
1
0
0
0
0
1
1
1
1
0
0
1
1
0
0
1
1
0
0
2
0
1
0
0
0
0
2
0
0
0
1
0
1
0
0
0
1
0
0
2
0
3
1
0
0
0
1
0
1
0
1
0
0
1
2
1
0
2
0
0
1
0
0
0
2
0
2
1
0
0
0
1
0
0
0
0
1
1
2
0
0
1
1
0
0
0
1
0
1
0
2
1
0
0
0
2
2
0
0
0
0
0
1
0
0
2
0
2
1
0
2
0
0
0
0
1
0
0
0
1
0
1
1
0
0
0
0
0
0
0
0
0
0
0
0
0
0
1
1
0
0
0
0
4
0
0
1
0
0
0
0
0
0
0
0
0
1
0
0
0
0
0
0
0
0
0
0
0
0
1
0
0
0
0
0
0
1
0
0
1
0
2
2
0
2
0
0
0
1
0
1
0
0
1
0
0
0
0
0
0
0
0
0
0
1
2
1
0
0
0
0
1
0
3
1
0
0
0
0
0
0
0
0
1
0
0
1
0
0
1
0
0
1
0
0
0
0
0
0
0
2
0
0
0
0
0
1
0
1
0
1
1
1
0
0
1
0
0
1
0
0
0
0
0
0
0
0
1
3
0
0
0
1
0
0
0
2
0
0
1
0
0
0
0
0
0
1
0
0
0
1
0
0
0
0
1
1
1
0
0
0
0
0
3
1
0
0
0
0
0
0
0
0
0
0
0
1
0
2
0
0
1
0
0
0
0
0
1
0
0
1
0
0
1
1
0
0
0
0
0
0
0
0
1
0
0
0
0
1
0
0
1
0
1
0
0
0
0
1
0
0
0
0
0
0
0
0
1
0
1
0
0
0
0
0
1
1
2
0
1
0
0
1
0
0
1
2
0
1
0
0
0
0
0
0
0
0
0
0
0
0
0
1
0
0
1
0
1
0
0
0
0
0
0
0
2
0
0
1
0
1
0
2
0
0
0
0
2
0
2
0
0
1
0
1
1
0
0
0
0
0
0
0
0
1
0
0
0
1
1
2
1
0
0
0
0
0
0
0
1
0
0
0
0
0
0
0
0
0
0
0
0
0
0
0
0
0
0
0
1
0
0
0
0
0
0
0
0
0
0
0
0
0
0
0
0
0
0
0
0
1
0
0
0
0
0
1
0
0
0
1
0
0
0
0
0
0
2
1
0
0
0
0
0
0
0
0
0
0
0
1
0
1
0
0
0
0
0
0
0
0
0
0
0
0
0
0
0
1
0
0
0
0
1
0
0
0
0
1
1
0
0
0
0
0
0
0
0
2
0
1
0
0
0
1
0
1
0
0
0
0
0
0
0
1
0
0
0
0
0
0
0
0
0
0
0
0
0
0
0
1
0
1
0
0
0
1
0
0
1
0
1
1
0
1
0
0
0
0
0
0
0
0
1
1
0
0
0
1
0
0
0
1
0
0
0
0
0
0
0
0
0
0
0
0
0
0
0
1
0
0
0
0
0
0
0
0
0
0
0
0
0
0
0
0
0
0
0
1
0
0
0
1
0
0
0
0
0
0
1
0
0
0
1
0
0
0
0
0
0
0
0
0
0
0
1
0
0
0
0
0
0
0
0
0
0
0
1
0
0
0
0
0
0
0
0
0
0
0
0
0
0
0
0
0
0
0
0
0
0
0
1
0
0
0
0
0
0
0
0
0
0
0
0
0
0
0
1
2
0
0
0
0
0
1
0
0
0
0
0
1
0
0
0
0
0
0
0
1
0
1
0
0
1
0
0
0
0
0
1
0
0
0
0
0
0
0
0
1
0
0
0
0
0
0
0
0
0
0
0
1
0
0
0
0
0
0
0
0
0
0
0
0
0
0
0
0
0
0
0
0
0
0
2
0
0
0
1
0
0
0
1
0
0
0
0
0
0
0
0
0
0
0
1
0
0
0
1
0
0
0
0
0
0
0
0
0
0
0
0
0
0
0
0
0
0
0
0
0
0
0
0
0
0
0
0
0
0
0
0
0
0
0
0
1
0
0
0
1
1
0
0
0
0
0
1
0
0
0
0
0
0
0
0
0
0
0
0
1
0
0
0
1
0
1
0
0
0
0
0
0
0
0
0
0
0
0
0
0
0
0
0
1
0
1
1
0
1
0
1
0
0
0
0
0
0
0
0
0
0
0
0
0
0
0
0
0
0
0
0
0
0
0
0
0
0
0
0
0
0
0
0
0
0
0
0
0
0
0
0
1
0
0
0
0
0
0
0
0
0
0
0
0
0
0
0
0
0
0
0
1
0
0
0
0
0
0
0
0
0
0
0
0
0
1
0
0
0
0
0
0
0
0
0
0
1
0
0
0
0
0
0
0
0
0
0
0
0
0
0
0
0
0
0
0
0
0
0
0
0
0
0
0
0
0
0
0
1
1
0
0
0
0
0
0
0
0
0
0
0
0
0
0
0
0
0
0
0
1
0
0
0
0
0
0
0
0
0
0
0
0
0
0
0
0
0
0
0
0
0
0
0
0
0
0
0
0
0
0
0
0
0
0
0
0
0
0
0
0
0
0
0
0
0
0
0
0
0
0
0
0
0
0
0
0
0
0
0
0
0
0
0
0
0
0
0
0
0
0
0
0
0
0
0
0
0
0
0
0
0
0
0
0
0
0
0
0
0
0
0
0
0
1
0
0
0
0
0
1
0
0
0
1
0
0
0
0
0
1
0
0
1
0
0
0
0
0
0
0
0
0
1
0
0
0
0
0
0
1
0
0
0
0
0
1
0
0
0
0
0
0
0
0
0
0
0
0
0
0
0
0
0
0
0
0
0
0
0
0
0
0
0
0
0
0
0
0
0
0
0
0
0
0
0
0
0
0
0
0
0
0
0
0
0
0
0
0
0
0
0
0
0
0
0
0
0
0
0
0
0
0
0
0
0
0
0
0
0
0
0
0
0
0
0
0
0
0
0
0
0
0
0
0
0
0
0
0
0
0
0
0
0
0
0
0
0
0
0
0
1
0
0
1
0
0
1
0
0
0
1
0
0
0
0
0
0
0
0
1
0
0
0
0
0
0
0
0
0
0
0
0
0
0
0
0
0
0
0
0
0
0
0
0
0
0
0
0
0
0
0
0
0
0
0
0
0
0
0
0
0
1
0
0
0
0
0
0
0
0
0
0
0
1
0
0
0
0
0
0
0
0
0
0
0
0
0
0
0
0
0
0
0
0
0
0
0
0
0
0
0
0
0
0
0
0
0
0
0
0
1
0
0
0
0
0
0
0
0
0
0
0
0
0
0
0
0
0
0
0
0
0
0
0
0
0
0
0
0
0
0
0
0
0
0
0
0
0
0
0
0
0
0
0
0
0
0
0
0
0
0
0
0
0
0
0
0
0
0
0
0
0
0
0
0
0
1
0
0
0
0
0
0
0
1
0
1
0
0
0
0
0
0
0
0
1
0
0
0
0
0
0
0
0
0
0
0
0
0
0
0
0
0
0
0
0
0
0
0
0
0
0
0
0
0
0
0
0
0
0
0
0
0
0
0
0
0
0
0
0
0
0
0
0
0
0
0
0
0
0
0
0
0
0
1
0
0
0
0
0
0
0
0
0
0
0
0
0
0
0
0
0
0
0
0
0
0
0
0
0
0
0
0
0
0
0
0
0
0
0
0
1
0
0
0
0
0
0
0
0
0
0
0
0
1
0
0
0
0
0
0
0
0
0
0
0
0
0
2
0
0
0
0
0
0
0
0
0
0
0
0
0
0
0
0
0
0
0
0
0
0
0
0
0
0
0
0
0
0
0
0
0
0
0
0
0
0
0
0
0
0
0
0
0
0
0
0
0
0
1
0
0
0
0
0
0
0
0
0
0
0
0
0
0
0
0
0
0
0
0
0
0
0
0
0
0
0
0
0
0
0
0
0
0
0
0
0
0
0
0
0
0
0
0
0
0
0
0
0
0
0
0
0
0
0
0
0
0
0
0
0
0
0
0
0
0
0
0
0
0
1
0
0
0
0
0
0
0
0
0
0
0
0
0
0
0
0
0
0
0
0
0
0
0
0
0
0
0
0
0
0
0
0
0
0
0
0
0
0
0
0
0
0
0
0
0
0
0
0
0
0
0
0
0
0
0
0
0
0
0
0
0
0
0
0
0
0
0
1
0
0
0
0
1
0
0
0
0
0
0
0
0
0
0
0
0
0
0
0
0
0
0
0
0
0
0
0
0
0
0
0
0
0
0
0
0
0
0
0
0
0
0
0
0
0
0
0
0
0
0
0
0
0
0
0
0
0
0
0
0
0
0
0
0
0
0
0
0
0
0
0
0
0
0
0
0
0
0
0
0
0
0
0
0
0
0
0
0
0
0
0
0
0
0
0
0
0
0
0
0
0
0
0
0
0
0
0
0
0
0
0
0
0
0
0
0
0
0
0
0
0
0
0
0
0
0
0
0
0
0
0
0
0
0
0
0
0
0
0
0
0
0
0
0
0
0
0
0
0
0
0
0
0
0
0
0
0
0
0
0
0
0
0
0
0
0
0
1
0
0
0
0
0
0
0
0
0
0
0
0
0
0
0
0
0
0
0
0
0
0
0
0
0
0
0
0
0
0
0
0
0
0
0
0
0
0
0
0
0
0
0
0
0
0
0
0
0
0
0
0
0
0
0
0
0
0
0
0
0
0
0
0
0
0
0
0
0
0
0
0
0
0
1
0
0
0
0
0
0
0
0
0
0
0
1
0
0
0
0
0
0
0
0
0
0
0
0
0
0
0
0
0
0
1
0
0
0
0
0
0
0
0
0
0
0
0
0
0
0
0
0
0
0
0
0
0
0
0
0
0
0
0
0
0
0
0
0
0
0
0
0
0
0
0
0
0
0
0
0
0
0
0
0
1
0
0
0
0
0
0
0
0
0
0
0
0
0
0
0
0
0
0
0
0
0
0
0
0
0
0
0
0
0
0
0
0
0
0
0
0
0
0
0
0
0
0
0
0
0
0
0
0
0
0
0
0
0
0
0
0
0
0
0
0
0
0
0
0
0
0
0
0
0
0
0
0
0
0
0
0
0
0
0
0
0
0
0
0
0
0
0
0
0
0
0
0
0
0
0
0
0
0
0
0
0
0
0
0
0
0
0
0
0
0
0
0
0
0
0
0
0
0
0
0
0
0
0
0
0
0
0
0
0
0
0
0
0
0
0
0
0
0
0
0
0
0
0
0
0
0
0
0
0
0
0
0
0
0
0
0
0
0
0
0
0
0
0
0
0
0
0
0
0
0
0
0
0
0
0
0
0
0
0
0
0
0
0
0
0
0
0
0
0
0
0
0
0
0
0
0
0
0
0
0
0
0
0
0
0
0
0
0
0
0
0
0
0
0
0
0
0
0
0
0
0
0
0
0
0
0
0
0
0
0
0
0
0
0
0
0
0
0
0
0
0
0
0
0
0
0
0
0
0
0
0
0
0
0
0
0
0
0
0
0
0
0
0
0
0
0
0
0
0
0
0
0
0
0
0
0
0
0
0
0
0
0
0
0
0
0
0
0
0
0
0
0
0
0
0
0
0
0
0
0
0
0
0
0
0
0
0
0
0
0
0
0
0
0
0
0
0
0
0
0
0
0
0
0
0
0
0
0
0
0
0
0
0
0
0
0
0
0
0
0
0
0
0
0
0
0
0
0
0
0
0
0
0
0
0
0
0
0
0
0
0
0
0
0
0
0
0
0
0
0
1
0
0
0
0
0
0
0
0
0
0
0
0
0
0
0
0
0
0
0
0
0
0
0
0
0
0
0
0
0
0
0
0
0
0
0
0
0
0
0
0
0
0
0
0
0
0
0
0
0
0
0
0
0
0
0
0
0
0
0
0
0
0
0
0
0
0
0
0
0
0
0
0
0
0
0
0
0
0
0
0
0
0
0
0
0
0
0
0
0
0
0
0
0
0
0
0
0
0
0
0
0
0
0
0
0
0
0
0
0
0
0
0
0
0
0
0
0
0
0
0
0
0
0
0
0
0
0
0
0
0
0
0
0
0
0
0
0
0
0
0
0
0
0
0
0
0
0
0
0
0
0
0
0
0
0
0
0
0
0
0
0
1
0
0
0
0
0
0
0
0
0
0
0
0
0
0
0
0
0
0
0
0
0
0
0
0
0
0
0
0
1
0
0
0
0
0
0
0
0
0
0
0
0
0
0
0
0
0
0
0
0
0
0
0
0
0
0
0
0
0
0
0
0
0
0
0
0
0
0
0
0
0
0
0
0
0
0
0
0
0
0
0
0
0
0
0
0
0
0
0
0
0
0
0
0
0
0
0
0
0
0
0
0
0
0
0
0
0
0
0
0
0
0
0
0
0
0
0
0
0
0
0
0
0
0
0
0
0
0
0
0
0
0
0
0
0
0
0
0
0
0
0
0
0
0
0
0
0
0
0
0
0
0
0
0
0
0
0
0
0
0
0
0
0
0
0
0
0
0
0
0
0
0
0
0
0
0
0
0
0
0
0
0
0
0
0
0
0
0
0
0
0
0
0
0
0
0
0
0
0
0
0
0
0
0
0
0
0
0
0
0
0
0
0
0
0
0
0
0
0
0
0
0
0
0
0
0
0
0
0
0
0
0
0
0
0
0
0
0
0
0
0
0
0
0
0
0
0
0
0
0
0
0
0
0
0
0
0
0
0
0
0
0
0
0
0
0
0
0
0
0
0
0
0
0
0
0
1
0
0
0
0
0
0
0
0
0
0
0
0
0
0
0
0
0
0
0
0
0
0
0
0
0
0
0
0
0
0
0
0
0
0
0
0
0
0
0
0
0
0
0
0
0
0
0
0
0
0
0
0
0
0
0
0
0
0
0
0
0
0
0
0
0
0
0
0
0
0
0
0
0
0
0
0
0
0
0
0
0
0
0
0
0
0
0
0
0
0
0
0
0
0
0
0
0
0
0
0
0
0
0
0
0
0
0
0
0
0
0
0
0
0
0
0
0
0
0
0
0
0
0
0
0
0
0
0
0
0
0
0
0
0
0
0
0
0
0
0
0
0
0
0
0
0
0
0
0
0
0
0
0
0
0
0
0
0
0
0
0
0
0
0
0
0
0
0
0
0
0
0
0
0
0
0
0
0
0
0
0
0
0
0
0
0
0
0
0
0
0
0
0
0
0
0
0
0
0
0
0
0
0
0
0
0
0
0
0
0
0
0
0
0
0
0
0
0
0
0
0
0
0
0
0
0
0
0
0
0
0
0
0
0
0
0
0
0
0
0
0
0
0
0
0
0
0
0
0
0
0
0
0
0
0
0
0
0
0
0
0
0
0
0
0
0
0
0
0
0
0
0
0
0
0
0
0
0
0
0
0
0
0
0
0
0
0
0
0
0
0
0
0
0
0
0
0
0
0
0
0
0
0
0
0
0
0
0
0
0
0
0
0
0
0
0
0
0
0
0
0
0
0
0
0
0
0
0
0
0
0
0
0
0
0
0
0
0
0
0
0
0
0
0
0
0
0
0
0
0
0
0
0
0
0
0
0
0
0
0
0
0
0
0
0
0
0
0
0
0
0
0
0
0
0
0
0
0
0
0
0
0
0
0
0
0
0
0
0
0
0
0
0
0
0
0
0
0
0
0
0
0
0
0
0
0
0
0
0
0
0
0
0
0
0
0
0
0
0
0
0
0
0
0
0
0
0
0
0
0
0
0
0
0
0
0
0
0
0
0
0
0
0
0
0
0
0
0
0
0
0
0
0
0
0
0
0
0
0
0
0
0
0
0
0
0
0
0
0
0
0
0
0
0
0
0
0
0
0
0
0
0
0
0
0
0
0
0
0
0
0
0
0
0
0
0
0
0
0
0
0
0
0
0
0
0
0
0
0
0
0
0
0
0
0
0
0
0
0
0
0
0
0
0
0
0
0
0
0
0
0
0
0
0
0
0
0
0
0
0
0
0
0
0
0
0
0
0
0
0
0
0
0
0
0
0
0
0
0
0
0
0
0
0
0
0
0
0
0
0
0
0
0
0
0
0
0
0
0
0
0
0
0
0
0
0
0
0
0
0
0
0
0
0
0
0
0
0
0
0
0
0
0
0
0
0
0
0
0
0
1
0
0
0
0
0
0
0
0
0
0
0
0
0
0
0
0
0
0
0
0
0
0
0
0
0
0
0
0
0
0
0
0
0
0
0
0
0
0
0
0
0
0
0
0
0
0
0
0
0
0
0
0
0
0
0
0
0
0
0
0
0
0
0
0
0
0
0
0
0
0
0
0
0
0
0
0
0
0
0
0
0
0
0
0
0
0
0
0
0
0
0
0
0
0
0
0
0
0
0
0
0
0
0
0
0
0
0
0
0
0
0
0
0
0
0
0
0
0
0
0
0
0
0
0
0
0
0
0
0
0
0
0
0
0
0
0
0
0
0
0
0
0
0
0
0
0
0
0
0
0
0
0
0
0
0
0
0
0
0
0
0
0
0
0
0
0
0
0
0
0
0
0
0
0
0
0
0
0
0
0
0
0
0
0
0
0
0
0
0
0
0
0
0
0
0
0
0
0
0
0
0
0
0
0
0
0
0
0
0
0
0
0
0
0
0
0
0
0
0
0
0
0
0
0
0
0
0
0
0
0
0
0
0
0
0
0
0
0
0
0
0
0
0
0
0
0
0
0
0
0
0
0
0
0
0
0
0
0
0
0
0
0
0
0
0
0
0
0
1
0
0
0
0
0
0
0
0
0
0
0
0
0
0
0
0
0
0
0
0
0
0
0
0
0
0
0
0
0
0
0
0
0
0
0
0
0
0
0
0
0
0
0
0
0
0
0
0
0
0
0
0
0
0
0
0
0
0
0
0
0
0
0
