0
0
0
0
0
0
0
0
0
0
20952
29365
29302
28744
28684
28401
28445
28436
28080
27873
27942
27724
27303
27338
27356
27584
27466
27458
26981
27055
26918
27242
27030
27028
26766
27118
27210
26527
26761
26799
26759
26359
26325
26331
26195
26039
26233
26081
26145
26164
26099
25946
25716
25908
25835
25531
25510
25513
25538
25494
25260
25298
25108
25240
25566
25358
25322
25265
25168
25241
24903
25010
24741
25033
24692
24847
24764
24673
24492
24655
24686
24549
24338
24438
24328
24310
24123
23920
24081
23905
24012
23932
24008
23849
23502
24140
23796
23590
23748
23640
23633
23652
23155
23203
23347
23567
23259
22974
23179
23237
22857
23036
23196
22805
23204
22955
22879
22656
22820
22847
22850
22381
22683
22660
22510
22371
22271
22388
22500
22355
22212
22256
22205
22142
21928
22014
22046
21857
21806
21984
21752
21727
21662
21639
21691
21640
21370
21506
21695
21419
21568
21590
21564
21537
21135
21344
21178
21004
21189
21124
21234
20947
20745
21027
20962
20827
20774
20986
20799
20435
20521
20490
20663
20633
20610
20314
20508
20272
20190
20238
20219
20412
20321
20050
20087
20187
20193
19926
20078
19943
19793
19863
19740
20139
19787
19619
19651
19738
19632
19450
19580
19581
19557
19340
19370
19490
19068
19132
19075
19490
19357
19105
19152
18991
19280
19282
18906
18955
18750
18798
18638
18803
19025
18648
18535
18426
18636
18673
18611
18398
18539
18348
18518
18378
18404
18161
18078
18274
18265
18097
18129
18102
17895
18286
18004
18031
17747
18165
17756
17855
17695
17637
17660
17709
17581
17756
17606
17729
17538
17544
17241
17613
17489
17317
17474
17338
17340
17004
17107
17114
17163
17100
16915
16900
17033
17063
17002
16976
16749
16917
16730
16870
16753
16917
16776
16651
16522
16650
16628
16566
16842
16269
16453
16444
16449
16563
16221
16207
16278
16310
16345
15994
16006
15968
15950
15919
15729
16122
15939
16109
15837
16151
15766
15909
15779
15618
15817
15918
15521
15670
15583
15685
15575
15380
15495
15386
15559
15417
15247
15278
15115
15210
15256
15130
15141
15132
14854
15153
15164
15044
15018
15110
14835
15147
14869
15037
14915
14632
14624
14742
14743
14646
14597
14513
14496
14392
14507
14684
14487
14391
14622
14462
14360
14311
14386
14216
14170
14103
14077
14206
14244
13985
14030
14025
13987
14042
14133
13935
13723
13837
14057
13978
13962
14009
13896
13866
13687
13596
13565
13691
13676
13718
13284
13624
13483
13422
13602
13366
13412
13650
13376
13463
13272
13344
13295
13170
13131
13348
13124
13110
13205
13183
12960
12965
13093
12965
13127
13022
13027
12903
13017
12920
12877
12813
12713
12817
12602
12752
12739
12726
12639
12737
12375
12587
12470
12620
12529
12432
12377
12649
12589
12404
12376
12421
12300
12454
12161
12328
12217
12448
12170
12009
12047
12042
12283
12156
11914
11896
11979
11920
11950
11807
11793
11876
11862
11959
11900
11826
11915
11613
11592
11972
11741
11686
11523
11650
11627
11578
11633
11337
11609
11554
11301
11279
11446
11324
11348
11427
11335
11274
11294
11156
11298
11203
11178
11260
11127
10997
11039
11297
10997
11119
11086
10909
10997
10983
10887
10819
11062
10939
10875
10879
10892
10841
10810
10780
10823
10632
10714
10710
10704
10509
10634
10588
10412
10501
10497
10619
10383
10505
10616
10501
10344
10469
10161
10289
10345
10108
10240
10373
10188
10425
10246
10184
10371
10206
10301
10091
10274
9930
10283
10175
9959
9998
9952
9878
9926
9734
9882
9944
9608
9850
9932
10047
9860
9905
9837
9816
9717
9810
9655
9676
9487
9769
9574
9657
9521
9607
9377
9339
9482
9513
9487
9376
9307
9485
9630
9603
9437
9473
9291
9268
9369
9362
9262
9255
9390
9019
9214
9266
9125
9388
9173
9130
9170
8935
9090
9150
9039
9030
9063
9044
9062
9009
8980
8942
8868
8960
8882
8950
8850
8809
8824
8715
8759
8787
8748
8697
8595
8775
8704
8623
8541
8456
8644
8572
8576
8432
8530
8625
8656
8389
8455
8505
8341
8250
8340
8396
8307
8235
8461
8195
8301
8292
8352
8262
8282
8277
8115
8154
8231
8157
8097
8098
8137
8061
8217
8034
8070
8218
7955
7878
7973
7973
8122
8095
8021
8047
7922
7919
7638
7858
7927
7883
7894
7947
7691
7781
7815
7556
7748
7675
7715
7782
7632
7809
7571
7676
7603
7516
7681
7513
7655
7686
7344
7508
7515
7500
7602
7500
7510
7542
7394
7448
7427
7386
7200
7553
7118
7388
7209
7121
7228
7149
7203
7351
7162
7174
7008
7220
7224
7201
7167
7115
7022
7211
7052
7235
7020
7023
6917
6902
6981
6983
7069
7057
7029
6992
6730
6974
6871
6996
6874
6851
6892
6939
6881
6800
6731
6821
6844
6645
6799
6821
6689
6719
6699
6593
6605
6572
6763
6618
6523
6738
6698
6646
6673
6623
6466
6559
6504
6377
6560
6454
6355
6368
6420
6381
6220
6290
6260
6342
6298
6430
6373
6282
6296
6276
6415
6265
6379
6279
6423
6253
6216
6267
6220
6093
6112
6090
6162
6186
6102
6201
6172
6023
6227
6112
6189
6050
6054
6166
5991
5897
6036
5950
5967
5833
5964
5869
6017
5936
5895
5944
6001
5912
5799
6019
5930
5779
5679
5705
5888
5848
5816
5788
5776
5841
5670
5732
5746
5614
5566
5640
5603
5668
5626
5798
5752
5721
5690
5571
5532
5684
5558
5632
5451
5613
5486
5643
5519
5474
5551
5526
5399
5510
5335
5453
5452
5430
5496
5500
5346
5316
5387
5339
5432
5314
5281
5198
5377
5350
5225
5382
5392
5181
5277
5279
5279
5223
5243
5297
5248
5123
5002
5075
5273
5084
5254
5152
5017
5128
5165
5068
5084
5073
5113
5068
4968
5120
4871
4923
4930
4968
4998
4912
4890
4898
5044
4824
4917
4957
4774
4914
4882
4829
4849
4872
4919
4731
4843
4890
4730
4750
4740
4902
4829
4817
4770
4786
4754
4745
4779
4691
4617
4795
4600
4677
4770
4705
4589
4515
4776
4662
4618
4598
4702
4604
4566
4653
4536
4518
4520
4523
4535
4460
4444
4513
4533
4461
4408
4467
4528
4506
4416
4374
4411
4522
4473
4335
4419
4370
4440
4372
4297
4312
4302
4375
4386
4237
4385
4351
4260
4331
4238
4308
4271
4234
4221
4120
4223
4251
4295
4228
4286
4203
4166
4206
4140
4153
4132
4211
4301
4146
4125
4115
4129
4165
4015
4137
4169
4136
4075
4072
4069
4011
4024
4087
3969
4044
4032
4019
4025
4007
3951
3900
3906
3855
3826
4037
3890
3884
3938
3875
3857
3885
3782
3934
3940
3759
3930
3931
3845
3870
3824
3753
3837
3930
3862
3909
3886
3756
3740
3711
3772
3713
3774
3710
3704
3715
3823
3830
3705
3640
3841
3583
3754
3623
3603
3712
3684
3574
3556
3530
3663
3669
3392
3592
3522
3580
3519
3550
3558
3563
3519
3637
3443
3531
3542
3482
3495
3523
3512
3508
3410
3451
3525
3428
3454
3513
3465
3397
3432
3365
3442
3383
3361
3274
3400
3466
3364
3314
3273
3265
3362
3337
3293
3275
3215
3418
3319
3299
3278
3366
3378
3204
3222
3164
3147
3309
3317
3215
3235
3173
3149
3174
3174
3205
3112
3152
3193
3208
3151
3121
3087
3071
3204
3143
3132
3125
3128
3159
3094
3157
3015
3139
2986
3013
3099
3104
3061
3070
2959
3064
3157
3000
3046
3074
3003
2997
2932
2993
2955
2973
2975
2958
3022
2997
2980
2881
2876
2960
2942
2995
3020
2947
2897
2987
2942
2898
2892
2971
2844
2830
2886
2816
2897
2866
2857
2848
2792
2839
2772
2768
2882
2770
2756
2786
2750
2874
2883
2815
2712
2741
2785
2856
2774
2813
2745
2722
2774
2713
2736
2761
2762
2688
2657
2680
2723
2727
2707
2666
2776
2677
2629
2641
2651
2720
2689
2579
2602
2559
2667
2528
2602
2562
2537
2548
2690
2662
2515
2667
2496
2550
2553
2550
2589
2588
2493
2614
2485
2480
2547
2544
2496
2617
2504
2489
2370
2481
2610
2477
2508
2608
2369
2536
2504
2516
2428
2461
2486
2431
2468
2428
2396
2471
2440
2443
2355
2336
2441
2388
2450
2433
2448
2442
2324
2349
2383
2396
2299
2243
2372
2360
2343
2447
2352
2299
2355
2345
2311
2323
2249
2349
2223
2318
2297
2316
2262
2260
2166
2156
2231
2242
2298
2261
2288
2211
2296
2205
2265
2230
2114
2214
2126
2262
2179
2226
2216
2192
2203
2177
2082
2175
2162
2199
2207
2225
2163
2111
2182
2200
2130
2137
2169
2085
2032
2170
2150
2088
2125
2094
2149
2116
2176
2020
2073
2076
2137
2055
2036
2110
2116
2045
2039
2094
2010
1986
2134
2062
2029
1980
2011
1992
2043
2022
1996
1958
1974
1989
2053
2014
1988
2102
1927
1963
1975
1942
1975
1958
1929
1873
1974
1977
1841
1890
1905
1961
1915
1935
1867
1850
1948
1875
1905
1899
1950
1994
1909
1878
1886
1896
1930
1873
1857
1812
1861
1876
1878
1808
1887
1840
1883
1914
1872
1758
1837
1836
1801
1878
1876
1826
1859
1876
1824
1785
1781
1800
1775
1717
1771
1687
1783
1735
1687
1727
1736
1780
1806
1694
1747
1775
1785
1671
1817
1736
1671
1800
1763
1706
1734
1703
1711
1690
1675
1703
1646
1655
1648
1667
1636
1654
1633
1615
1677
1631
1609
1668
1735
1634
1616
1672
1651
1657
1714
1641
1561
1667
1618
1601
1582
1551
1580
1572
1562
1635
1617
1547
1595
1555
1613
1571
1595
1537
1552
1571
1558
1629
1605
1589
1545
1621
1523
1520
1477
1575
1491
1531
1559
1581
1471
1424
1559
1462
1557
1514
1469
1471
1459
1480
1440
1440
1469
1490
1479
1471
1477
1464
1473
1441
1464
1394
1474
1510
1434
1478
1478
1429
1431
1442
1383
1442
1513
1412
1397
1520
1445
1485
1414
1365
1415
1339
1430
1410
1306
1378
1375
1389
1445
1372
1402
1372
1418
1376
1430
1341
1383
1403
1294
1425
1369
1361
1390
1389
1306
1383
1411
1323
1334
1392
1371
1337
1304
1317
1351
1381
1324
1273
1366
1282
1297
1348
1351
1322
1253
1251
1327
1337
1324
1259
1223
1227
1300
1326
1240
1355
1278
1249
1326
1258
1294
1217
1220
1304
1251
1288
1281
1311
1201
1231
1281
1188
1264
1240
1222
1228
1188
1271
1242
1258
1219
1240
1223
1239
1191
1197
1191
1236
1185
1211
1146
1241
1240
1189
1188
1182
1197
1143
1205
1210
1198
1192
1185
1186
1190
1219
1186
1160
1189
1133
1166
1158
1131
1123
1139
1091
1108
1134
1141
1125
1163
1140
1106
1130
1154
1106
1101
1135
1149
1107
1123
1123
1095
1088
1125
1090
1125
1096
1114
1109
1047
1135
1065
1129
1124
1110
1079
1065
1037
1071
1049
1106
1019
1078
1047
1096
1019
1052
1019
997
1032
1058
1095
1046
983
1058
1063
1045
983
1024
1041
1046
1034
1003
1034
1022
1020
1000
995
1019
980
974
1043
990
990
1011
966
966
976
995
923
937
960
994
1022
945
966
969
997
996
967
976
966
1013
940
1004
955
947
952
987
959
887
919
931
974
932
951
995
1000
929
924
922
913
874
867
936
884
934
956
937
922
923
879
889
835
920
910
916
894
936
963
915
878
942
858
888
837
914
911
848
877
832
869
864
868
904
865
872
836
903
833
858
876
816
844
923
805
823
855
899
824
773
887
843
805
824
848
835
858
842
819
867
871
862
840
835
804
780
863
835
835
866
802
774
749
824
803
793
795
798
793
778
802
789
835
780
829
805
830
759
794
735
799
780
788
797
813
774
743
776
767
764
751
777
740
804
754
792
740
804
758
780
758
776
772
777
701
709
742
742
740
749
737
673
737
730
734
742
709
716
761
731
724
770
710
680
707
711
717
753
777
736
725
681
710
701
736
682
747
706
732
717
679
698
703
706
655
693
700
733
698
714
715
649
689
694
716
693
679
690
676
679
663
648
675
683
677
700
656
667
650
640
650
649
659
683
651
631
685
653
683
667
640
679
732
661
666
644
617
621
620
618
693
641
580
655
625
614
581
606
606
641
660
593
593
633
653
642
617
610
598
637
619
620
580
612
592
588
580
625
585
601
628
584
622
566
627
613
632
568
565
659
556
580
585
620
594
637
615
638
589
561
567
582
568
573
543
559
542
579
546
548
601
547
565
577
542
576
556
602
568
539
589
542
570
589
596
566
538
569
531
564
504
588
523
538
579
546
524
571
548
530
535
534
524
555
505
535
536
581
507
540
512
507
543
545
497
510
543
525
492
511
543
540
536
541
520
527
521
514
560
507
473
509
523
504
490
516
496
494
528
492
549
548
479
496
474
498
501
418
481
477
508
505
502
504
503
473
495
464
504
487
498
487
492
495
481
502
487
478
449
470
465
456
459
459
469
441
466
504
441
446
462
501
435
464
461
447
456
418
439
459
453
487
431
448
462
412
424
461
428
434
499
454
459
432
418
469
451
448
425
434
427
428
455
408
406
435
402
397
421
382
430
489
428
452
397
427
401
392
417
365
426
434
413
405
422
422
419
442
414
396
396
405
398
445
429
401
432
389
395
384
409
416
398
431
422
366
406
415
390
392
403
401
424
375
378
405
440
433
363
391
406
392
410
403
388
394
363
401
408
374
397
392
347
361
364
349
394
406
385
392
414
412
397
396
384
400
401
404
404
352
363
360
346
393
397
380
359
370
372
323
319
381
335
363
360
363
406
365
369
377
340
378
380
355
366
314
341
330
321
344
374
369
350
359
360
320
353
350
344
331
363
289
343
367
342
338
351
354
321
353
350
321
343
350
352
320
331
330
319
331
329
328
304
316
348
336
366
354
335
319
316
324
349
309
322
302
312
316
323
310
330
318
312
306
355
320
320
312
311
329
274
321
311
330
306
294
266
288
308
326
289
289
278
304
300
296
283
318
309
308
316
283
282
301
288
287
269
281
305
265
277
289
283
320
321
282
305
311
270
283
275
310
287
289
275
304
314
286
256
275
269
282
277
287
270
264
286
296
277
279
266
294
277
296
262
289
273
270
276
287
292
263
280
269
285
260
281
287
262
292
272
280
282
230
280
243
253
278
283
262
231
253
253
274
265
271
251
265
271
293
231
253
281
292
235
265
276
253
225
266
249
243
252
257
236
240
239
250
259
275
243
207
242
278
264
256
228
240
252
242
229
253
257
243
212
223
225
257
237
231
257
256
232
260
231
203
218
250
227
221
224
262
232
239
225
251
237
243
256
216
231
239
217
234
220
207
239
224
221
225
216
211
224
211
209
236
237
214
227
221
212
228
216
239
199
224
192
242
235
204
232
225
228
231
236
235
212
242
221
212
218
235
199
218
199
204
205
226
220
213
201
225
179
187
204
199
217
203
201
223
219
194
191
232
195
221
205
213
202
205
197
197
220
232
240
204
192
202
195
184
182
189
189
180
196
188
193
206
190
189
189
203
146
203
163
193
194
203
175
185
197
180
208
182
201
197
195
180
190
176
193
175
201
213
174
216
169
187
202
193
197
202
177
164
180
197
193
184
202
205
189
168
192
174
182
174
178
182
187
187
168
178
193
169
171
166
179
172
178
177
180
191
176
185
173
176
161
181
157
170
177
171
135
180
168
164
164
175
179
185
169
193
198
157
158
156
154
154
169
147
162
165
141
162
173
177
156
174
141
158
159
141
146
150
162
176
177
167
153
171
169
184
172
136
152
165
164
140
165
148
160
182
159
175
138
154
123
142
159
145
167
166
143
164
162
136
137
168
158
136
169
136
159
147
131
165
155
161
132
155
145
134
140
134
149
169
136
144
142
137
123
171
132
142
139
131
129
127
151
132
142
131
141
129
166
150
130
130
162
134
151
139
139
132
123
137
144
116
137
154
125
144
133
128
128
138
137
144
149
155
122
124
150
127
123
118
120
130
144
116
126
118
132
138
123
131
157
122
111
151
122
134
158
123
166
97
121
110
138
139
107
115
140
137
135
121
129
138
102
135
132
133
146
115
124
134
134
132
114
115
121
109
127
111
114
136
120
113
122
124
127
120
126
120
113
128
125
127
117
101
129
119
103
117
108
126
116
112
111
107
114
115
128
126
118
120
115
121
134
114
109
106
105
133
104
103
110
115
83
101
92
118
114
126
111
101
106
98
104
104
132
128
111
117
133
101
107
113
87
109
100
117
110
127
100
104
107
115
95
86
102
101
94
105
103
119
131
112
96
112
95
111
101
91
94
91
104
108
104
105
109
100
84
111
114
106
131
96
89
120
96
125
102
109
90
78
98
91
94
107
95
89
105
83
103
83
101
97
101
117
95
110
107
97
114
106
97
82
107
108
91
100
114
93
87
95
96
87
95
88
97
94
81
87
92
100
93
97
96
78
85
89
91
90
101
96
96
92
87
99
97
82
102
90
85
82
85
79
85
80
96
95
86
76
83
99
86
106
86
94
88
84
78
78
86
84
79
102
85
91
83
84
80
89
80
74
74
78
82
81
83
92
99
87
94
85
88
68
81
72
78
93
79
87
86
74
72
88
67
78
74
101
94
63
87
69
72
71
97
80
82
74
68
79
75
79
89
66
76
78
67
73
92
84
78
79
76
83
70
72
59
66
76
81
75
67
72
81
77
77
75
84
69
70
68
81
64
68
74
80
66
64
67
61
66
72
73
84
69
70
83
78
82
61
77
72
66
74
65
80
56
65
70
85
84
71
52
66
76
55
43
65
56
62
63
65
63
63
59
75
67
66
64
71
70
65
58
89
62
67
68
68
47
65
66
75
79
52
84
70
73
62
69
62
68
66
68
59
60
55
50
68
75
54
77
65
75
47
60
61
57
57
60
51
58
60
55
52
65
46
67
52
80
53
55
50
69
52
48
67
56
58
37
59
67
59
76
62
72
55
50
46
43
67
51
56
57
67
62
74
56
59
55
64
47
65
61
66
69
57
53
51
71
59
61
55
63
53
45
61
47
43
52
50
52
41
56
53
54
55
55
52
36
54
51
42
58
58
53
57
39
59
57
60
61
67
53
44
38
64
55
60
60
50
51
50
39
50
54
52
58
56
55
60
66
58
47
47
54
39
58
55
44
45
45
58
44
53
50
57
51
43
64
57
52
39
47
32
48
45
42
48
51
40
47
50
55
30
51
40
33
57
56
49
58
46
42
48
51
50
46
59
44
43
42
45
41
47
45
50
49
37
34
38
50
44
47
45
54
48
43
50
42
50
45
44
53
37
38
37
42
40
51
42
47
42
45
40
42
31
50
45
37
52
41
52
46
36
41
48
39
47
42
33
34
41
38
42
56
49
43
38
58
37
52
38
45
43
36
43
38
43
43
40
29
53
48
40
46
48
37
38
33
38
45
47
40
46
34
48
32
30
48
41
30
45
30
41
39
43
39
42
39
37
39
43
35
44
33
41
42
39
33
41
34
45
27
38
35
32
33
44
34
34
44
37
29
28
31
40
34
29
26
34
36
38
40
44
33
33
38
40
37
46
29
38
33
37
32
43
34
38
43
37
44
30
28
45
34
33
40
31
24
21
34
34
30
47
28
34
39
34
25
40
51
28
43
37
24
35
32
38
26
25
44
49
17
28
34
38
30
21
38
29
30
32
28
28
40
38
30
34
29
28
28
30
33
37
29
33
34
42
22
31
31
24
38
38
28
35
41
30
25
32
25
30
31
24
30
31
22
27
29
34
25
28
25
39
23
45
38
26
42
25
22
25
32
28
38
28
35
20
29
33
30
29
20
27
19
35
29
29
22
27
27
22
28
24
28
26
30
30
24
30
27
30
33
24
42
28
33
27
23
19
23
23
32
19
26
25
27
24
25
19
25
24
25
32
20
22
33
20
21
23
23
18
19
26
24
26
32
34
24
18
25
28
28
24
29
18
24
27
31
26
27
26
23
26
33
21
19
29
23
25
24
32
19
23
34
25
20
29
16
20
19
23
21
19
19
18
24
14
28
28
24
24
16
26
25
25
23
18
25
12
17
26
21
26
35
32
25
28
21
20
14
20
17
25
31
22
23
27
23
25
19
23
23
25
24
19
30
25
20
19
22
22
27
16
26
18
25
22
15
29
27
28
22
21
22
22
23
24
19
18
23
22
17
20
21
19
24
25
13
27
19
23
19
31
17
21
21
26
16
36
18
22
18
24
17
17
12
14
23
26
21
14
24
26
33
22
23
19
24
15
20
17
20
18
21
20
15
19
21
23
18
21
15
17
16
22
19
24
14
14
15
21
16
21
24
24
23
18
18
24
10
16
26
21
25
12
25
23
16
20
15
22
20
16
25
24
14
23
17
15
15
12
16
28
14
15
15
19
26
13
18
29
15
13
21
22
21
24
16
19
17
17
11
17
18
15
21
13
17
15
13
20
10
16
7
13
20
15
15
25
17
24
17
17
19
21
14
22
19
16
19
14
16
12
17
13
17
12
26
14
19
16
18
27
21
20
16
19
10
11
13
8
13
9
15
19
26
16
12
13
17
13
14
15
11
13
15
8
15
9
16
14
16
11
19
16
15
13
18
14
15
14
16
7
12
14
18
17
15
11
22
13
14
10
18
17
14
15
12
13
19
12
17
13
14
12
12
12
12
14
13
13
11
14
11
18
12
15
15
22
11
14
13
14
14
10
17
19
19
17
16
14
13
13
19
11
11
19
12
14
10
15
9
13
16
15
11
17
15
16
5
13
6
8
14
13
18
8
11
14
9
7
17
10
12
10
16
9
8
17
8
13
12
13
13
14
17
13
9
7
13
14
17
10
10
9
13
12
12
16
14
18
16
13
13
7
15
13
16
9
7
11
14
13
15
13
15
15
15
12
13
6
10
11
12
12
8
7
7
14
13
10
15
8
10
6
13
19
18
8
16
13
10
13
15
11
7
6
21
8
14
10
12
11
13
9
20
15
11
7
15
12
17
14
4
11
11
11
10
17
12
12
16
20
13
14
16
7
11
5
14
9
18
7
10
7
15
6
12
10
8
10
13
15
11
12
6
7
14
7
14
13
10
10
18
6
9
14
12
10
14
14
11
8
13
11
6
9
10
11
11
11
8
10
7
11
8
9
7
13
15
8
12
9
7
8
13
15
13
11
3
3
7
7
11
10
8
7
13
10
10
10
13
11
10
8
11
11
8
7
13
14
9
12
8
13
10
9
7
10
8
10
15
10
6
11
7
10
6
11
6
7
12
7
5
6
7
9
6
11
11
7
7
12
5
4
7
8
6
7
11
6
4
7
14
7
8
6
10
11
5
7
7
6
6
6
9
5
4
12
4
9
3
4
11
6
6
7
6
10
10
13
7
5
4
9
6
9
14
6
11
3
8
9
4
7
6
5
6
5
4
12
8
8
2
5
10
8
10
6
14
6
7
9
7
6
8
5
10
7
5
9
12
10
7
5
9
6
6
7
7
6
11
6
8
7
5
10
6
7
11
8
9
8
5
7
12
4
7
10
7
8
9
10
8
6
5
9
6
6
5
6
4
2
5
7
8
8
7
4
5
5
8
6
11
5
4
10
7
8
5
4
8
8
7
10
5
5
5
8
6
5
10
6
9
6
10
2
4
6
10
8
1
8
7
5
6
4
8
6
8
6
7
8
8
6
4
6
6
2
5
9
9
5
8
12
5
7
1
13
7
9
7
6
9
4
6
4
8
3
9
6
7
7
10
10
9
4
13
6
4
7
1
9
4
5
4
7
7
4
3
6
9
3
5
4
10
6
6
6
10
5
5
8
3
9
5
9
3
9
5
6
3
6
11
6
5
8
5
7
5
8
4
6
5
5
7
5
6
6
10
3
4
3
12
7
5
4
7
6
4
3
9
6
2
4
2
2
3
10
2
3
2
3
2
4
8
3
3
8
3
8
10
5
5
5
8
6
4
6
2
5
7
1
1
5
3
4
3
5
5
3
8
2
3
7
8
6
6
5
2
4
4
3
5
2
3
7
5
1
6
5
3
2
7
2
4
1
3
4
7
1
5
6
5
5
3
3
6
5
5
4
3
3
2
7
2
5
4
0
1
6
2
4
7
3
7
5
5
1
5
8
0
4
2
5
9
7
4
1
3
3
7
3
7
7
7
5
4
4
7
5
4
7
4
2
7
2
3
2
5
7
5
3
2
2
5
5
4
2
3
4
1
5
2
2
4
4
2
6
8
6
5
0
3
6
4
3
3
4
8
2
1
3
3
4
6
2
2
7
3
5
3
1
1
3
8
3
3
2
8
2
2
6
3
3
4
3
4
8
2
3
3
4
1
2
5
4
4
4
5
3
4
4
3
6
4
3
3
3
2
7
2
2
2
4
3
3
3
2
5
5
1
2
8
3
1
2
2
4
5
2
2
7
2
3
0
4
4
4
3
3
6
0
1
4
1
4
5
3
5
1
4
5
3
1
3
5
2
4
4
4
1
2
3
1
2
3
2
3
0
4
6
4
2
2
5
1
1
5
3
1
5
2
2
1
1
5
7
2
3
5
3
2
4
5
2
0
2
2
7
3
3
3
4
5
1
1
3
3
4
2
2
2
5
5
4
2
5
5
3
2
1
5
6
4
4
3
3
1
1
0
5
4
3
2
4
2
2
3
0
1
2
5
4
3
3
4
2
1
4
4
2
5
3
3
5
5
5
2
1
7
4
1
3
4
1
4
2
2
4
2
3
3
3
2
3
3
2
3
0
1
3
3
1
3
6
2
6
3
4
1
3
0
2
2
0
4
3
5
1
1
3
2
4
1
3
4
2
1
4
3
1
0
2
0
3
7
6
7
2
1
1
2
3
3
2
2
0
5
1
6
3
5
4
2
1
2
1
4
3
4
2
2
0
3
3
0
3
2
3
1
0
3
0
3
0
4
0
0
2
1
5
4
2
1
3
1
1
4
1
3
1
4
2
1
6
1
4
1
4
3
1
2
2
2
3
0
6
2
3
1
1
1
2
0
1
2
1
1
1
1
0
1
5
2
2
0
1
0
4
2
0
1
2
1
1
3
2
1
4
1
2
2
2
1
1
1
1
4
1
1
2
4
2
3
3
1
1
0
1
1
0
1
0
5
0
1
3
3
2
2
1
2
2
1
0
2
2
2
2
2
2
2
4
1
0
1
0
3
2
1
4
3
2
2
1
3
3
3
1
2
1
4
2
2
3
1
3
2
2
3
2
1
1
2
2
4
0
2
2
2
2
0
1
1
1
1
2
0
4
1
1
1
3
2
0
3
3
1
4
1
2
2
1
2
1
3
0
1
0
1
3
1
1
1
1
2
0
2
1
1
4
2
5
2
0
2
3
2
1
1
1
3
2
0
1
2
0
1
2
0
0
0
2
0
3
1
1
0
2
1
0
0
2
3
2
0
0
1
3
1
4
1
2
0
1
0
3
0
0
2
2
0
2
5
5
2
1
1
3
2
1
2
1
4
3
0
1
2
2
0
1
1
2
0
2
2
2
0
1
2
1
3
2
2
3
0
1
1
1
1
1
1
4
1
3
0
1
0
0
0
3
0
3
0
3
1
2
0
3
1
0
1
1
1
0
0
2
1
0
1
2
0
0
3
0
0
0
2
0
1
1
1
0
0
0
0
1
1
0
1
1
0
2
3
1
3
0
1
1
0
0
2
1
2
1
1
1
1
2
0
1
0
0
2
0
0
1
0
0
3
2
1
1
1
0
2
1
0
1
1
2
1
1
2
3
0
3
0
0
2
1
1
0
3
1
0
1
1
0
5
0
0
2
1
0
0
2
2
1
2
1
0
0
1
1
1
0
2
1
1
1
2
2
0
2
1
0
2
0
0
0
0
1
3
0
3
1
1
4
1
1
3
1
0
1
5
2
2
1
1
0
2
0
0
0
2
1
0
1
0
0
1
1
1
1
2
1
0
0
0
0
2
0
0
0
1
1
0
2
0
0
2
1
1
1
1
1
2
1
1
0
1
3
1
2
0
0
2
2
2
1
3
0
1
3
1
0
0
1
0
4
2
1
1
2
1
2
0
2
2
0
0
1
1
0
1
0
2
4
0
0
3
0
1
0
0
1
1
2
0
1
0
4
0
2
0
2
0
0
0
1
1
1
0
1
0
0
1
0
0
1
0
3
0
0
1
0
1
2
1
0
1
1
0
1
2
1
1
0
1
1
0
1
0
0
0
1
0
0
2
2
0
0
0
2
1
1
1
1
0
1
2
0
1
0
0
0
0
0
2
0
1
2
0
0
1
1
1
1
0
0
1
1
1
0
0
1
0
0
0
2
0
2
0
2
0
0
1
0
0
0
2
0
1
0
0
0
1
0
1
2
0
2
0
0
0
0
0
1
1
3
0
0
1
1
1
0
0
1
0
1
1
0
0
1
1
0
1
1
3
0
1
0
1
0
2
0
1
0
0
0
0
1
1
0
2
2
0
1
0
0
0
1
0
1
0
0
1
0
0
0
0
1
0
0
0
1
2
0
1
0
1
1
0
0
0
2
0
0
1
1
0
0
0
0
1
0
0
0
2
0
0
1
1
1
0
1
2
2
0
2
1
1
0
0
0
0
0
1
1
1
0
1
0
1
0
0
1
0
1
1
0
0
0
0
2
1
1
0
0
0
1
0
1
0
0
1
0
0
0
2
2
1
1
0
1
1
1
0
1
0
1
2
0
1
0
0
0
3
1
0
0
0
0
0
0
2
0
0
0
0
1
0
1
1
0
1
0
0
0
1
1
0
0
1
1
1
0
0
0
0
1
0
1
0
0
1
1
0
0
0
1
0
0
1
1
1
0
0
1
0
0
0
1
1
0
2
1
0
0
0
0
2
0
0
0
0
0
0
2
0
0
1
1
2
0
0
0
0
1
2
0
0
0
0
0
2
0
0
0
0
0
0
0
0
0
0
0
0
0
0
1
0
1
0
0
0
0
1
0
0
0
1
0
1
1
0
1
1
0
1
0
0
2
0
2
0
1
0
1
1
0
1
0
0
0
0
1
1
0
1
1
0
1
0
0
1
0
0
0
0
0
0
1
1
0
0
1
2
0
0
0
0
0
1
0
0
0
0
0
0
0
0
0
0
0
0
1
0
0
0
0
0
0
0
0
2
2
0
0
0
0
0
1
0
0
0
0
1
0
0
0
0
0
1
0
0
0
0
1
1
0
1
0
0
0
1
0
0
0
0
0
0
0
1
1
1
0
0
1
0
0
1
0
0
0
0
0
0
0
1
0
1
1
1
0
0
0
0
0
0
1
0
0
0
0
0
0
0
0
1
0
0
0
0
1
0
0
0
0
1
0
0
0
0
0
1
1
0
0
0
0
0
1
0
0
0
0
2
0
0
1
0
0
0
0
2
0
0
0
0
0
0
0
0
0
0
0
1
0
0
0
2
0
0
0
0
0
0
0
0
1
0
1
0
2
0
0
0
0
2
0
0
0
1
0
0
0
0
0
0
1
0
2
0
2
0
0
0
1
0
0
0
0
1
0
0
1
0
0
0
0
0
0
0
1
0
0
1
0
0
0
0
0
0
0
0
0
1
0
0
1
0
0
0
0
0
0
0
0
0
1
2
0
0
0
0
0
0
0
0
1
0
0
0
0
0
0
0
0
1
0
0
0
0
1
0
0
0
0
0
0
0
0
2
0
0
0
0
0
0
0
0
0
0
1
0
0
0
0
0
0
0
1
0
0
0
0
0
0
0
0
1
0
0
0
0
0
0
0
0
0
1
0
0
0
0
1
0
0
0
0
0
0
0
0
0
1
1
0
0
0
0
0
0
2
0
0
0
0
0
0
0
0
0
0
0
0
1
0
0
0
0
0
0
0
0
0
0
0
0
1
1
0
0
0
1
0
1
0
1
0
0
0
0
1
0
1
0
0
0
1
0
0
0
0
0
0
0
1
0
0
0
1
0
0
0
0
0
0
0
0
0
0
0
0
0
0
0
0
0
0
1
0
0
0
0
0
0
0
0
1
0
0
0
0
0
0
0
0
0
1
1
0
0
0
0
0
0
0
0
1
0
0
0
0
1
0
0
0
0
0
0
0
0
0
0
0
0
0
1
0
0
0
0
0
1
0
1
0
0
0
0
0
0
0
0
0
0
0
1
1
1
0
0
1
0
0
0
0
0
0
0
0
0
0
0
0
0
1
0
1
0
0
0
0
0
0
0
1
0
0
0
0
0
0
0
0
0
0
0
0
0
1
0
0
0
1
0
0
0
0
0
0
0
0
0
0
0
2
0
0
0
0
0
1
1
0
0
0
0
0
0
0
1
0
1
0
0
0
0
0
0
0
0
0
0
0
0
0
0
0
0
0
0
0
0
0
1
0
0
1
0
0
0
0
0
0
0
0
0
0
1
0
0
1
0
0
0
0
0
0
0
0
1
0
0
0
0
0
0
0
0
0
0
0
0
0
0
0
0
0
1
0
0
0
0
0
0
1
0
0
1
0
0
1
0
0
0
0
0
0
0
0
0
0
0
0
0
1
0
0
0
0
0
0
0
0
0
0
1
0
1
0
0
0
1
0
0
0
0
0
0
0
0
0
0
0
1
0
1
0
0
0
0
0
0
1
0
0
0
0
0
0
0
0
0
0
0
0
0
0
0
0
0
0
0
0
0
1
0
0
0
0
0
0
0
0
0
0
0
0
0
0
0
0
1
0
0
0
1
0
1
0
0
0
0
0
0
0
0
0
0
0
0
0
0
0
0
0
0
1
0
0
0
1
1
0
0
0
1
0
1
0
0
1
0
0
0
0
0
0
0
0
0
1
0
0
0
0
0
0
0
0
0
0
0
0
0
0
1
1
0
0
0
0
0
1
0
0
0
0
0
0
0
1
1
1
0
0
0
0
0
0
0
0
0
0
0
0
0
1
0
0
0
1
0
1
0
0
0
0
0
2
0
0
1
0
0
0
0
0
0
0
0
0
0
0
1
0
0
1
0
0
0
0
0
0
0
0
0
1
0
0
1
0
0
0
0
0
0
0
0
0
0
0
0
0
0
0
0
0
0
0
0
0
0
0
0
0
0
0
0
0
0
0
0
0
0
0
0
0
0
0
2
0
0
1
0
0
0
0
0
0
0
0
0
0
0
0
0
2
0
0
0
0
0
0
0
0
0
0
0
0
0
0
0
0
0
0
0
0
0
0
1
0
0
0
0
0
0
0
0
0
0
0
0
0
0
0
0
0
0
0
0
0
0
0
0
0
0
0
1
1
0
0
0
0
0
0
0
0
0
0
0
0
0
0
0
0
0
0
0
0
0
0
0
0
0
0
0
0
0
0
0
0
0
1
0
0
0
0
0
0
0
0
0
0
0
0
0
0
0
0
0
0
0
0
0
0
0
0
0
1
0
0
0
0
0
0
0
0
0
0
0
0
0
0
0
0
0
0
0
0
0
0
0
0
0
0
0
0
0
0
0
0
0
0
0
0
0
0
0
0
0
1
0
0
0
1
1
0
1
0
0
0
0
0
0
1
1
0
0
0
0
0
0
0
0
0
0
0
0
0
0
0
0
0
0
0
0
0
0
0
0
0
0
0
0
0
0
0
0
0
0
0
0
0
0
0
0
0
0
0
0
0
0
0
1
0
0
0
0
0
0
0
0
0
0
0
0
0
0
0
0
0
0
0
0
0
0
0
0
0
0
0
0
0
0
0
0
0
0
0
0
0
0
0
0
0
0
0
0
0
0
0
0
0
0
0
0
0
0
0
0
0
0
0
0
0
0
0
0
0
0
0
0
0
0
0
0
0
0
0
0
0
0
0
0
0
0
0
0
0
0
0
0
0
0
0
0
0
0
0
0
0
0
0
0
0
0
0
0
0
0
0
0
0
0
0
0
0
0
0
0
0
0
0
0
0
0
0
0
0
0
0
0
0
0
0
0
0
0
0
0
0
0
0
0
0
0
0
0
0
0
0
0
0
0
0
0
0
0
0
0
0
0
0
0
0
0
0
0
0
0
1
0
0
0
1
0
0
0
0
0
0
0
0
0
0
0
0
0
0
0
0
0
0
0
0
0
0
0
0
0
0
0
0
0
0
0
0
0
0
0
0
0
0
0
0
0
0
0
0
0
0
0
0
0
0
0
0
0
0
0
0
0
0
0
0
1
0
0
0
0
0
0
0
0
0
0
0
0
0
0
0
0
0
1
0
0
0
0
0
0
0
0
0
0
0
0
0
0
0
0
0
0
0
0
0
0
0
0
0
0
0
0
0
0
0
0
0
0
0
0
0
0
0
0
0
0
0
0
0
0
0
0
0
0
0
0
0
0
0
0
0
0
0
0
0
0
0
0
0
0
0
0
0
0
0
0
0
0
0
0
0
0
0
0
0
0
0
0
0
0
0
0
0
0
0
0
0
0
0
0
0
0
0
0
0
0
0
0
0
0
0
0
0
0
0
0
0
0
0
0
0
0
0
0
0
0
0
0
0
0
0
0
0
0
0
0
0
0
1
0
0
0
0
0
0
0
0
0
1
0
0
0
0
0
0
0
0
0
0
0
0
0
0
0
0
0
0
0
0
0
0
0
0
0
0
1
0
0
0
0
0
0
0
0
0
0
0
0
0
0
0
0
0
0
0
0
0
0
0
0
0
0
0
0
0
0
0
0
0
0
0
0
0
0
0
0
0
0
0
0
0
0
0
0
0
0
0
0
0
0
0
0
0
0
0
0
0
0
0
0
0
0
0
0
0
1
0
0
0
0
0
0
0
0
0
0
0
0
0
0
0
0
0
0
0
0
0
0
0
0
0
0
0
0
0
0
0
0
0
0
0
0
0
0
0
0
0
0
0
0
0
2
0
0
0
0
0
0
0
0
0
0
0
0
0
0
0
0
0
0
0
0
0
0
0
0
0
0
0
0
0
0
0
0
0
0
0
0
0
0
0
0
0
0
0
0
0
0
0
0
0
0
0
0
0
0
0
0
0
0
0
0
0
0
0
0
0
0
0
0
0
0
0
0
0
0
0
0
0
0
0
0
0
0
0
0
0
0
0
0
0
0
0
0
0
0
0
0
0
0
0
0
0
0
0
0
0
0
0
0
0
0
0
0
0
0
0
0
0
0
0
0
0
0
0
0
0
0
0
0
0
0
0
0
0
0
0
0
0
0
0
0
0
0
0
0
0
0
0
0
0
0
0
0
0
0
0
0
0
0
0
0
0
0
0
0
1
0
0
0
0
0
0
0
0
0
0
0
0
0
0
0
0
0
0
0
0
0
0
0
0
0
0
0
0
0
0
0
0
0
0
0
0
0
0
0
0
0
0
0
0
0
0
0
0
0
0
0
0
0
0
0
0
0
0
0
0
0
0
0
0
0
0
0
0
0
0
0
0
0
0
0
0
0
0
0
0
0
0
0
0
0
0
0
0
0
0
0
0
0
0
0
0
0
0
0
0
0
0
0
0
0
0
0
0
0
0
0
0
0
0
0
0
0
0
0
0
0
0
0
0
0
0
0
0
0
0
0
0
0
0
0
0
0
0
0
0
0
0
0
0
0
0
0
0
0
0
0
0
0
0
0
0
0
0
0
0
0
0
0
0
0
0
0
0
0
0
0
0
0
0
0
0
0
0
0
0
0
0
0
0
0
0
0
0
0
0
0
0
0
0
0
0
0
0
0
0
0
0
0
0
0
0
0
0
0
0
0
0
0
0
0
0
0
0
0
0
0
0
0
0
0
0
0
0
0
0
0
0
0
0
0
0
0
0
0
0
0
0
0
0
0
0
0
0
0
0
0
0
0
0
0
0
0
0
0
0
0
0
0
0
0
0
0
0
0
0
0
0
0
0
0
0
0
0
0
0
0
0
0
0
0
0
0
0
0
0
0
0
0
0
0
0
0
1
0
0
0
0
0
0
0
0
0
0
0
0
0
0
0
0
0
0
0
0
0
0
0
0
0
0
0
0
0
0
0
0
0
0
0
0
0
0
0
0
0
0
0
0
0
0
0
0
0
0
0
0
0
0
0
0
0
0
0
0
0
0
0
0
0
0
0
0
0
0
0
0
0
0
0
0
0
0
0
0
0
0
0
0
0
0
0
0
0
0
0
0
0
0
0
0
0
0
0
0
0
0
0
0
0
0
0
0
0
0
0
0
0
0
0
0
0
0
0
0
0
0
0
0
0
0
0
0
0
0
0
0
0
0
0
0
0
0
0
0
0
0
0
0
0
0
0
0
0
0
0
0
0
0
0
0
0
0
0
0
0
1
1
0
0
0
0
0
0
0
0
0
0
0
0
0
0
0
0
0
0
0
0
0
0
0
0
0
0
0
0
0
0
0
0
0
0
0
0
0
0
0
0
0
0
0
0
0
0
0
0
0
0
0
0
0
0
0
0
0
0
0
0
0
0
0
0
0
0
0
0
0
0
0
0
0
0
0
0
0
0
0
0
0
0
0
0
0
0
0
0
0
0
0
0
0
0
0
0
0
0
0
0
0
0
0
0
0
0
0
0
0
0
0
0
0
0
0
0
0
0
0
0
0
0
0
0
0
0
0
0
0
0
0
0
0
0
0
0
0
0
0
0
0
0
0
0
0
0
0
0
0
0
0
0
0
0
0
0
0
0
0
0
0
0
0
0
0
0
0
0
0
0
0
0
0
0
0
0
0
0
0
0
0
0
0
0
0
0
0
0
0
0
0
0
0
0
0
0
0
0
0
0
0
0
0
0
0
0
0
0
0
0
0
0
0
0
0
0
0
0
0
0
0
0
0
0
0
0
0
0
0
0
0
0
0
0
0
0
0
0
0
0
0
0
0
0
0
0
0
0
0
0
0
0
0
0
0
0
0
0
0
0
0
0
0
0
0
0
0
0
0
0
0
0
0
0
0
0
0
0
0
0
0
0
0
0
0
0
0
0
0
0
0
0
0
0
0
0
0
0
0
0
0
0
0
0
0
0
0
0
0
0
0
0
0
0
0
0
0
0
0
0
0
0
0
0
0
0
0
0
0
0
0
0
0
0
0
0
0
0
0
0
0
0
0
0
0
0
0
0
0
0
0
0
0
0
0
0
0
0
0
0
0
0
0
0
0
0
0
0
0
0
0
0
0
0
0
0
0
0
0
0
0
0
0
0
0
0
0
0
0
0
0
0
0
0
0
0
0
0
0
0
0
0
0
0
0
0
0
0
0
0
0
0
0
0
0
0
0
0
0
0
0
0
0
0
0
0
0
0
0
0
0
0
0
0
0
0
0
0
0
0
0
0
0
0
0
0
0
0
0
0
0
0
0
0
0
0
0
0
0
0
0
0
1
0
0
0
0
0
0
0
0
0
0
0
0
0
0
0
0
0
0
0
0
0
0
0
0
0
0
0
0
0
0
0
0
0
0
0
0
0
0
0
0
0
0
0
0
0
0
0
0
0
0
0
0
0
0
0
0
0
0
0
0
0
0
0
0
0
0
0
0
0
0
0
0
0
0
0
0
0
0
0
0
0
0
0
0
0
0
0
0
0
0
0
0
0
0
0
0
0
0
0
0
0
0
0
0
0
0
0
0
0
0
0
0
0
0
0
0
0
0
0
0
0
0
0
0
0
0
0
0
0
0
0
0
0
0
0
0
0
0
0
0
0
0
0
0
0
0
0
0
0
0
0
0
0
0
0
0
0
0
0
0
0
0
0
0
0
0
0
0
0
0
0
0
0
0
0
0
0
0
0
0
0
0
0
0
0
0
0
0
0
0
0
0
0
0
0
0
0
0
0
0
0
0
0
0
0
0
0
0
0
0
0
0
0
0
0
0
0
0
0
0
0
0
0
0
0
0
0
0
0
0
0
0
0
0
0
0
0
0
0
0
0
0
0
0
0
0
0
0
0
0
0
0
0
0
0
0
0
0
0
0
0
0
0
0
0
0
0
0
0
0
0
0
0
0
0
0
0
0
0
0
0
0
0
0
0
0
0
0
0
0
0
0
0
0
0
0
0
0
0
0
0
0
0
0
0
0
0
0
0
0
0
0
0
0
0
0
0
0
0
0
0
0
0
0
0
0
0
0
0
0
0
0
0
0
0
0
0
0
0
0
0
0
0
0
0
0
0
0
0
0
0
0
0
0
0
0
0
0
0
0
0
0
0
0
0
0
0
0
0
0
0
0
0
0
0
0
0
0
0
0
0
0
0
0
0
0
0
0
0
0
0
0
0
0
0
0
0
0
0
0
0
0
0
0
0
0
0
0
0
0
0
0
0
0
0
0
0
0
0
0
0
0
0
0
0
0
0
0
0
0
0
0
0
0
0
0
0
0
0
0
0
0
0
0
0
0
0
0
0
0
0
0
0
0
0
0
0
0
0
0
0
0
0
0
0
0
0
0
0
0
0
0
0
0
0
0
0
0
0
0
0
0
0
0
0
0
0
0
0
0
0
0
0
0
0
0
0
0
0
0
0
0
0
0
0
0
0
0
0
0
0
0
0
0
0
0
0
0
0
0
0
0
0
0
0
0
0
0
0
0
0
0
0
0
0
0
0
0
0
0
0
0
0
0
0
0
0
0
0
0
0
0
0
0
0
0
0
0
0
0
0
0
0
0
0
0
0
0
0
0
0
0
0
0
0
0
0
0
0
0
0
0
0
0
0
0
0
0
0
0
0
0
0
0
0
0
0
0
0
0
0
0
0
0
0
0
0
0
0
0
0
0
0
0
0
0
0
0
0
0
0
0
0
0
0
0
0
0
0
0
0
0
0
0
0
0
0
0
0
0
0
0
0
0
0
0
0
0
0
0
0
0
0
0
0
0
0
0
0
0
0
0
0
0
0
0
0
0
0
0
0
0
0
0
0
0
0
0
0
0
0
0
0
0
0
0
0
0
0
0
0
0
0
0
0
0
0
0
0
0
0
0
0
0
0
0
0
0
0
0
0
0
0
0
0
0
0
0
0
0
0
0
0
0
0
0
0
0
0
0
0
0
0
0
0
0
0
0
0
0
0
0
0
0
0
0
0
1
0
0
0
0
0
0
0
0
0
0
0
0
0
0
0
0
0
0
0
0
0
0
0
0
0
0
0
0
0
0
0
0
0
0
0
0
0
0
0
0
0
0
0
0
0
0
0
0
0
0
0
0
0
0
0
0
0
0
0
0
0
0
0
0
0
0
0
0
0
0
0
0
0
0
0
0
0
0
0
0
0
0
0
0
0
0
0
0
0
0
0
0
0
0
0
0
0
0
0
0
0
0
0
0
0
0
0
0
0
0
0
0
0
0
0
0
0
0
0
0
0
0
0
0
0
0
0
0
0
0
0
0
0
0
0
0
0
0
0
0
0
0
0
0
0
0
0
0
0
0
0
0
0
0
0
0
0
0
0
0
0
0
0
0
0
0
0
0
0
0
0
0
0
0
0
0
0
0
0
0
0
0
0
0
0
0
0
0
0
0
0
0
0
0
0
0
0
0
0
0
0
0
0
0
0
0
0
0
0
0
0
0
0
0
0
0
0
0
0
0
0
0
0
0
0
0
0
0
0
0
0
0
0
0
0
0
0
0
0
0
0
0
0
0
0
0
0
0
0
0
0
0
0
0
0
0
0
0
0
0
0
0
0
0
0
0
0
0
0
0
0
0
0
0
0
0
0
0
0
0
0
0
0
0
0
0
0
0
0
0
0
0
0
0
0
0
0
0
0
0
0
0
0
0
0
0
0
0
0
0
0
0
0
0
0
0
0
0
0
0
0
0
0
0
0
0
0
0
0
0
0
0
0
0
0
0
0
0
0
0
0
0
0
0
0
0
0
0
0
0
0
0
0
0
0
0
0
0
0
0
0
0
0
0
0
0
0
0
0
0
0
0
0
0
0
0
0
0
0
0
0
0
0
0
0
0
0
0
0
0
0
0
0
0
0
0
0
0
0
0
0
0
0
0
0
0
0
0
0
0
0
0
0
1
0
0
0
0
0
0
0
0
0
0
0
0
0
0
0
0
0
0
0
0
0
0
0
0
0
0
0
0
0
0
0
0
0
0
0
0
0
0
0
0
0
0
0
0
0
0
0
0
0
0
0
0
0
0
0
0
0
0
0
0
0
0
0
0
0
0
0
0
0
0
0
0
0
0
0
0
0
0
0
0
0
0
0
0
0
0
0
0
0
0
0
0
0
0
