0
0
0
0
0
0
0
0
0
0
9792
13220
13038
13163
12911
13026
12613
12847
12681
12522
12862
12699
12700
12772
12524
12479
12382
12601
12625
12369
12534
12366
12430
12423
12355
12357
12504
12210
12401
12302
12268
12375
12276
12104
12246
12211
12150
12121
12199
12283
11950
11902
12084
12218
12066
11950
11935
11980
11968
11933
12073
11850
11992
12023
11847
11821
11815
12068
11799
11859
11747
11862
11913
11794
11625
11774
11647
11832
11542
11790
11555
11724
11448
11608
11553
11724
11817
11379
11335
11554
11448
11389
11524
11481
11349
11289
11357
11171
11378
11319
11352
11113
11254
11321
11083
11285
11243
11263
11367
11214
11217
11179
10998
11241
11239
11195
10883
11118
11120
11008
11094
11111
10992
10976
10986
10883
11080
11002
10782
11046
11002
10667
10954
10705
11012
10915
11002
10934
10894
10917
10836
10747
10726
10702
10637
10531
10821
10462
10793
10584
10734
10664
10573
10542
10481
10522
10325
10537
10538
10470
10514
10349
10553
10538
10301
10510
10306
10435
10473
10405
10459
10368
10385
10211
10251
10272
10233
10238
10405
10424
10202
10215
9951
9938
10239
10100
10291
10227
10121
9947
10141
10079
10005
10103
9943
10152
10061
10051
10027
10021
9671
10077
9860
10019
9957
10043
9963
9924
9875
9708
9649
9847
9748
9774
9904
9806
9626
9777
9739
9644
9723
9481
9743
9688
9658
9630
9659
9596
9650
9660
9615
9579
9615
9562
9560
9681
9626
9301
9426
9525
9496
9400
9537
9520
9345
9499
9521
9269
9457
9340
9376
9275
9360
9192
9071
9207
9151
9141
9153
9196
9322
9242
9155
9120
9096
9350
9152
9138
9215
9046
9170
9061
9189
9215
9092
9057
9166
9117
8908
8981
8960
9189
8787
8820
8865
8684
9012
8942
8844
9048
8821
8927
8842
8797
8852
8749
8788
8783
8882
8700
8712
8981
8840
8642
8515
8842
8804
8457
8616
8484
8637
8565
8676
8800
8720
8700
8541
8556
8480
8647
8627
8408
8536
8610
8465
8632
8432
8696
8553
8430
8355
8506
8394
8383
8428
8326
8459
8415
8329
8332
8394
8347
8349
8231
8296
8334
8052
8205
8295
8280
8339
8233
8276
8313
8379
8154
8158
8182
8151
7997
8152
8193
8218
8034
7946
8101
7978
8084
7881
8094
8096
7875
7940
7968
7880
7904
7981
8066
7977
7931
7977
7836
8059
7947
7987
7840
7948
7874
7965
7869
7882
7864
7849
7905
7788
7799
7815
7862
7622
7974
7750
7690
7720
7775
7844
7768
7653
7637
7576
7625
7524
7453
7643
7657
7566
7522
7600
7582
7401
7773
7710
7428
7599
7560
7567
7515
7682
7538
7476
7562
7566
7448
7435
7364
7366
7429
7218
7217
7458
7324
7201
7279
7393
7257
7378
7292
7344
7379
7385
7437
7220
7361
7247
7340
7120
7232
7211
7136
7241
7355
7195
7067
7165
7213
7248
7006
7049
7080
7054
7009
7098
7045
6902
7001
7099
6973
7088
6994
7062
7187
7079
6862
7086
6954
7097
6918
6996
6850
6937
6796
7036
6833
6993
6882
6880
6767
6789
6900
6871
6711
6720
6756
6777
6739
6555
6774
6665
6728
6716
6645
6760
6803
6667
6815
6699
6813
6564
6668
6779
6518
6933
6602
6617
6663
6702
6551
6447
6601
6668
6469
6657
6426
6477
6510
6627
6431
6562
6525
6515
6434
6582
6412
6476
6421
6516
6480
6458
6420
6418
6519
6458
6373
6480
6445
6355
6437
6465
6306
6417
6422
6282
6400
6191
6341
6335
6348
6259
6294
6353
6178
6144
6201
6100
6084
6249
6270
6223
6156
6217
6182
6203
6220
6181
6300
6185
6064
6117
6196
6119
5944
6125
6155
6032
6077
6124
6000
5992
6057
6087
6125
6041
6001
5810
6009
6021
5945
5991
5885
5902
6027
5937
5886
5820
5996
5940
5848
5890
5982
5923
5887
5939
5863
5831
5749
5956
5716
5872
5869
5863
5658
5917
5778
5845
5839
5751
5686
5690
5839
5784
5741
5771
5676
5699
5686
5755
5701
5696
5512
5552
5661
5676
5499
5581
5512
5722
5719
5546
5563
5582
5661
5499
5570
5523
5491
5642
5565
5514
5484
5636
5611
5517
5576
5491
5392
5387
5343
5460
5457
5496
5470
5410
5434
5461
5384
5405
5371
5270
5375
5279
5302
5384
5403
5392
5294
5269
5158
5359
5222
5173
5255
5099
5284
5220
5218
5380
5284
5286
5286
5118
5092
5337
5270
5179
5289
5240
5255
5135
5103
5262
5223
5192
5211
5261
5132
5060
5074
4996
5244
5169
5036
4921
4868
5163
5137
4989
5070
5093
5162
5114
4886
4983
5022
5080
5028
4993
4939
4925
4983
4925
5044
5032
4901
4941
4885
4960
4961
4786
5110
4926
4911
4931
4958
4839
4976
5078
4842
4930
4840
4924
4786
4671
4948
4869
4769
4877
4972
4779
4838
4817
4724
4742
4765
4663
4822
4676
4746
4708
4716
4729
4689
4786
4780
4805
4766
4723
4633
4805
4650
4675
4653
4555
4578
4620
4643
4689
4597
4675
4589
4621
4624
4574
4494
4642
4695
4617
4556
4488
4614
4642
4430
4562
4484
4619
4596
4444
4490
4602
4489
4440
4551
4508
4543
4473
4443
4503
4509
4432
4583
4410
4375
4448
4438
4324
4410
4434
4386
4370
4375
4481
4443
4263
4380
4501
4350
4357
4203
4397
4382
4365
4409
4438
4330
4372
4313
4406
4239
4308
4163
4175
4098
4266
4332
4282
4134
4139
4300
4134
4204
4219
4221
4213
4179
4219
4131
4170
4087
4197
4172
4202
4199
4184
4189
4188
4062
4190
4173
4126
4101
4051
4012
4091
4196
4137
4014
4110
4025
4072
3972
4097
3978
4087
3931
3969
4100
3961
3955
4036
4105
4001
3971
3944
3936
3927
3967
3935
4140
3937
3899
3974
4027
4072
3881
3920
4042
3865
3963
3888
3949
3882
3904
3923
3793
3949
3864
3876
3841
3847
3967
3900
3857
3835
3932
3928
3722
4032
3770
3826
3712
3782
3841
3733
3892
3842
3839
3865
3678
3865
3731
3729
3781
3662
3789
3835
3799
3748
3778
3809
3643
3702
3665
3741
3710
3674
3653
3726
3712
3660
3610
3656
3605
3546
3693
3696
3552
3645
3664
3597
3638
3709
3639
3642
3430
3545
3597
3589
3650
3543
3567
3649
3551
3563
3595
3551
3644
3525
3569
3532
3641
3546
3458
3540
3425
3511
3563
3506
3527
3489
3581
3516
3493
3600
3510
3528
3478
3489
3414
3434
3461
3561
3407
3415
3373
3355
3615
3336
3443
3416
3441
3312
3441
3451
3265
3346
3196
3399
3343
3407
3437
3348
3414
3254
3348
3391
3281
3398
3274
3264
3332
3398
3306
3356
3298
3245
3247
3275
3295
3276
3318
3340
3254
3216
3320
3253
3253
3143
3213
3300
3236
3170
3161
3255
3225
3318
3173
3184
3217
3209
3130
3209
3221
3159
3245
3138
3203
3155
3222
3191
3092
3152
3282
3109
3068
3162
3133
3256
3063
3156
3089
3070
3075
3172
3189
3075
3198
3049
3112
3076
3075
3068
3086
3095
3052
3065
2900
3177
3066
3004
2963
2990
2994
2948
2948
3055
3030
2991
2962
2952
3081
2998
3101
3011
3017
2969
3006
2997
2947
2919
2937
3035
2989
3011
3048
2979
2930
2955
2988
3015
2994
2974
2920
2899
3009
2873
2953
2894
2883
2922
2929
2935
2887
2863
2752
2873
2841
2879
2893
2889
2842
2844
2792
2915
2824
2880
2808
2799
2795
2786
2727
2744
2902
2834
2757
2723
2724
2809
2772
2811
2750
2755
2774
2751
2748
2746
2681
2663
2769
2703
2726
2746
2737
2708
2752
2770
2697
2743
2693
2683
2764
2636
2670
2690
2742
2660
2674
2612
2706
2682
2637
2701
2684
2632
2684
2647
2723
2617
2676
2684
2660
2619
2642
2537
2633
2726
2635
2560
2580
2650
2635
2604
2665
2582
2556
2585
2636
2572
2623
2508
2594
2530
2690
2567
2469
2573
2541
2575
2583
2546
2504
2575
2546
2487
2483
2484
2531
2566
2577
2543
2494
2533
2495
2506
2536
2498
2586
2505
2441
2428
2439
2464
2468
2450
2539
2531
2489
2432
2444
2457
2481
2476
2467
2418
2500
2451
2416
2419
2465
2402
2354
2395
2406
2424
2443
2403
2392
2367
2373
2458
2326
2334
2388
2357
2324
2371
2408
2306
2376
2331
2399
2277
2339
2286
2365
2331
2238
2305
2225
2307
2329
2416
2316
2393
2358
2292
2276
2237
2390
2342
2231
2294
2255
2328
2242
2312
2319
2295
2306
2205
2257
2286
2313
2353
2304
2285
2229
2299
2220
2210
2165
2259
2211
2200
2248
2157
2234
2204
2269
2215
2287
2177
2237
2209
2198
2240
2241
2203
2137
2149
2197
2183
2108
2213
2231
2163
2203
2204
2229
2133
2144
2205
2250
2137
2176
2161
2239
2166
2156
2144
2099
2152
2152
2130
2128
2095
2114
2074
2040
2117
2119
2098
2109
2080
2016
2159
2101
2105
1975
2082
2023
2119
2118
2038
2096
2116
2061
2088
2042
2089
2013
2057
2087
2028
2080
2038
2080
2029
2015
2009
2034
2040
1999
2122
2023
1976
2097
2044
2146
2035
1965
2098
1997
1993
2076
2031
2014
2098
1969
1985
1999
1970
1907
1913
2013
1951
2076
2044
1935
1979
1941
1970
1965
1924
1927
1926
1967
1941
1873
1972
1939
1915
1883
1913
1918
1877
1824
1907
1964
1899
1940
1950
1943
1980
1825
1971
1920
1944
1879
1962
1930
1874
1891
1902
1903
1846
1816
1881
1872
1835
1919
1840
1882
1835
1842
1820
1834
1806
1854
1878
1861
1809
1876
1860
1793
1885
1760
1797
1718
1817
1777
1800
1821
1798
1884
1811
1792
1804
1765
1741
1816
1824
1755
1846
1749
1763
1791
1787
1760
1731
1730
1754
1754
1760
1739
1812
1739
1685
1780
1833
1771
1717
1753
1755
1775
1770
1738
1680
1701
1771
1645
1650
1687
1704
1711
1735
1630
1696
1674
1672
1742
1660
1692
1749
1709
1792
1668
1716
1702
1657
1677
1689
1726
1752
1707
1599
1643
1695
1655
1660
1687
1572
1628
1625
1642
1674
1641
1638
1657
1608
1594
1605
1590
1574
1644
1593
1590
1559
1583
1675
1604
1600
1628
1637
1558
1587
1571
1604
1642
1637
1566
1611
1607
1565
1664
1562
1540
1546
1587
1538
1514
1527
1543
1575
1604
1533
1558
1552
1516
1603
1589
1583
1547
1546
1516
1530
1591
1545
1544
1537
1568
1530
1578
1485
1465
1528
1551
1456
1477
1490
1510
1486
1473
1484
1542
1426
1427
1464
1526
1486
1471
1476
1440
1501
1540
1433
1396
1473
1414
1491
1453
1469
1467
1511
1434
1532
1431
1440
1520
1414
1462
1477
1468
1437
1448
1491
1509
1447
1376
1424
1324
1453
1463
1410
1493
1425
1389
1421
1419
1435
1416
1350
1426
1435
1391
1464
1454
1428
1411
1469
1334
1394
1388
1426
1401
1444
1360
1371
1413
1366
1425
1426
1344
1344
1461
1368
1369
1389
1412
1339
1278
1350
1332
1341
1413
1360
1429
1301
1302
1311
1396
1369
1376
1360
1320
1351
1275
1467
1303
1332
1297
1318
1327
1297
1309
1288
1393
1281
1306
1300
1367
1321
1353
1373
1360
1307
1275
1311
1352
1250
1329
1280
1297
1300
1289
1239
1314
1340
1245
1276
1294
1292
1292
1302
1325
1278
1286
1256
1264
1269
1270
1240
1186
1287
1284
1269
1206
1265
1286
1308
1269
1365
1210
1225
1231
1258
1247
1282
1309
1210
1253
1199
1199
1248
1250
1169
1218
1199
1257
1261
1230
1218
1170
1218
1220
1161
1197
1285
1221
1240
1186
1233
1211
1211
1171
1215
1207
1131
1256
1142
1234
1164
1234
1219
1160
1145
1181
1119
1235
1201
1124
1130
1167
1182
1173
1168
1226
1199
1180
1217
1115
1187
1181
1229
1184
1151
1132
1161
1174
1115
1130
1163
1150
1148
1152
1147
1106
1206
1082
1106
1101
1119
1109
1121
1150
1090
1153
1103
1096
1117
1151
1081
1148
1120
1184
1038
1139
1090
1164
1063
1021
1149
1143
1065
1107
1099
1038
1106
1106
1134
1032
1054
1082
1065
1068
1118
1070
1088
1091
972
1071
1052
1066
1080
1040
1026
1043
1078
1012
1009
1083
1090
1088
1025
1065
1013
1064
1079
1083
983
1038
990
1041
994
998
1032
986
1054
1067
1027
1034
1058
1019
1067
1024
1072
1081
1000
1065
1021
988
1013
1040
1017
1064
1028
986
1045
1080
956
1015
1014
1037
969
1035
967
1023
1043
1016
1010
1026
996
1011
1003
1038
1011
960
1036
980
1030
1025
996
1010
945
1025
998
932
978
973
1007
961
983
1000
950
955
993
998
948
921
964
926
918
961
967
937
983
1014
965
896
980
964
887
978
969
932
929
887
981
972
921
1008
916
917
1001
972
960
916
933
866
967
935
869
867
915
870
935
866
919
910
909
905
932
897
857
854
916
901
921
972
895
881
953
919
895
907
886
918
885
867
819
907
912
890
890
931
884
1002
887
869
895
901
858
858
897
853
893
899
913
831
875
842
872
878
888
865
854
865
888
857
838
914
809
852
854
825
817
854
821
840
827
853
867
880
827
845
852
865
830
833
865
816
851
789
807
824
826
853
827
784
814
767
829
743
788
824
824
799
783
801
813
803
811
808
812
751
833
833
776
776
794
775
768
801
809
803
757
788
829
814
793
806
779
761
845
765
783
810
758
776
766
829
767
746
801
785
768
778
775
789
807
780
779
794
788
810
738
689
764
767
785
807
738
792
756
778
739
766
740
694
771
748
778
680
762
723
761
724
741
734
771
770
734
756
730
707
751
725
706
715
710
751
672
678
790
773
696
690
753
709
759
722
726
683
698
737
725
713
700
695
739
759
698
678
713
757
707
718
692
659
716
691
681
705
729
729
688
712
698
705
757
696
691
707
704
691
692
670
729
639
705
709
743
695
687
761
691
669
656
669
679
654
649
705
720
667
651
688
693
683
682
649
711
676
638
626
644
697
646
669
642
680
672
660
682
642
644
693
645
653
685
693
635
677
666
659
599
600
664
629
695
605
623
595
664
646
676
633
629
627
626
654
619
611
634
648
605
642
589
655
603
633
619
661
629
632
670
628
618
683
592
593
647
597
620
593
629
655
605
662
630
640
652
654
608
619
612
633
619
637
598
584
599
576
587
604
627
588
596
609
650
601
584
597
595
581
621
601
630
570
609
561
599
608
594
636
622
605
626
613
625
591
587
603
596
563
584
571
541
542
587
566
579
562
598
602
612
607
548
552
606
579
589
568
572
556
559
546
582
562
595
503
570
557
555
559
559
543
558
552
555
573
573
564
538
582
488
550
541
531
582
546
513
574
560
533
550
568
498
560
580
531
568
537
498
542
550
571
568
524
553
532
542
501
505
496
506
564
524
483
505
532
595
568
515
487
510
490
574
542
548
502
498
547
515
538
526
521
521
577
528
510
526
513
495
565
500
529
560
448
538
501
460
496
534
489
522
509
481
496
474
494
498
511
454
498
498
483
476
466
523
496
537
479
515
478
482
502
523
509
508
466
481
443
487
486
453
474
497
516
484
466
532
488
521
521
495
498
475
446
494
450
462
478
455
451
464
469
506
453
467
468
476
487
446
489
482
491
453
501
470
445
446
477
438
466
446
436
461
457
450
466
483
423
493
454
434
456
434
447
435
490
455
434
482
455
478
447
443
482
514
458
456
451
424
452
465
474
441
411
446
410
420
453
430
424
416
432
436
476
449
453
429
434
444
422
426
454
438
413
423
421
417
443
387
429
413
425
460
433
386
444
440
409
432
447
403
431
470
387
443
415
409
417
359
443
408
445
408
409
414
426
392
423
422
426
445
398
418
432
374
408
423
403
407
390
418
392
412
440
423
363
420
400
372
416
449
438
387
395
398
380
383
375
397
397
385
410
401
398
400
408
421
397
411
388
407
391
392
381
388
401
430
416
373
382
399
399
373
366
388
405
361
363
362
367
401
373
363
389
375
393
405
343
390
389
381
416
395
374
360
349
348
386
418
364
363
407
374
345
391
328
355
352
381
380
375
373
359
391
387
370
325
342
370
357
332
344
354
361
374
395
346
364
333
350
353
359
367
362
384
347
351
381
363
333
345
369
339
359
338
359
315
352
346
372
339
324
373
365
345
382
349
367
340
328
327
339
343
350
339
347
350
318
345
315
339
312
362
342
321
322
389
360
309
316
338
340
336
316
363
347
341
325
357
309
333
353
350
349
350
348
342
348
314
336
308
340
301
341
277
300
319
344
319
310
313
327
321
295
329
346
326
311
325
329
344
305
342
319
315
348
298
298
313
327
302
321
313
290
324
302
296
301
302
288
333
298
293
326
309
301
304
287
290
300
279
311
297
327
282
267
282
323
324
292
288
309
277
320
319
272
306
291
312
320
335
265
287
297
339
307
297
314
282
271
277
310
261
282
303
338
313
273
280
303
301
284
275
300
289
265
255
290
271
272
291
282
319
305
270
295
307
278
275
308
299
292
301
253
280
267
285
269
261
277
283
282
270
288
321
279
279
284
296
258
256
287
252
284
264
278
306
283
278
260
288
252
254
237
276
257
256
295
268
278
273
249
240
283
285
288
286
256
283
267
251
269
260
265
270
273
275
249
275
239
268
276
269
271
274
277
239
265
260
252
220
235
265
282
254
300
267
254
254
243
257
242
261
255
230
282
254
226
283
250
259
259
303
262
235
231
266
244
269
258
290
245
247
247
252
239
281
250
267
248
281
242
234
257
263
230
255
241
270
253
228
261
247
261
257
244
241
227
256
253
244
254
242
252
241
249
256
249
253
234
244
234
237
247
237
242
228
231
218
244
250
236
246
235
232
256
235
223
225
249
227
219
221
228
230
206
222
248
219
259
239
234
229
231
215
241
241
235
227
214
221
221
248
203
222
214
235
245
224
208
238
233
216
242
205
222
205
226
238
222
204
233
217
204
217
211
188
203
205
210
208
252
207
191
222
217
219
245
221
211
217
245
220
210
212
205
247
229
200
199
187
236
218
211
219
183
212
191
206
222
199
261
205
204
217
209
207
226
225
210
204
207
220
204
227
199
211
200
205
192
199
189
189
221
210
219
214
202
224
218
213
228
215
204
193
196
204
207
188
217
207
198
206
213
198
170
198
200
198
201
192
188
197
193
208
211
183
228
183
181
196
169
184
191
201
212
190
182
205
195
174
203
189
189
188
160
177
198
173
205
211
180
194
173
211
187
204
198
210
183
207
178
182
189
187
185
187
205
193
192
185
178
184
176
197
164
185
216
176
198
170
190
202
148
215
165
181
190
181
183
167
162
187
175
165
176
194
157
190
157
182
177
189
194
181
174
184
188
197
174
181
168
181
161
168
185
170
171
182
153
166
176
177
164
177
172
164
170
182
179
177
148
163
160
164
148
168
179
177
130
175
140
150
189
163
167
159
164
177
166
184
183
163
169
164
165
170
175
167
165
176
162
165
159
175
149
186
174
156
180
153
181
164
173
180
166
168
157
155
198
180
156
178
150
149
163
175
173
170
212
172
137
160
161
144
158
165
150
170
139
169
160
136
147
167
149
155
164
152
157
132
140
147
144
163
148
171
168
179
155
180
156
133
145
149
165
172
160
164
142
158
155
143
157
156
168
137
155
139
135
152
144
136
121
172
147
157
126
132
146
138
139
159
133
140
133
138
143
136
149
153
136
148
168
150
143
147
151
147
125
145
146
137
152
149
143
149
155
146
141
133
126
147
133
150
128
142
120
146
140
143
152
133
125
139
150
137
149
127
130
144
148
111
132
123
149
138
130
123
154
145
128
138
148
129
138
145
132
147
127
140
146
118
135
125
149
116
144
146
151
142
119
123
128
125
157
128
113
134
123
114
147
133
120
128
148
141
144
138
123
152
121
124
125
128
132
125
132
107
151
115
140
135
134
125
131
115
101
104
109
120
124
113
110
127
130
129
104
132
127
115
115
113
138
129
124
129
122
121
150
120
118
141
101
152
126
121
124
105
142
127
121
119
114
130
133
121
143
123
128
122
126
129
109
134
124
108
126
105
95
128
114
131
97
127
115
133
107
116
120
120
92
117
128
133
128
130
113
130
92
122
98
108
106
128
129
102
130
131
113
107
121
111
129
115
118
105
99
110
111
114
110
117
123
106
114
117
99
116
108
102
121
120
127
133
126
105
100
86
130
116
99
103
126
126
103
92
102
110
101
96
99
101
111
97
103
129
119
105
87
127
94
114
128
114
117
117
103
109
103
101
110
101
93
127
111
112
116
92
112
112
85
90
96
121
102
104
96
101
94
98
95
114
90
107
83
85
104
94
116
120
96
102
99
99
119
97
104
94
106
104
87
89
103
87
97
101
112
94
100
103
107
105
95
88
105
107
99
105
104
102
116
111
100
81
99
93
100
93
96
79
89
93
88
103
89
91
111
103
115
110
87
89
81
89
76
102
95
91
91
76
88
95
84
105
91
79
87
92
105
97
99
93
96
96
83
98
85
110
81
84
92
124
105
91
89
110
97
93
66
89
95
86
97
79
95
98
95
101
76
84
88
92
90
100
90
88
97
76
84
83
86
90
96
88
97
78
84
83
86
91
92
95
80
113
84
79
102
80
90
75
93
93
76
96
86
89
84
97
79
97
95
94
81
88
84
98
72
81
78
85
98
77
79
75
90
88
82
67
86
85
76
93
95
103
84
95
79
101
65
92
79
65
105
71
93
69
70
68
81
77
90
84
91
82
74
87
65
74
77
84
75
76
86
66
81
65
60
76
87
76
69
67
83
77
76
76
94
82
82
85
67
97
74
77
74
63
85
62
70
68
95
76
78
72
75
88
73
98
67
99
87
85
83
68
67
84
76
67
60
80
80
75
70
85
78
72
83
75
72
91
90
77
75
62
77
52
70
69
60
66
82
72
76
84
70
76
75
68
84
72
70
91
64
64
59
89
64
67
76
77
73
76
68
64
63
75
84
71
78
70
77
66
67
84
65
80
65
71
91
76
76
71
68
75
71
69
59
60
71
75
67
60
66
63
66
67
68
66
69
83
77
80
58
60
79
68
69
68
58
65
70
52
73
70
54
63
66
67
75
62
67
62
57
53
59
66
72
78
49
57
56
48
47
58
64
68
69
69
62
74
51
67
58
60
70
65
79
84
69
51
62
64
50
56
53
80
60
62
67
68
59
61
69
55
48
42
71
68
46
63
60
82
68
80
65
62
61
72
64
59
54
57
57
65
69
60
81
50
65
45
67
62
65
69
53
60
52
60
56
72
61
58
64
71
68
62
57
66
61
72
52
61
59
70
53
46
52
58
62
66
63
53
64
54
66
59
60
68
64
52
72
55
63
61
51
63
44
64
61
49
70
54
55
63
66
48
49
64
52
48
56
56
59
63
64
52
54
63
64
54
44
55
56
54
57
47
50
62
61
65
54
58
62
68
51
56
73
59
45
49
60
42
46
60
62
62
67
65
45
53
43
53
53
55
59
67
50
57
53
47
51
55
44
55
47
57
44
53
45
41
48
49
54
56
50
52
50
49
50
49
53
55
62
59
52
57
56
63
55
47
61
60
54
56
51
64
41
61
50
39
53
53
48
45
55
41
44
54
47
59
49
52
54
38
59
60
46
40
48
53
43
60
40
47
50
38
56
55
51
47
51
61
47
47
51
58
44
44
49
45
60
49
48
53
39
48
33
43
50
50
53
35
45
29
51
45
43
41
54
46
47
55
55
44
42
52
37
51
37
38
42
33
49
40
44
47
39
37
45
41
37
38
48
42
37
52
40
35
46
43
42
36
58
42
44
67
45
50
46
53
46
47
42
43
49
41
42
44
52
39
49
38
40
47
38
41
46
37
35
39
41
42
41
44
38
43
44
47
38
47
47
40
42
39
39
50
51
43
38
44
49
42
44
49
42
52
60
46
42
30
48
41
37
40
47
39
38
51
55
36
38
49
39
39
37
39
37
37
35
50
30
39
46
39
30
38
41
45
43
50
31
35
45
41
46
40
38
42
38
43
34
52
41
36
45
45
53
39
42
50
36
40
41
39
42
24
41
58
51
29
44
28
53
40
50
43
44
44
39
45
46
39
43
41
44
52
38
37
39
30
41
35
32
42
34
48
45
37
43
41
27
35
46
31
39
32
36
36
43
35
35
45
20
30
29
44
42
30
35
40
43
28
41
33
37
40
35
37
36
37
50
30
36
24
25
27
45
28
36
38
37
31
49
31
40
34
32
46
39
20
35
33
31
36
39
37
37
37
28
33
40
33
36
41
33
29
27
39
26
28
38
29
27
38
34
29
34
35
24
36
25
37
38
42
30
30
29
45
34
36
32
31
33
30
33
44
41
28
43
30
29
27
43
34
21
30
34
37
32
38
37
37
35
42
21
40
42
47
33
23
41
26
34
34
32
34
31
31
37
32
29
29
28
29
31
30
41
28
31
31
27
33
31
25
22
37
25
35
31
33
31
27
37
35
32
26
32
28
31
30
30
35
29
32
28
27
32
34
34
44
33
38
28
28
33
35
35
26
31
34
19
32
35
29
36
30
25
30
25
36
30
39
33
37
34
34
25
25
29
25
28
32
25
26
21
20
39
35
38
23
30
32
33
31
35
28
23
31
18
29
23
31
31
26
23
29
35
28
30
33
29
27
23
29
22
31
34
19
24
29
21
21
29
30
16
24
23
31
28
27
25
27
29
26
22
21
30
33
28
23
22
42
24
25
37
25
38
22
35
28
30
26
21
23
28
33
34
25
21
26
25
31
32
26
18
31
19
25
24
20
27
27
22
17
35
22
30
39
24
22
32
19
28
18
36
26
23
21
30
24
36
27
22
26
33
26
27
28
22
26
23
36
29
25
32
27
17
30
30
23
24
20
30
20
21
32
28
25
17
27
25
21
22
28
33
29
19
22
23
18
15
20
27
21
21
25
24
33
20
31
30
25
20
26
20
23
15
24
14
21
19
22
27
27
24
28
23
21
26
20
29
20
29
20
30
21
22
22
27
24
26
21
21
27
18
21
26
29
28
26
21
23
23
14
25
20
20
22
23
27
20
25
21
19
31
22
25
30
17
22
24
26
18
21
26
18
18
21
29
17
22
19
20
30
33
24
23
20
18
25
20
22
22
29
26
18
25
25
15
18
35
22
21
21
21
25
18
21
41
21
21
15
17
18
20
20
20
16
17
29
28
25
27
25
20
14
18
18
32
19
17
21
21
10
22
27
21
27
16
10
19
15
18
23
23
12
20
16
13
22
17
24
17
17
23
23
24
15
17
22
17
23
18
18
21
18
25
28
14
20
19
22
15
16
28
19
19
12
19
16
17
14
17
8
19
17
20
24
21
15
20
20
21
13
24
25
19
22
19
12
15
16
23
13
23
17
19
30
17
21
15
18
14
18
22
23
30
13
18
21
15
22
15
17
18
17
29
21
16
14
15
12
26
13
15
19
15
11
27
23
19
21
17
14
13
16
14
20
17
14
22
20
17
16
14
16
16
21
20
14
17
11
20
11
14
13
21
23
16
21
23
24
18
18
16
14
8
13
18
18
19
13
12
19
15
21
15
14
24
8
13
15
14
12
13
12
12
21
15
22
15
16
19
11
14
18
19
12
19
18
25
20
22
17
16
19
13
16
22
12
10
8
23
29
19
23
14
19
18
14
20
16
15
10
14
15
16
10
15
18
18
20
15
20
11
18
15
10
16
15
14
18
13
20
17
18
15
15
12
17
12
15
17
15
15
17
11
18
13
20
9
14
19
20
22
10
19
13
17
14
20
12
20
13
16
12
14
22
14
8
13
17
14
17
24
18
20
15
20
18
14
15
16
13
11
13
11
19
15
13
11
10
20
7
13
15
7
13
11
8
15
7
17
9
9
23
13
17
11
14
10
8
11
14
13
11
14
17
10
12
14
12
16
17
21
14
13
20
11
11
12
5
6
18
10
8
4
13
16
15
19
13
11
9
16
15
8
16
8
15
16
15
12
14
9
10
10
15
7
19
13
11
19
16
5
8
13
12
21
8
18
9
11
13
17
7
15
17
6
10
9
7
9
20
12
12
15
17
11
15
10
11
15
12
7
14
15
15
10
7
24
18
15
11
8
17
14
8
11
8
10
12
9
17
12
16
8
13
13
6
17
10
9
12
7
18
14
10
11
8
12
8
10
10
7
8
9
3
14
12
12
8
11
9
7
4
9
12
13
10
12
5
14
15
16
12
7
14
16
10
8
8
10
14
10
9
6
10
11
18
17
7
8
8
13
14
13
16
12
12
11
16
14
13
12
10
12
5
9
10
13
12
11
9
8
14
9
15
11
12
10
13
8
9
17
5
12
8
6
6
13
7
9
11
3
8
16
8
12
13
14
11
9
7
8
8
9
7
14
13
8
14
8
16
9
14
14
13
13
7
10
10
15
9
10
9
11
8
10
7
12
6
12
11
8
11
11
15
7
14
12
14
11
10
10
12
14
5
10
11
5
11
10
7
13
13
7
14
13
9
12
7
5
13
7
10
8
10
12
14
6
14
7
9
5
7
13
9
15
14
9
6
7
8
5
9
7
14
5
4
4
6
15
6
7
11
12
11
7
10
10
9
9
11
12
11
7
7
6
11
9
17
10
10
3
10
11
8
12
10
12
4
4
6
13
7
13
11
12
13
9
7
9
8
9
3
3
9
8
9
5
11
12
9
13
4
6
6
5
7
10
10
5
5
6
8
8
8
9
7
12
9
7
6
11
14
14
8
12
8
9
9
10
14
6
9
8
10
2
9
10
6
13
6
13
7
12
7
6
12
6
4
5
12
12
6
11
5
7
3
8
6
5
14
11
9
10
7
4
8
13
10
10
6
12
14
10
4
11
9
8
6
9
4
10
6
4
10
6
13
5
5
10
6
11
2
7
13
5
11
7
9
7
4
7
4
13
8
13
5
9
5
6
7
2
8
14
5
5
7
11
12
6
7
7
7
13
15
12
5
7
9
7
11
5
9
7
8
14
6
10
7
2
4
8
8
3
5
10
10
6
12
11
5
11
11
8
5
4
4
5
6
7
4
7
5
6
6
5
5
4
4
10
3
14
5
9
9
8
8
7
4
5
7
7
7
10
5
9
13
11
8
5
6
6
6
10
11
7
6
6
8
10
9
7
7
11
5
8
11
6
0
11
7
8
7
4
4
7
7
5
4
6
9
7
12
6
10
7
5
1
3
6
5
12
3
7
5
8
5
1
10
6
3
7
5
4
12
8
8
7
7
14
4
5
8
3
9
8
6
5
12
4
7
5
9
6
2
7
8
7
5
5
8
7
4
5
2
9
11
2
8
10
4
5
8
3
7
8
7
6
7
4
3
7
6
10
5
5
9
2
4
6
3
8
5
13
4
7
4
10
5
9
9
2
7
9
4
6
4
7
4
4
4
4
6
5
8
6
7
3
2
10
5
4
6
5
8
5
2
5
9
8
8
8
9
2
6
7
6
6
1
6
5
7
6
5
5
6
4
7
9
7
8
2
5
5
5
6
3
4
10
2
8
3
3
7
5
4
10
7
3
2
11
5
3
3
4
7
2
8
6
9
4
4
3
9
3
1
3
5
3
5
5
8
6
3
8
4
4
7
7
4
4
6
12
5
8
5
8
5
4
4
6
8
3
6
6
7
6
8
2
7
4
4
5
5
2
3
5
6
4
6
7
3
10
5
2
10
7
4
1
7
6
6
5
4
6
3
14
9
7
4
7
3
4
5
2
3
3
3
3
7
7
7
10
2
9
4
5
3
8
1
4
4
2
6
5
5
9
5
7
5
5
9
4
5
3
4
4
4
2
2
6
4
4
5
5
5
2
4
7
2
4
0
9
8
6
6
4
4
3
7
5
2
3
3
4
4
3
3
6
4
5
3
7
2
6
5
4
9
1
2
7
5
3
6
5
6
4
2
9
5
3
7
6
4
4
4
4
4
5
3
3
7
2
2
3
6
2
7
2
2
2
1
5
7
7
1
6
7
3
2
2
4
3
3
6
2
5
6
5
5
5
4
3
4
5
6
2
6
6
5
1
3
3
1
1
3
3
6
5
3
2
2
6
7
3
4
1
6
4
2
7
4
5
6
3
3
3
4
4
5
3
6
3
3
6
2
4
3
5
5
4
7
3
8
4
4
4
6
3
6
5
3
1
4
3
1
5
6
2
5
2
2
6
2
2
5
3
7
5
3
4
1
3
6
3
5
2
4
4
6
6
7
6
6
6
4
3
2
2
7
5
6
5
4
2
4
3
6
2
6
4
4
3
3
4
5
3
2
6
4
3
4
2
4
0
6
1
6
3
2
2
3
2
4
2
5
7
6
3
2
3
5
2
6
7
7
6
3
3
1
4
3
5
5
4
2
5
5
4
3
4
4
4
3
2
4
3
3
3
3
2
4
1
4
2
2
5
4
6
1
2
5
3
5
4
3
4
2
4
3
3
2
2
6
4
7
4
5
1
3
1
3
3
5
3
6
3
5
6
1
3
2
2
9
7
6
3
3
3
4
3
2
3
6
1
4
1
4
3
4
4
2
3
2
5
1
2
3
3
7
0
4
3
1
3
2
5
3
2
5
1
6
3
2
1
3
2
2
3
3
2
5
2
5
4
4
0
1
4
1
3
2
4
5
2
4
3
5
1
1
2
3
0
6
2
7
5
5
3
5
4
0
2
1
4
2
3
2
2
6
3
3
2
0
3
3
3
7
2
0
1
0
4
2
3
4
2
5
2
3
6
1
1
4
2
4
3
1
4
4
4
4
3
2
1
0
1
5
2
2
6
3
5
4
0
2
3
7
5
0
4
6
5
1
3
4
2
6
1
6
2
1
4
5
4
2
4
3
4
5
4
1
0
2
3
1
3
3
3
7
4
1
2
7
0
1
6
3
2
3
2
2
3
2
1
3
1
2
2
2
2
4
1
2
5
3
1
4
1
4
7
2
2
1
3
3
2
2
3
3
1
1
2
2
1
2
5
7
5
5
5
1
4
0
2
2
3
1
0
5
1
1
2
1
2
3
1
2
0
2
6
2
9
2
1
3
0
2
2
3
4
3
3
1
3
3
4
3
1
0
1
2
5
5
1
1
1
1
1
6
4
0
2
0
6
2
2
5
5
1
2
2
1
5
1
2
2
5
0
1
3
2
0
4
0
1
3
0
1
1
2
1
3
1
1
2
1
3
2
0
2
1
1
1
1
5
3
3
3
5
4
1
3
2
2
2
5
1
1
2
3
3
1
2
2
3
4
2
2
3
2
1
3
4
1
1
2
1
3
6
1
1
3
3
1
1
3
0
1
2
1
1
4
4
1
1
0
2
1
2
2
5
0
0
1
3
3
1
2
0
1
1
1
0
1
0
2
2
1
1
1
0
1
2
0
3
2
3
4
1
4
1
2
3
2
1
2
1
1
1
1
4
2
3
1
5
1
0
2
3
1
3
3
2
1
1
3
2
2
4
4
3
3
2
1
1
0
2
4
2
3
2
2
4
2
3
1
0
1
2
2
1
2
2
3
1
0
3
2
1
1
3
5
1
1
1
2
2
2
1
1
2
2
1
2
3
1
0
3
1
2
1
1
0
3
1
3
2
2
1
1
1
1
0
3
0
3
2
2
2
1
2
1
1
1
0
4
1
1
2
0
1
4
0
1
1
1
0
0
2
3
1
1
1
1
2
2
1
2
2
1
2
1
6
2
2
0
1
2
2
4
3
2
0
0
0
1
0
2
3
3
1
1
3
4
4
0
3
1
1
1
2
1
2
2
2
0
0
4
2
2
0
0
0
1
0
2
4
2
1
0
3
2
0
1
3
1
2
1
2
1
4
1
2
1
1
3
2
2
2
2
2
4
2
3
3
0
1
3
2
2
0
3
1
1
3
3
3
1
1
1
3
3
1
1
5
1
1
1
2
0
1
1
2
4
0
1
2
0
0
2
0
1
0
0
1
2
1
2
2
2
1
5
1
1
0
4
4
2
0
0
1
0
2
2
2
2
1
2
7
1
4
1
1
2
4
1
1
2
1
2
1
1
1
2
3
1
0
2
0
2
0
1
0
1
2
1
2
1
5
0
2
1
3
0
4
0
2
1
1
1
0
1
2
1
1
0
1
1
6
0
1
0
2
1
2
2
1
5
3
2
3
1
1
0
1
2
1
2
3
1
5
0
1
0
4
2
5
1
2
0
0
1
3
0
1
1
2
3
1
2
2
0
2
2
0
2
1
2
1
0
3
3
0
1
2
2
1
1
1
0
0
1
0
1
2
1
1
2
1
4
1
2
1
1
2
1
2
2
2
0
2
1
2
2
1
1
3
2
1
1
3
2
2
1
3
0
1
1
0
2
3
1
1
0
0
2
2
0
0
0
0
0
3
0
2
1
0
0
0
2
0
0
1
0
3
3
3
0
0
0
1
0
1
3
0
1
0
1
2
2
1
0
0
0
0
0
2
1
0
0
1
3
1
0
2
0
4
0
0
1
1
2
2
0
1
0
1
0
1
0
0
2
2
0
2
0
2
1
1
1
0
2
0
0
1
0
0
0
1
2
2
0
0
0
1
0
0
0
1
1
0
0
2
0
0
1
0
2
1
1
0
2
3
1
0
0
0
0
2
3
2
0
1
1
1
0
0
1
1
2
1
3
0
1
0
1
1
1
1
2
1
2
1
0
0
0
1
2
0
1
0
2
1
1
1
4
2
1
2
3
1
0
1
3
1
2
0
1
6
3
2
1
1
1
4
1
0
0
2
0
1
0
0
1
0
1
1
0
1
1
2
1
1
1
1
4
1
0
2
2
0
1
1
0
1
0
2
0
0
1
0
1
1
2
1
0
0
0
1
0
1
0
1
1
0
0
1
3
0
2
2
1
0
1
2
1
1
1
1
0
1
0
0
1
2
1
0
0
0
2
3
2
0
0
1
0
0
0
1
0
2
3
0
0
1
0
2
0
2
2
0
0
3
1
2
1
0
1
3
0
0
1
2
1
1
1
0
0
2
0
0
0
2
1
1
0
0
2
0
1
0
0
1
0
1
0
1
0
2
2
1
0
1
2
0
0
0
0
1
2
1
2
0
0
0
0
0
2
0
1
2
0
0
0
2
1
1
1
0
0
2
0
0
0
2
0
0
1
0
0
0
1
1
0
1
1
1
0
1
0
1
0
0
0
0
0
1
0
2
0
2
0
1
2
2
1
0
1
1
0
0
1
0
0
1
0
1
1
3
1
1
1
0
3
0
1
1
0
1
0
1
1
1
2
2
2
1
1
0
1
0
0
0
1
0
1
0
0
2
0
2
0
1
1
0
0
1
2
0
1
0
0
0
0
1
0
0
0
0
0
0
0
0
1
1
0
1
0
1
1
0
0
0
0
0
2
1
0
0
1
0
0
1
0
1
0
0
1
0
0
0
1
1
1
0
3
1
1
1
2
0
0
2
1
2
1
0
1
3
0
0
1
0
0
0
0
0
1
0
0
0
1
2
1
2
0
2
2
2
0
0
0
0
1
1
2
0
1
0
0
1
0
0
0
0
0
0
2
0
0
0
0
1
0
0
2
0
0
1
1
0
1
1
1
0
1
0
1
0
1
1
0
1
0
1
1
0
0
0
0
0
0
0
3
0
0
0
0
1
0
1
2
2
1
0
0
0
0
0
0
1
0
0
1
0
0
1
0
1
0
0
0
1
0
0
0
0
1
0
0
0
2
0
3
0
0
0
0
1
1
0
1
0
0
0
0
0
1
0
0
0
0
0
0
0
0
2
0
0
0
0
0
0
0
0
0
1
2
0
1
1
0
0
1
0
0
1
2
0
0
2
0
0
0
2
0
1
0
0
0
1
1
0
0
0
2
0
2
0
0
0
0
1
1
0
0
1
0
1
0
1
1
2
0
2
1
0
1
1
0
0
0
0
0
0
0
0
0
0
2
0
0
1
2
0
1
0
1
0
1
0
0
1
1
2
0
1
0
1
0
0
0
1
0
0
1
0
2
0
1
1
1
1
0
0
1
0
1
1
1
0
0
0
0
0
1
0
0
1
0
2
0
1
1
0
0
2
1
2
0
0
0
0
0
1
1
0
1
1
1
1
1
0
1
0
0
0
0
1
0
0
0
0
0
0
0
2
0
1
1
0
0
0
0
0
1
1
0
2
1
0
0
0
0
0
0
3
0
0
0
3
0
0
1
0
0
0
0
0
0
1
1
0
0
0
0
0
1
0
1
0
1
0
0
1
0
0
0
0
0
1
0
0
0
3
1
0
0
0
0
0
1
0
1
1
0
1
0
0
2
3
0
0
1
1
0
0
0
0
0
0
0
0
1
0
0
0
0
1
0
0
1
1
0
0
0
0
1
0
1
0
1
1
1
0
1
0
0
0
1
1
0
0
0
0
1
1
1
0
1
1
1
0
1
0
0
1
0
1
0
0
0
1
1
1
0
0
0
0
0
0
0
0
1
0
0
0
0
0
0
0
0
2
0
1
0
4
0
0
0
0
0
0
0
0
0
0
0
0
1
0
0
0
1
0
0
0
0
1
0
1
2
1
0
0
0
0
0
0
0
0
3
2
0
0
2
1
0
0
0
0
1
0
1
0
0
0
1
1
0
0
1
1
0
0
0
0
0
1
0
0
1
0
0
2
0
0
0
0
0
0
1
0
0
0
0
0
0
0
0
0
1
0
0
0
1
0
0
1
1
0
0
0
2
0
0
0
0
1
0
0
0
0
0
0
0
0
1
0
0
1
1
0
0
0
1
0
0
0
0
0
0
0
0
0
1
0
1
1
0
1
0
1
0
0
0
1
0
0
0
0
0
0
0
0
0
0
0
0
0
0
0
1
0
0
1
1
0
0
0
1
1
0
0
0
0
0
0
0
0
2
0
0
0
0
0
0
0
0
0
0
1
1
0
1
0
1
0
1
2
0
0
2
0
0
0
2
0
0
0
0
0
0
0
0
1
0
0
0
1
0
1
0
0
0
0
0
0
0
0
0
2
1
0
0
0
3
0
0
0
0
1
0
0
0
0
0
0
0
2
0
1
0
0
0
0
0
0
0
1
0
0
0
0
2
0
0
0
0
0
0
1
1
0
1
1
0
0
1
0
1
0
0
0
0
0
0
0
0
0
0
1
0
0
0
0
0
0
0
0
1
0
0
0
0
0
0
0
0
1
0
0
0
0
0
0
0
0
0
0
0
0
2
1
0
0
0
0
0
0
0
0
0
0
0
0
0
0
0
0
0
0
1
0
0
0
0
1
0
1
0
0
0
0
1
0
1
0
0
0
0
0
1
0
1
0
0
0
0
1
0
0
0
0
0
0
0
0
0
1
0
0
0
0
0
0
0
0
1
0
0
1
0
0
0
0
0
0
0
0
0
0
0
0
0
0
0
1
0
0
0
0
0
0
0
0
1
1
0
0
1
0
0
1
1
0
0
1
0
0
1
0
2
0
0
0
0
0
0
0
0
0
0
0
0
0
0
0
0
0
0
0
0
0
1
0
0
0
0
1
0
1
0
0
1
0
0
0
0
1
0
0
0
0
0
0
0
0
0
0
0
1
0
0
0
0
0
0
1
0
1
0
1
1
1
1
0
0
0
0
1
0
0
0
0
0
0
0
1
0
0
1
0
1
0
0
1
0
1
0
1
0
0
0
0
0
0
0
0
0
0
0
0
0
0
0
0
1
0
1
0
0
0
0
1
0
0
1
0
0
0
0
0
0
1
0
0
0
0
0
0
0
0
0
0
0
0
0
1
0
0
0
0
0
0
0
0
0
0
0
0
0
0
0
0
0
0
0
0
0
0
0
0
0
0
0
2
0
0
1
0
0
0
0
0
1
0
0
1
1
0
1
0
0
0
0
0
0
0
0
0
0
0
1
0
0
0
0
0
0
0
0
0
0
0
0
0
0
0
0
1
0
0
0
1
0
0
0
1
0
0
1
0
0
1
0
0
0
0
0
0
0
1
0
0
0
0
1
0
0
1
0
0
0
1
0
0
0
2
0
0
0
0
0
0
0
0
0
0
0
0
0
0
0
0
0
0
0
0
0
0
0
0
1
0
0
0
0
0
0
0
0
0
0
0
0
0
0
0
1
0
0
0
0
0
0
0
0
0
1
0
1
0
0
0
0
0
1
0
0
0
0
0
0
0
0
2
0
0
0
1
0
0
0
0
1
0
1
0
0
0
0
0
0
0
0
0
1
0
0
0
0
0
0
0
0
0
0
0
0
0
0
0
0
0
0
0
0
0
0
0
1
0
1
0
1
0
0
0
0
0
0
0
0
0
1
0
0
0
0
0
0
0
2
0
0
0
0
0
0
0
0
0
0
0
0
0
0
0
0
0
0
0
2
0
0
0
1
0
0
0
0
0
0
1
1
0
0
0
0
0
0
0
0
0
0
0
0
0
0
1
0
0
0
1
0
0
0
0
1
0
1
0
0
0
0
0
0
0
0
0
1
0
1
0
1
0
1
0
0
1
0
0
0
0
1
0
0
0
0
0
0
1
0
0
0
0
0
0
0
0
1
0
0
0
0
0
0
0
0
1
0
0
0
0
0
1
0
0
0
0
0
0
0
0
0
0
0
1
0
0
0
0
1
0
0
0
1
0
0
1
0
0
0
0
0
0
0
0
0
0
0
0
0
0
0
0
0
0
0
0
0
0
0
0
0
0
0
0
0
1
0
0
0
0
0
0
0
0
0
0
0
0
0
0
0
0
0
0
0
0
0
0
0
0
0
0
0
0
0
0
0
0
1
0
0
0
0
0
0
0
0
0
0
0
0
0
0
1
0
0
1
0
0
0
0
1
0
0
0
0
0
1
1
1
0
0
0
2
0
0
0
0
0
0
0
0
0
0
0
0
0
0
1
1
0
0
0
0
0
0
0
0
0
0
0
0
0
1
0
0
0
0
0
0
0
0
1
0
0
0
1
0
0
0
0
0
0
0
0
0
0
0
0
0
0
0
0
0
0
1
0
0
0
0
0
0
0
0
0
0
0
0
0
0
0
0
0
0
0
0
0
0
0
0
0
0
0
1
0
0
0
0
0
0
0
0
0
0
0
0
0
0
0
0
0
0
0
0
0
0
0
1
0
0
0
0
0
0
0
0
0
0
0
0
0
0
0
0
0
0
0
0
1
1
0
0
1
0
1
0
0
0
0
0
0
0
0
0
0
0
0
1
0
0
0
0
0
0
0
0
0
0
1
0
1
0
1
0
0
0
0
0
0
0
0
0
0
0
0
0
1
0
0
0
0
0
0
0
0
0
0
0
0
0
0
0
0
0
1
1
0
0
0
0
0
0
1
1
0
0
0
0
0
0
1
0
0
0
0
0
0
0
0
0
0
0
0
0
0
0
0
0
0
0
0
0
0
0
0
0
1
0
0
0
0
0
1
0
0
0
0
0
0
0
0
0
0
0
0
0
0
0
0
0
0
0
0
1
0
0
0
0
0
0
0
0
0
0
0
0
0
0
0
0
0
0
0
0
0
0
1
0
0
0
0
0
0
0
0
0
0
1
0
0
0
0
0
0
0
0
0
0
0
0
0
0
0
1
0
0
0
0
0
0
0
0
1
0
0
0
0
0
0
0
0
0
0
0
0
0
0
0
0
0
0
0
0
0
0
0
0
0
0
0
0
0
0
0
0
0
0
0
0
0
0
0
1
0
0
0
0
0
0
0
0
0
0
0
0
0
0
0
0
0
0
0
0
0
0
0
0
0
0
0
0
0
1
0
0
0
0
0
0
0
0
0
1
0
0
0
0
0
0
0
0
0
0
1
0
0
0
0
0
0
0
0
0
0
0
0
0
0
0
0
0
0
0
0
0
0
0
0
0
0
0
0
0
0
0
0
0
0
0
1
1
0
0
0
0
1
0
0
0
0
0
0
0
0
0
0
0
0
0
0
0
0
0
0
0
0
0
0
0
0
0
0
0
0
0
0
0
0
0
0
0
0
0
0
0
0
0
0
0
0
0
0
0
0
0
0
0
0
0
0
0
0
0
0
0
0
0
0
0
0
0
0
0
0
0
0
0
0
0
0
0
0
0
0
0
1
0
0
0
0
0
0
1
0
0
0
0
0
0
0
0
0
0
0
0
0
0
0
0
0
0
0
0
0
0
0
0
0
0
0
0
0
0
0
0
0
0
0
0
0
0
0
0
1
0
0
1
0
0
0
0
0
0
1
0
0
0
0
0
0
0
0
0
0
0
0
0
0
0
0
0
0
0
0
0
0
0
0
0
0
0
0
0
0
0
0
0
0
0
0
0
0
0
0
0
0
0
0
