0
0
0
0
0
0
0
0
0
0
10876
14841
14751
14655
14682
14339
14667
14545
14301
14289
14210
14248
14211
14188
14176
13957
14273
14142
14139
14115
13898
14025
13800
14011
13727
13951
13889
13823
13874
13718
13670
13722
13753
13820
13622
13451
13711
13714
13499
13600
13440
13590
13529
13290
13287
13350
13405
13606
13704
13507
13469
13165
13238
13225
13058
13269
13193
13104
13140
13132
13068
13199
13027
12861
12994
13069
12912
12971
12829
13123
12992
12960
12989
12857
12837
12886
12993
12627
12734
12798
12815
12602
12558
12715
12777
12680
12851
12621
12640
12774
12384
12503
12773
12331
12615
12586
12714
12508
12460
12328
12391
12637
12339
12233
12355
12208
12532
12318
12333
12215
12298
12169
12201
12225
11996
12181
12072
12347
12026
12204
12315
11906
12034
12056
12107
11916
12112
11977
11898
11982
11967
11971
11799
11865
11810
11935
11795
11881
11963
11803
11775
11988
11599
11806
11838
11822
11717
11507
11819
11733
11585
11820
11594
11707
11696
11620
11612
11459
11294
11488
11451
11411
11428
11346
11495
11370
11477
11401
11339
11239
11331
11227
11351
11191
11295
11256
11097
11229
11206
11243
11190
11130
11156
11180
11015
11109
11064
11177
11070
11126
11155
10848
11175
10907
10941
11082
10945
10999
10971
10818
10752
10736
10778
10798
10686
10936
10904
10841
10761
10700
10469
10814
10575
10706
10556
10548
10613
10639
10719
10611
10609
10480
10561
10752
10596
10430
10580
10405
10426
10435
10547
10481
10316
10272
10363
10314
10423
10448
10175
10386
10312
10182
10171
10213
10339
10334
10140
10478
10068
10379
10160
10182
9923
10175
9870
10204
9974
10077
10059
10039
10069
10078
9985
9958
9938
9780
9919
9860
9935
9895
9826
9939
9909
9911
9892
9768
9854
9807
9574
9728
9660
9715
9809
9820
9819
9565
9815
9654
9527
9707
9706
9603
9619
9699
9718
9703
9529
9739
9486
9441
9503
9646
9418
9375
9406
9323
9461
9265
9495
9338
9294
9524
9393
9419
9286
9349
9371
9367
9337
9083
9022
9051
9212
9270
8970
9311
9230
9106
9275
9062
9300
9059
9014
9091
9085
9003
9103
8912
9010
9105
8791
8972
9074
8834
8899
8959
8942
8952
8993
8973
8831
8662
8933
8940
8880
9011
8762
8772
8758
8846
8785
8749
8839
8630
8762
8458
8713
8686
8676
8705
8560
8698
8730
8556
8683
8607
8611
8424
8643
8541
8604
8394
8611
8538
8360
8445
8558
8483
8441
8425
8392
8475
8241
8330
8317
8409
8426
8204
8286
8324
8281
8220
8305
8209
8321
8279
8118
8286
8249
8089
8277
8111
8443
8227
8152
8096
8033
8203
8096
8051
8282
8052
8094
8148
8103
8024
7896
8011
7944
7855
7942
7781
7968
7833
8082
7964
7899
7942
7779
7879
7870
7946
7813
7902
7992
7912
7718
7753
7827
7765
7723
7761
7806
7773
7780
7708
7801
7521
7723
7588
7621
7715
7564
7573
7753
7597
7521
7665
7573
7589
7420
7509
7344
7377
7574
7598
7436
7356
7356
7447
7402
7573
7359
7358
7514
7432
7400
7630
7364
7408
7326
7369
7295
7280
7222
7383
7247
7293
7364
7310
7230
7310
7191
7129
7416
7213
7201
7215
7344
7205
7134
7210
7238
6939
7121
7219
7064
6944
7107
7252
7075
7063
7027
7004
7095
6996
7069
7054
6951
6913
6852
6968
6976
6932
6964
6972
7010
6836
6795
6762
6841
6851
6777
6901
6907
6862
6827
6682
6845
6744
6832
6797
6827
6730
6829
6747
6836
6608
6783
6891
6636
6645
6722
6569
6750
6788
6688
6659
6643
6566
6515
6513
6562
6491
6563
6612
6506
6466
6484
6602
6553
6347
6705
6599
6603
6398
6328
6466
6565
6494
6435
6343
6477
6240
6400
6513
6411
6225
6591
6321
6438
6341
6337
6477
6160
6356
6277
6331
6178
6456
6275
6234
6268
6346
6213
6260
6122
6195
6184
6249
6278
6116
6217
6131
5958
6021
6143
6281
6186
6006
6153
6060
6086
6056
6075
5928
6025
6193
6066
6084
6036
6064
5907
5947
5897
6017
5922
5918
5904
5925
5979
5899
6008
5806
5949
5908
5848
5988
5767
5956
5975
5798
5741
5775
5790
5892
5774
5902
5711
5779
5774
5791
5782
5709
5682
5845
5664
5825
5609
5637
5692
5596
5648
5704
5689
5701
5492
5662
5704
5679
5589
5574
5564
5510
5560
5619
5584
5574
5523
5626
5512
5578
5516
5653
5552
5550
5571
5505
5564
5393
5528
5560
5435
5339
5379
5515
5583
5356
5307
5482
5498
5456
5495
5301
5266
5325
5448
5387
5277
5551
5142
5472
5366
5312
5298
5269
5425
5174
5229
5445
5283
5193
5394
5287
5233
5194
5244
5306
5144
5126
5154
5180
5351
5144
5205
5089
5162
5142
5115
5074
5066
5042
5157
5203
5167
5139
5034
5122
5092
5093
5091
5030
5129
5022
4924
5066
4881
4938
5001
5035
4939
4967
4933
4977
4981
4949
4966
4880
5059
5032
5019
4894
4855
4936
4784
4942
4797
4852
4786
4873
4801
4797
4765
4832
4747
4878
4869
4828
4763
4851
4876
4738
4784
4675
4683
4848
4800
4746
4869
4670
4816
4822
4600
4739
4684
4713
4595
4631
4738
4565
4663
4610
4525
4576
4761
4586
4614
4651
4601
4696
4618
4603
4486
4590
4600
4578
4611
4501
4541
4571
4572
4470
4612
4489
4445
4552
4452
4430
4388
4472
4463
4410
4340
4430
4454
4425
4517
4417
4493
4396
4417
4479
4415
4363
4394
4334
4388
4446
4286
4467
4309
4372
4288
4388
4337
4341
4349
4378
4246
4301
4251
4180
4425
4155
4340
4192
4261
4338
4192
4141
4260
4232
4213
4108
4194
4078
4228
4200
4262
4091
4190
4121
4233
4097
4079
4111
4201
4299
4150
4150
4155
4117
4069
4084
4010
4183
4035
4207
4066
4171
3992
4187
3986
4056
4142
4006
4147
4017
4169
3995
4100
3993
4108
4032
4041
4036
3989
3967
3863
3875
3932
3981
3966
4083
3814
3836
4011
3929
3871
3879
3993
3957
3873
3938
3907
3871
3923
3809
3859
3865
3829
3805
3811
3761
3924
3743
3823
3838
3781
3783
3818
3797
3858
3807
3834
3717
3914
3726
3753
3800
3727
3673
3804
3735
3827
3802
3761
3783
3646
3742
3752
3805
3806
3714
3710
3674
3688
3657
3650
3793
3575
3783
3830
3654
3730
3667
3721
3659
3522
3556
3586
3598
3579
3641
3552
3447
3630
3566
3556
3570
3596
3565
3559
3588
3554
3659
3573
3579
3495
3447
3478
3448
3532
3524
3507
3461
3370
3508
3503
3530
3571
3360
3426
3454
3617
3520
3472
3464
3468
3520
3481
3496
3354
3465
3475
3370
3383
3370
3367
3342
3492
3404
3358
3311
3314
3275
3483
3300
3256
3443
3253
3337
3382
3323
3322
3317
3308
3304
3257
3286
3381
3314
3266
3300
3248
3225
3243
3316
3286
3224
3230
3234
3233
3229
3237
3214
3179
3181
3155
3164
3196
3153
3110
3114
3176
3185
3237
3116
3186
3011
3184
3170
3152
3208
3037
3162
3121
3028
3136
3182
3083
3073
3273
2992
3103
3183
3073
3184
3066
3162
3113
3117
3134
3097
3023
3141
3092
3055
2938
3074
3111
2978
3006
2894
3023
2947
2986
2873
2951
2995
2964
2951
2963
3023
2937
2962
2902
2874
2993
3038
3009
2968
2881
2974
2933
2938
2882
2970
2969
3006
2923
2890
2875
2993
2937
2895
2911
2896
2852
2862
2836
2916
2822
2821
2758
3000
2905
2851
2871
2833
2795
2810
2800
2786
2817
2841
2846
2856
2842
2809
2808
2741
2803
2801
2743
2830
2787
2808
2781
2812
2857
2762
2752
2723
2700
2685
2742
2777
2716
2754
2704
2707
2676
2675
2754
2696
2626
2648
2716
2707
2775
2710
2670
2690
2719
2601
2675
2615
2609
2652
2670
2558
2641
2699
2657
2638
2578
2608
2640
2599
2604
2678
2569
2533
2617
2634
2601
2647
2685
2651
2499
2625
2558
2572
2560
2636
2535
2611
2598
2534
2566
2590
2530
2568
2425
2518
2627
2584
2579
2507
2513
2543
2473
2466
2547
2422
2486
2543
2473
2595
2491
2483
2516
2461
2476
2393
2414
2496
2473
2458
2336
2480
2463
2445
2438
2358
2410
2409
2498
2357
2364
2420
2368
2438
2454
2418
2442
2478
2375
2404
2378
2274
2359
2426
2376
2381
2266
2368
2376
2323
2286
2329
2430
2262
2330
2368
2304
2335
2353
2306
2290
2280
2454
2283
2337
2287
2284
2366
2279
2249
2333
2273
2307
2313
2296
2170
2258
2225
2360
2218
2255
2321
2268
2244
2228
2251
2235
2208
2221
2238
2214
2254
2307
2188
2266
2191
2272
2260
2221
2202
2201
2248
2088
2297
2078
2231
2210
2091
2159
2178
2080
2230
2180
2145
2263
2216
2121
2221
2142
2123
2211
2114
2161
2181
2055
2202
2044
2230
2127
2127
2213
2052
2122
2153
2094
2051
2107
2090
2124
2074
2063
2054
2102
2057
2085
2138
2115
2055
2053
2094
2107
1965
2046
2006
2077
2003
2139
2048
2017
2032
2059
2101
2012
2005
1999
2004
1963
2008
1978
1959
1948
1996
1976
1977
1893
1966
1986
1997
1957
1997
1999
1914
1914
1973
1955
1964
1975
1817
1879
1987
1931
1896
1906
1964
1903
1948
1924
1901
1942
2029
1918
1866
1874
1935
1847
1883
1871
1943
1863
1939
1870
1951
1859
1904
1958
1902
1918
1912
1903
1909
1881
1957
1846
1866
1896
1854
1884
1852
1883
1887
1844
1877
1806
1868
1847
1810
1848
1795
1883
1832
1782
1852
1826
1806
1829
1731
1828
1834
1835
1830
1800
1740
1858
1778
1813
1786
1711
1811
1689
1769
1886
1758
1797
1721
1765
1775
1786
1713
1696
1795
1729
1755
1774
1746
1785
1807
1733
1686
1666
1748
1793
1666
1690
1732
1756
1728
1769
1763
1790
1746
1779
1682
1715
1769
1745
1680
1708
1712
1664
1714
1638
1704
1623
1649
1677
1694
1741
1681
1667
1682
1613
1611
1578
1689
1647
1589
1634
1583
1695
1720
1638
1661
1646
1656
1681
1587
1594
1583
1638
1617
1658
1648
1608
1627
1626
1587
1572
1567
1576
1654
1595
1552
1606
1595
1610
1639
1603
1596
1585
1613
1527
1609
1555
1529
1582
1567
1546
1583
1503
1510
1557
1549
1587
1479
1550
1527
1519
1528
1557
1557
1559
1545
1551
1603
1527
1426
1618
1516
1484
1512
1554
1513
1541
1498
1483
1480
1462
1553
1452
1482
1496
1512
1436
1455
1432
1563
1445
1493
1481
1443
1416
1453
1417
1500
1439
1486
1432
1429
1444
1441
1460
1361
1527
1406
1408
1449
1434
1425
1405
1462
1445
1389
1382
1445
1358
1385
1457
1380
1438
1458
1389
1415
1401
1352
1421
1485
1470
1413
1419
1343
1398
1383
1374
1380
1414
1356
1345
1358
1364
1359
1399
1335
1407
1360
1332
1326
1376
1356
1319
1377
1366
1374
1358
1385
1338
1338
1359
1369
1364
1315
1291
1360
1343
1358
1382
1291
1326
1349
1354
1326
1302
1373
1420
1322
1319
1251
1291
1229
1276
1269
1257
1302
1307
1306
1286
1296
1317
1256
1259
1272
1322
1285
1351
1316
1267
1310
1267
1201
1338
1241
1272
1256
1243
1338
1294
1234
1230
1188
1214
1288
1276
1216
1256
1239
1265
1241
1216
1245
1306
1214
1261
1248
1261
1343
1234
1231
1253
1243
1216
1212
1255
1216
1179
1203
1256
1192
1174
1207
1233
1223
1182
1205
1183
1245
1193
1186
1255
1176
1250
1187
1178
1235
1158
1143
1163
1197
1207
1176
1155
1204
1187
1157
1131
1210
1212
1163
1156
1181
1155
1172
1159
1217
1097
1147
1207
1115
1129
1172
1129
1181
1155
1099
1109
1164
1123
1134
1099
1091
1157
1164
1129
1099
1160
1119
1098
1028
1148
1174
1136
1136
1084
1131
1096
1128
1067
1084
1072
1077
1084
1096
1066
1100
1097
1158
1108
1090
1100
1131
1112
1052
1106
1123
1044
1124
1088
1047
1074
1137
1093
1067
1052
1033
1094
1050
1094
1061
1057
1067
1052
991
1023
1070
1056
997
1058
1011
1021
1018
1091
1103
1046
1053
1007
1030
1085
1075
1018
976
986
1006
975
985
989
1065
1018
1009
982
984
972
1007
1030
989
1012
976
1032
1024
1027
998
976
992
1001
1015
938
1055
1028
972
1002
947
1050
982
989
936
987
921
984
1009
1003
958
967
1008
993
960
962
947
969
973
950
967
1006
953
963
946
894
928
913
929
944
929
928
949
985
987
949
930
960
945
850
1006
917
931
962
894
894
915
874
967
918
916
917
908
864
869
878
931
956
883
877
895
852
933
887
891
881
926
847
874
885
851
954
844
900
882
873
897
913
891
927
918
907
872
884
890
900
862
872
919
873
847
868
870
845
826
856
856
869
849
849
878
899
867
865
848
855
830
886
866
897
843
843
789
876
816
908
831
818
803
865
884
870
825
859
868
845
851
868
816
827
798
863
845
838
854
803
831
764
786
844
852
849
810
822
881
797
834
763
834
814
781
757
817
801
772
800
824
722
794
784
768
772
815
808
783
829
834
790
841
795
760
813
769
789
772
806
783
798
760
776
762
773
785
798
759
775
809
774
726
732
784
778
775
755
751
721
750
742
741
779
783
779
789
788
707
779
775
743
716
711
751
740
709
720
722
731
783
715
695
750
745
704
755
742
687
741
735
718
696
740
799
806
769
727
722
739
731
765
756
663
699
720
701
731
788
732
719
781
721
693
728
742
693
661
655
699
677
718
739
700
715
673
642
688
741
648
700
744
746
691
710
644
714
653
689
673
662
678
707
692
669
686
638
725
719
635
704
657
655
681
683
687
697
651
614
635
669
689
644
665
688
644
673
650
657
650
640
657
726
658
605
660
643
624
663
638
683
651
650
652
675
651
653
627
633
637
624
698
615
626
622
689
582
653
665
597
631
696
636
592
632
649
641
608
625
655
586
613
658
594
599
606
653
640
627
607
591
582
583
617
589
592
611
620
628
630
596
605
644
599
614
562
611
583
571
619
567
629
603
622
597
570
584
560
615
623
591
553
609
607
583
557
559
628
620
562
581
577
552
593
605
608
576
576
579
646
561
586
609
618
591
566
569
547
568
574
539
597
484
627
568
559
559
588
524
557
571
555
575
551
571
563
574
535
539
537
544
565
565
540
562
525
545
548
498
538
549
517
552
504
552
491
511
503
553
537
511
587
542
532
505
508
543
569
539
527
517
510
523
531
523
543
567
535
524
548
547
499
510
508
520
533
500
523
563
533
543
529
529
527
539
548
495
498
464
523
512
466
517
496
497
494
507
524
491
497
504
494
509
503
524
494
482
505
485
501
503
457
473
498
479
487
493
468
496
462
470
462
428
506
469
471
468
479
467
484
515
494
470
517
442
434
488
475
509
463
465
423
456
469
479
478
469
442
486
449
426
492
472
481
454
442
492
428
449
479
425
452
486
458
484
460
487
449
450
469
448
440
428
464
457
456
441
488
430
439
462
439
438
446
397
429
435
463
461
482
444
442
454
421
432
434
403
415
475
410
440
431
437
466
429
458
428
443
457
450
420
399
443
432
409
440
372
395
444
379
421
418
430
432
422
377
402
396
405
415
396
401
426
425
458
406
404
407
401
453
398
433
413
414
391
397
416
400
375
401
401
456
408
426
408
386
437
386
421
394
407
397
413
410
382
417
403
415
390
399
389
404
414
367
404
397
378
405
396
361
360
393
410
397
379
408
336
401
413
335
400
393
364
357
387
392
404
417
389
420
363
375
389
416
402
385
364
416
367
371
373
371
383
350
377
380
363
384
401
384
368
374
382
318
383
385
354
385
369
375
372
345
356
377
361
330
386
355
381
365
376
375
332
378
344
343
360
370
369
373
377
361
364
359
301
328
362
350
357
352
359
343
342
340
328
370
341
344
385
320
353
353
355
342
377
371
336
324
349
326
345
358
379
335
328
315
337
326
284
324
355
364
312
347
342
344
350
328
324
375
362
331
319
332
331
337
340
300
328
334
318
352
322
324
318
330
335
331
342
307
308
330
361
330
294
278
362
301
336
267
333
299
290
323
312
343
333
305
298
294
304
352
302
347
334
313
297
341
333
292
310
329
324
299
331
277
333
285
284
284
308
363
304
312
323
302
300
339
292
300
301
301
301
338
312
311
325
304
298
310
299
308
314
293
294
284
323
303
299
310
290
296
308
301
277
305
306
277
297
284
262
318
287
290
261
316
270
309
300
293
275
289
298
289
294
266
311
263
300
280
285
288
272
248
285
265
298
309
277
296
261
279
278
300
290
287
269
259
272
287
298
284
243
266
286
291
286
287
260
263
281
279
254
287
301
281
289
263
263
275
280
278
249
280
279
227
258
259
249
258
285
300
257
288
275
299
282
269
245
255
259
244
248
278
257
270
260
253
236
280
258
244
252
253
252
244
271
269
265
244
258
249
262
248
256
226
266
229
245
264
262
242
241
268
233
264
255
253
268
252
263
239
255
256
256
245
238
273
251
267
244
228
214
233
235
224
229
231
223
257
241
230
278
240
236
240
232
250
229
269
213
228
248
238
227
247
236
233
251
234
251
248
250
241
237
234
221
229
238
268
229
251
255
251
210
251
242
195
237
233
193
229
213
232
228
248
197
226
249
207
241
236
235
232
225
216
226
215
238
247
209
218
191
216
210
227
236
232
208
234
258
224
222
222
211
233
214
196
240
227
223
222
233
219
209
208
214
236
223
207
184
210
192
209
210
195
215
219
208
229
224
221
204
226
203
190
199
215
236
203
227
230
178
182
192
213
210
208
195
186
222
202
186
222
204
208
192
204
207
195
224
195
227
238
202
217
191
206
204
219
204
188
204
176
207
202
220
184
189
187
199
207
204
211
188
194
174
194
191
205
193
216
204
205
220
191
211
192
201
189
181
198
184
206
177
203
195
195
180
183
148
190
212
195
212
179
207
195
184
185
202
203
215
182
181
188
191
195
189
195
175
179
194
174
216
192
182
179
184
163
186
190
194
192
180
164
179
198
185
204
186
176
167
177
174
161
167
164
215
196
183
181
159
176
184
157
177
163
179
172
170
174
181
173
180
164
158
167
189
204
183
166
194
169
171
185
156
166
148
180
182
153
163
139
164
184
173
169
202
179
179
189
171
153
141
166
160
154
167
161
163
162
173
168
176
161
159
167
160
161
167
178
177
170
155
176
153
192
156
147
162
161
174
143
165
165
171
176
169
163
173
144
179
160
154
151
143
163
141
160
158
167
162
131
163
164
163
155
142
162
138
160
164
176
140
169
165
159
141
143
143
139
158
146
164
136
159
152
155
145
153
146
119
157
167
168
142
150
167
162
154
146
153
138
133
155
159
145
163
147
149
148
147
152
125
145
133
132
139
177
151
171
162
122
137
135
150
154
137
150
136
140
138
135
145
117
134
129
139
132
146
149
151
155
147
139
129
147
130
113
185
141
157
164
143
147
124
145
135
131
134
136
140
114
157
136
142
145
156
133
157
109
131
141
129
141
138
135
148
139
140
126
133
135
143
134
111
120
137
135
131
138
113
140
130
123
123
141
134
150
106
124
116
120
132
132
154
119
114
128
120
130
108
151
144
125
139
134
135
136
131
128
123
129
127
133
134
128
125
110
124
125
131
133
118
129
133
121
119
133
117
125
125
134
115
114
107
124
117
127
119
120
121
111
127
119
109
118
112
119
112
137
120
115
117
117
118
121
129
112
117
124
110
126
119
102
130
105
108
127
127
127
119
122
121
124
124
125
135
132
124
124
112
118
99
104
97
137
110
119
104
126
109
103
119
112
110
123
101
125
108
95
102
132
136
120
121
118
107
120
94
120
121
88
105
112
98
97
94
111
113
120
104
107
127
116
107
125
105
84
108
105
102
129
110
114
116
104
102
106
112
115
108
106
93
112
106
111
114
102
103
106
100
122
93
118
117
93
111
99
122
100
108
103
100
101
98
102
103
119
106
113
85
94
105
89
119
97
91
113
97
89
107
100
104
88
100
95
113
115
98
98
91
92
99
102
113
108
97
92
93
106
97
97
86
99
103
101
100
96
118
100
84
82
89
88
97
98
78
106
81
94
102
103
111
90
92
119
101
94
115
97
101
88
90
100
95
104
86
90
101
95
92
90
92
89
87
105
92
93
106
90
104
92
81
107
96
92
84
100
89
89
97
108
79
81
84
96
88
99
92
119
98
81
74
86
86
104
87
104
99
88
82
81
82
95
87
76
90
81
81
73
96
85
78
89
93
79
66
100
93
92
94
74
85
80
81
80
72
81
89
82
69
93
90
93
85
88
85
79
88
93
73
81
72
89
82
82
88
95
79
79
85
85
82
93
77
77
69
88
67
86
72
86
80
83
86
88
72
91
90
81
85
82
75
70
85
84
86
79
81
72
81
89
82
70
78
86
89
84
62
58
76
95
80
90
87
72
80
77
72
77
96
84
66
77
81
77
74
69
74
84
92
73
84
70
80
66
86
77
80
59
83
85
76
72
79
74
85
66
63
94
80
79
72
67
83
67
70
70
78
76
70
70
76
82
73
79
78
73
63
75
73
78
75
63
60
74
63
74
68
75
76
67
69
75
70
72
89
73
68
74
74
75
63
65
86
70
80
76
62
58
64
65
68
83
70
68
57
67
75
83
69
63
66
67
73
63
78
73
74
65
53
61
83
71
74
61
59
80
82
75
60
64
64
66
63
65
55
58
55
64
72
57
71
66
63
63
62
68
49
77
64
62
77
64
71
57
65
72
68
70
45
49
64
67
59
68
70
64
73
63
67
70
61
69
77
57
68
52
68
65
63
63
69
59
56
55
71
60
67
68
51
70
59
61
68
68
53
66
58
58
52
61
64
56
47
49
62
54
54
53
70
70
53
74
61
62
59
49
52
65
59
65
70
61
64
48
60
67
65
65
67
74
54
46
54
42
55
66
65
56
58
53
57
49
63
45
61
63
50
50
49
64
50
65
52
51
60
73
50
48
68
48
55
48
49
48
54
65
60
58
66
51
66
71
58
47
61
56
51
68
59
48
70
62
53
58
47
52
47
43
51
56
50
55
50
50
45
62
60
46
58
49
54
55
55
64
51
56
43
54
57
48
53
66
44
50
53
50
59
51
58
48
54
49
51
55
53
52
42
53
48
54
47
52
48
63
61
45
48
41
37
50
54
56
40
52
50
53
58
50
51
53
44
50
46
60
54
53
53
36
58
40
51
42
44
44
46
40
48
49
47
34
57
47
45
47
40
46
55
35
39
63
54
44
56
50
41
49
44
43
41
38
55
46
55
58
58
35
58
50
50
51
52
51
51
48
42
48
44
53
50
57
53
38
44
43
45
45
48
42
37
46
54
43
42
36
44
48
55
42
29
41
46
39
43
37
47
37
25
42
43
53
35
46
40
33
45
39
42
35
48
47
37
43
36
41
41
34
43
38
36
51
41
47
57
43
45
36
40
52
40
34
55
44
50
41
51
38
50
42
39
45
53
39
39
43
47
40
41
45
40
31
47
38
36
46
51
24
65
29
43
33
39
36
44
48
38
39
49
47
41
38
40
36
38
35
35
42
33
47
41
33
45
51
38
40
33
49
43
49
37
37
36
38
41
35
42
40
45
39
44
45
47
39
34
34
35
37
42
30
36
34
42
41
30
25
38
32
41
34
38
38
26
44
50
35
28
34
36
42
51
39
31
45
30
40
38
32
32
45
30
34
34
36
33
35
35
44
26
36
42
35
43
34
42
30
34
37
32
32
44
42
52
33
40
37
34
32
43
33
48
34
33
28
37
44
31
37
28
45
44
34
28
35
38
40
43
35
41
30
37
36
45
37
31
23
26
42
32
27
42
27
35
29
36
34
33
36
39
19
33
27
30
36
27
33
36
31
36
40
37
28
38
23
27
31
28
36
28
33
42
35
25
33
28
35
28
30
18
25
30
31
40
34
26
53
35
28
37
32
24
25
30
36
27
28
35
23
32
22
46
27
27
26
31
28
27
29
32
27
30
30
29
36
27
19
25
29
30
26
26
32
26
40
31
37
39
29
33
30
26
43
24
27
22
28
35
26
27
25
39
27
25
29
25
29
31
31
29
12
37
33
26
42
34
33
28
33
29
32
20
23
23
33
31
24
20
27
24
24
26
20
28
23
25
32
21
24
20
25
31
22
30
29
29
25
21
28
29
25
34
24
23
18
19
31
26
35
24
33
32
35
23
25
24
38
30
22
23
21
30
25
24
28
26
23
30
19
25
16
25
34
20
28
24
34
29
21
26
23
29
31
24
19
30
21
31
24
34
35
30
19
22
23
16
25
15
32
19
29
23
24
28
28
26
22
39
27
30
24
34
22
21
19
29
20
26
24
22
22
35
28
17
22
20
26
20
24
19
33
28
22
23
26
13
26
20
27
31
19
34
23
26
26
22
25
20
29
23
16
29
22
21
21
23
28
30
26
21
30
17
22
29
17
20
20
28
28
19
28
25
23
21
27
29
31
15
17
14
27
25
20
26
20
29
24
27
23
18
19
25
21
29
27
25
15
23
21
23
29
24
24
14
18
23
22
17
23
21
27
20
16
20
20
28
24
21
23
21
25
29
31
19
22
22
24
23
18
20
16
22
23
25
19
31
23
20
23
16
30
29
25
18
17
18
13
19
18
16
21
23
24
20
15
19
20
19
14
21
21
15
13
15
13
23
26
15
22
21
15
20
18
17
17
26
24
25
19
19
26
20
18
16
14
10
21
25
26
19
18
11
17
26
16
27
14
21
18
19
13
20
15
17
17
22
19
22
13
22
23
18
23
26
25
12
20
18
20
18
14
14
28
17
21
15
19
19
21
12
20
12
16
23
22
19
13
17
24
25
20
23
17
21
23
17
12
17
21
15
17
26
19
15
24
22
13
30
18
12
19
20
17
8
16
12
12
18
19
11
13
9
16
25
18
12
17
14
14
16
17
14
14
23
14
17
22
13
18
18
20
19
20
18
25
11
17
16
21
19
15
25
14
14
18
21
14
18
17
21
20
18
15
16
25
17
19
7
16
10
13
16
14
17
17
12
23
16
14
19
16
13
16
16
13
17
19
17
18
16
18
18
12
19
16
21
16
12
26
15
18
18
15
20
4
22
14
21
19
12
21
16
18
9
15
14
15
25
15
13
21
9
18
14
22
17
12
14
18
13
19
11
14
12
16
14
14
16
12
19
16
12
11
17
19
15
14
20
9
15
13
16
16
16
14
14
10
15
15
18
20
19
15
21
22
16
18
11
17
19
11
11
11
10
15
20
14
14
13
7
13
13
11
24
14
14
12
14
13
17
10
8
26
14
15
13
15
16
16
12
12
10
10
12
24
16
15
12
12
8
12
14
15
17
10
15
15
11
12
6
15
15
11
15
17
18
11
22
11
8
13
14
15
11
13
20
13
13
11
17
16
14
14
9
15
11
9
14
16
9
19
12
15
13
14
12
6
18
20
15
7
12
15
16
9
15
13
9
11
17
23
14
10
15
20
12
19
14
10
12
13
11
11
21
16
21
8
8
17
10
15
14
10
13
13
15
10
9
11
12
15
19
10
11
16
10
11
11
6
10
12
14
9
12
3
16
13
14
13
11
14
15
10
13
16
13
13
7
11
11
9
14
10
11
14
17
9
14
15
11
6
8
19
9
17
8
17
14
9
10
15
19
16
4
10
18
12
9
7
17
15
11
10
10
10
14
14
11
11
11
9
13
10
13
6
11
10
15
15
14
8
14
4
10
16
13
10
12
15
15
9
13
10
7
22
10
10
15
17
8
9
8
16
13
14
7
14
16
12
9
9
11
17
11
11
11
11
11
14
9
8
9
16
11
13
6
11
11
12
12
12
18
11
11
11
12
12
14
5
15
8
11
16
11
14
15
11
4
8
5
14
8
6
7
9
3
9
14
8
12
7
8
9
13
10
9
10
9
8
11
13
11
16
4
9
18
8
5
10
7
2
16
13
6
8
15
9
13
11
8
9
14
12
10
4
10
8
14
11
9
4
15
15
9
7
8
11
5
8
10
16
5
17
9
9
17
1
9
10
12
7
4
9
9
4
9
6
9
12
8
7
11
10
7
10
17
9
10
14
10
13
6
12
14
10
8
9
7
7
10
11
4
13
6
6
8
6
8
7
9
9
4
14
10
7
7
15
10
6
5
9
7
5
6
8
7
10
8
8
4
9
7
8
9
3
8
5
9
10
2
5
6
8
7
8
8
3
10
9
7
6
8
2
12
8
9
8
9
8
11
5
8
6
6
11
10
11
9
8
11
14
10
8
13
7
5
13
6
7
9
17
5
9
9
8
9
14
11
13
7
7
6
10
9
6
10
7
9
9
11
6
4
14
7
11
7
8
10
5
7
5
9
3
4
6
5
6
13
8
7
9
8
3
8
6
7
10
9
5
2
10
7
7
6
7
11
10
6
10
8
13
9
11
4
9
7
5
8
7
3
6
8
9
3
11
6
9
8
3
10
5
11
11
8
8
13
5
6
5
7
11
10
8
5
8
3
7
3
4
7
10
6
6
12
5
3
7
9
9
8
8
3
7
4
7
6
7
5
8
6
5
9
7
10
5
12
6
8
2
6
7
7
6
9
7
4
9
7
8
4
6
13
9
5
10
8
8
8
7
11
6
6
9
14
8
3
7
7
4
4
4
2
8
6
5
6
7
8
9
6
7
4
9
5
5
15
8
6
5
8
4
4
5
4
10
7
11
4
6
4
5
4
2
6
8
6
5
7
4
11
9
8
6
8
7
7
5
4
9
7
3
8
6
4
7
5
4
6
7
11
4
6
3
4
6
5
6
6
5
2
10
10
2
7
7
9
4
11
4
3
7
8
5
11
5
6
4
5
4
9
13
6
4
11
8
7
6
3
5
12
10
12
3
6
8
9
9
8
3
8
6
11
9
7
2
5
4
4
4
5
11
3
4
6
7
9
12
6
4
7
9
4
2
6
4
10
6
6
5
7
3
4
6
3
3
5
5
9
7
5
5
5
4
7
10
3
3
9
7
7
5
8
4
6
6
3
8
3
6
6
4
4
1
0
9
5
4
6
2
7
5
6
9
9
5
4
8
1
2
1
4
3
3
6
5
4
3
5
4
4
8
4
1
2
1
3
3
3
2
4
6
6
12
2
3
2
3
8
6
3
2
4
5
3
5
6
4
6
1
6
8
5
4
5
3
3
5
8
3
5
8
1
9
6
4
6
4
2
3
5
6
5
3
7
8
6
4
3
10
7
1
7
4
4
3
5
3
3
4
4
4
4
1
5
8
4
5
2
4
6
6
7
5
3
4
7
4
6
6
4
3
7
6
3
5
5
5
0
5
4
5
3
2
3
5
3
4
5
8
3
3
1
2
9
4
4
3
6
7
4
3
3
5
4
5
5
1
3
5
8
4
3
5
4
6
5
3
4
2
1
2
3
3
4
3
5
2
6
5
2
4
1
8
6
1
6
1
5
0
5
6
1
6
6
3
5
4
4
2
3
7
5
3
2
7
3
3
7
4
5
6
3
2
2
9
7
5
3
1
5
4
1
3
2
3
2
5
12
3
10
3
4
0
3
2
4
3
5
3
1
6
2
5
1
1
3
4
3
1
0
3
5
2
3
2
5
3
2
2
1
4
2
5
5
3
0
4
7
4
4
2
5
5
7
4
1
6
5
5
5
2
0
3
3
5
3
1
4
2
6
6
3
1
3
2
4
4
1
2
4
1
3
3
4
2
4
2
2
2
8
7
4
1
4
3
6
2
3
3
6
3
6
4
2
2
3
5
3
3
1
3
3
3
2
5
1
3
5
2
4
4
6
3
1
2
4
4
1
1
1
1
1
2
3
2
3
0
3
6
2
3
4
4
2
4
4
6
7
6
2
0
2
4
1
3
1
2
3
2
2
4
5
3
2
1
4
3
2
2
2
3
0
4
4
1
1
1
1
4
1
1
1
3
5
1
2
5
0
2
2
3
3
2
4
3
1
4
0
2
1
0
2
2
1
1
4
3
2
3
3
4
4
2
3
4
1
3
5
1
3
1
4
2
2
1
1
3
2
5
6
5
1
3
3
2
2
2
4
5
2
0
3
2
1
2
7
3
2
2
3
4
3
4
3
3
5
1
2
2
3
5
4
2
2
1
2
2
0
5
4
1
8
7
2
7
4
1
4
1
1
4
1
5
2
3
3
2
3
2
3
2
1
3
7
4
3
5
4
1
3
2
6
1
0
3
3
2
1
1
4
2
0
1
0
3
2
2
2
2
3
3
2
1
6
4
1
1
0
1
1
4
5
0
0
1
0
1
5
2
1
5
2
2
2
0
6
2
6
1
4
2
3
3
2
3
2
0
3
6
3
1
3
2
1
4
1
2
4
0
6
2
1
4
1
3
5
1
3
2
3
2
3
1
1
3
4
1
4
3
0
1
3
2
2
2
2
6
1
3
1
2
1
1
1
6
4
2
0
5
2
0
1
2
2
3
2
1
2
5
2
0
1
4
0
2
2
4
3
1
4
2
0
1
0
1
0
3
1
2
4
4
3
0
2
1
3
4
3
4
1
1
3
4
3
3
2
1
3
1
3
1
5
1
1
4
1
2
1
3
1
5
2
0
3
2
1
1
4
2
0
1
1
2
2
1
1
3
2
5
2
1
1
4
5
2
5
1
0
3
0
1
2
0
1
3
4
0
2
2
2
0
1
2
2
1
1
2
2
2
1
3
2
3
2
2
3
0
3
2
2
1
1
0
2
4
3
0
6
1
0
4
0
1
1
2
3
0
1
2
4
1
0
1
4
0
2
0
2
4
1
1
2
4
2
1
1
4
2
2
0
2
1
3
0
3
2
0
0
1
1
2
4
0
0
2
1
1
1
1
2
2
1
2
3
3
3
2
0
2
3
2
0
2
3
4
3
1
2
3
2
0
1
5
3
2
3
2
2
1
2
3
1
1
2
2
1
2
3
2
0
3
0
2
1
0
2
0
0
2
0
3
4
2
2
2
2
2
4
2
0
0
0
1
2
1
2
2
3
5
3
1
1
3
2
0
2
1
3
4
4
2
1
2
1
0
1
2
1
1
1
0
1
1
2
3
3
1
2
2
1
0
1
2
2
1
0
1
1
2
3
2
6
2
2
1
2
1
3
2
1
4
3
2
2
1
2
0
0
1
3
3
3
1
0
3
2
2
0
3
2
1
1
2
0
1
0
0
1
1
2
1
2
1
1
1
1
0
2
0
0
2
1
1
3
0
1
2
2
0
2
2
2
2
1
1
0
1
3
0
3
2
1
1
0
0
2
0
3
1
0
2
2
0
5
0
1
1
0
4
1
2
1
2
2
2
2
1
3
2
1
0
1
2
1
0
1
0
6
2
2
1
0
1
2
2
0
3
3
1
4
0
1
2
3
1
5
1
1
3
1
0
2
2
5
0
2
0
0
1
1
1
0
1
1
0
3
2
0
2
1
0
3
0
1
1
1
0
2
3
2
1
1
3
1
1
0
1
1
2
1
2
1
0
2
0
1
0
0
0
2
1
1
1
1
0
0
1
1
0
0
3
1
2
1
2
1
3
2
1
0
2
2
0
1
1
1
1
2
0
1
1
0
3
0
0
2
2
2
2
0
0
1
0
3
3
3
1
1
1
2
1
1
4
3
0
1
0
1
1
0
0
1
1
0
0
0
1
0
1
1
0
0
0
1
0
1
1
2
3
0
2
1
1
0
0
1
3
0
1
1
2
3
1
1
0
0
0
1
2
1
1
2
1
0
1
0
2
0
1
2
2
1
1
1
2
0
0
0
0
1
1
2
0
0
2
0
0
4
0
1
0
1
0
2
3
0
2
2
0
1
0
2
1
0
2
3
2
1
0
1
1
0
2
1
0
0
1
0
1
0
0
2
0
3
3
0
1
0
2
1
2
1
1
1
1
1
1
1
0
1
0
1
0
1
2
0
0
0
0
0
0
0
1
0
0
1
0
2
1
2
2
0
0
3
1
0
0
0
0
0
0
2
2
0
2
1
0
0
1
1
0
1
1
0
0
2
0
0
1
1
3
0
0
0
1
1
1
1
2
1
1
1
0
1
2
0
1
0
0
0
1
0
0
1
1
0
1
1
0
2
2
0
1
1
0
4
1
0
1
1
0
1
2
2
0
2
0
0
0
0
1
0
1
0
0
0
1
0
0
4
0
0
1
1
2
0
0
1
0
0
0
2
0
1
0
1
1
0
2
1
3
3
1
1
1
1
0
1
1
0
0
1
0
0
1
0
1
0
1
2
1
2
0
2
1
0
0
0
0
2
1
0
0
0
0
1
0
1
1
0
0
0
1
0
0
0
0
1
0
1
1
1
0
1
1
0
2
0
1
0
1
2
1
0
0
1
0
1
2
1
0
2
0
1
1
1
0
0
0
2
0
0
0
2
1
2
0
0
0
1
1
0
0
0
1
2
0
0
0
2
0
0
1
1
0
0
1
1
0
1
2
0
1
0
3
1
1
0
1
0
0
0
0
0
1
1
0
0
2
1
0
0
0
0
0
0
2
0
0
0
0
0
0
0
0
0
0
0
1
0
2
0
1
2
1
1
0
1
1
0
1
1
0
0
0
1
0
1
0
1
2
0
2
0
0
1
1
2
1
0
0
0
1
0
0
1
0
0
1
0
2
2
1
0
0
1
0
0
0
0
2
0
0
1
0
1
0
3
0
1
1
0
1
1
0
0
0
0
0
1
1
0
1
0
0
0
0
0
0
2
0
1
0
0
1
2
0
1
0
0
1
0
0
1
0
1
0
1
1
0
0
0
0
0
0
0
0
1
1
0
2
1
1
1
1
1
0
0
1
2
1
0
0
0
1
1
0
1
2
0
0
2
0
0
1
2
2
1
0
1
1
0
0
0
0
2
1
0
0
0
0
0
0
0
0
0
0
0
1
0
0
0
1
0
0
0
1
0
1
3
0
1
1
1
1
0
1
1
0
0
0
0
0
0
0
0
0
3
0
0
1
0
0
1
0
0
0
0
0
0
0
1
0
1
0
1
0
1
0
1
0
0
0
1
0
0
0
0
0
0
1
0
0
0
0
0
1
0
1
0
0
0
1
1
1
0
0
2
0
0
0
1
0
0
0
1
0
1
1
0
0
2
1
3
0
1
0
0
0
0
0
0
0
0
1
0
1
0
1
0
0
2
1
0
0
1
0
0
0
1
0
0
0
1
0
1
0
0
1
1
0
0
0
0
0
0
2
0
1
3
1
1
0
0
0
0
2
0
0
0
0
0
0
0
0
1
0
0
0
0
1
0
0
1
0
0
0
1
0
0
0
0
0
0
0
0
2
0
0
1
0
0
2
1
0
0
0
0
0
0
0
0
0
0
0
0
0
0
0
0
0
0
1
1
0
0
2
0
0
1
1
1
1
0
0
1
1
0
0
0
0
0
0
1
0
0
1
0
0
2
0
1
0
0
0
0
1
2
0
0
0
0
0
1
0
0
1
0
1
0
0
0
0
0
1
0
0
0
0
1
0
0
0
0
0
0
0
0
1
0
0
1
1
1
1
1
0
0
0
1
1
1
0
0
0
0
0
0
0
1
0
0
0
0
0
0
0
0
0
1
0
0
0
0
0
1
0
0
0
0
0
0
0
1
1
2
0
2
1
0
0
0
1
0
0
1
0
1
1
2
0
0
0
1
1
0
1
0
2
1
0
1
0
0
0
1
0
1
0
1
0
1
0
0
0
1
1
0
0
0
2
0
0
1
0
0
0
0
0
0
2
0
0
0
0
0
1
0
0
2
1
0
0
0
1
1
0
1
0
0
0
0
0
0
0
0
0
0
2
0
0
0
0
0
1
2
0
0
0
0
1
1
0
0
1
0
0
2
0
0
0
0
0
0
0
0
0
0
0
0
0
0
0
1
0
0
0
1
0
0
0
0
2
0
0
0
0
0
0
0
0
0
0
0
0
0
0
0
0
1
1
0
0
0
0
1
0
0
0
0
0
0
0
0
0
0
0
0
0
0
0
0
0
0
1
1
1
0
1
0
0
1
0
1
0
0
0
0
0
0
1
0
0
0
0
0
0
0
0
0
0
1
0
1
0
0
0
0
1
0
0
0
0
1
0
1
0
0
0
0
0
0
0
1
0
1
0
1
2
0
0
0
1
0
1
0
1
1
0
0
0
0
1
0
1
0
0
0
1
0
0
0
0
1
0
1
0
0
0
0
1
0
0
0
0
0
1
0
1
0
0
0
0
0
0
0
0
1
0
1
0
1
0
0
0
0
0
0
1
0
0
0
0
0
0
1
1
0
0
0
1
1
0
0
0
0
0
1
0
1
0
1
0
0
0
0
0
0
0
0
1
1
0
0
0
0
0
1
0
1
0
1
0
0
0
2
0
0
1
0
1
1
0
1
0
0
0
0
0
0
0
0
0
0
0
0
0
1
1
0
0
0
0
0
0
0
0
0
0
0
0
0
0
1
0
0
0
0
0
0
0
0
0
0
0
0
1
0
0
1
0
0
0
0
0
1
0
0
1
0
0
0
0
0
0
0
0
0
0
0
0
0
1
0
1
0
0
0
0
1
0
0
0
1
0
0
0
1
0
0
0
0
0
0
0
0
0
0
0
0
0
0
0
0
0
0
0
0
0
0
0
0
0
0
1
0
0
0
0
1
0
0
0
0
0
0
0
0
0
0
0
0
0
1
0
0
0
0
0
0
0
0
0
0
0
0
0
0
0
0
0
0
0
0
0
0
0
1
0
0
0
0
0
0
0
0
0
1
0
0
0
1
0
0
0
0
0
0
0
0
0
0
0
1
0
0
1
2
0
1
0
0
0
0
0
0
0
0
0
0
1
0
0
0
0
0
0
0
2
0
0
0
1
0
0
0
0
1
0
0
0
0
0
0
0
0
0
0
1
0
0
0
2
1
0
0
0
1
0
0
0
0
0
0
0
1
0
0
0
0
0
0
0
1
0
0
0
0
0
0
0
0
1
1
1
0
0
0
0
0
1
0
0
0
0
0
0
0
1
0
0
1
0
0
0
0
0
0
1
0
0
0
0
0
0
0
0
2
0
0
0
0
0
0
0
0
0
0
0
0
0
1
0
0
0
0
0
0
1
0
0
2
0
0
0
0
0
0
0
0
0
0
0
0
0
0
1
0
0
0
0
0
0
0
0
0
0
0
0
0
0
0
0
0
0
1
0
1
0
1
0
0
0
0
0
1
0
1
1
0
0
0
0
0
1
0
0
0
0
0
0
0
0
0
0
0
0
0
0
0
0
0
0
0
1
2
0
0
0
0
1
0
0
0
1
0
0
0
0
0
0
1
0
1
0
0
0
0
0
0
0
0
0
0
0
0
0
0
0
0
0
0
1
1
0
0
0
0
1
0
0
0
1
1
1
0
0
0
0
0
0
0
0
0
0
0
0
0
0
1
1
0
0
0
0
0
0
0
0
0
0
0
0
0
0
0
0
0
0
0
0
0
1
0
0
0
0
0
0
0
0
0
0
0
0
1
0
0
0
0
0
0
0
0
0
1
0
0
0
0
0
0
0
0
0
1
0
0
0
0
0
0
0
0
0
0
0
0
0
0
0
0
0
1
0
0
1
1
0
0
0
0
0
0
0
0
0
0
0
0
1
0
0
0
0
0
0
0
0
0
0
0
0
0
0
0
0
0
0
0
0
0
0
0
0
0
1
0
0
0
0
0
0
0
0
0
0
0
0
0
0
0
0
0
0
0
0
0
0
0
0
0
0
1
0
0
0
0
0
0
0
0
0
0
0
0
0
0
0
0
0
0
0
0
0
0
1
0
0
0
0
0
1
0
0
0
0
0
0
0
0
0
0
0
0
0
0
0
0
0
0
0
0
0
0
0
0
0
0
0
1
0
0
0
0
0
0
0
0
0
0
0
0
0
0
0
0
0
0
0
0
1
0
0
0
0
0
1
0
0
0
0
0
0
0
1
0
0
0
0
0
0
0
1
0
0
0
1
0
0
0
0
0
0
1
0
0
0
0
0
0
0
0
0
0
1
0
0
0
0
0
0
0
0
0
0
0
0
0
0
0
0
0
0
0
0
0
0
0
0
0
0
0
0
0
0
0
0
0
0
0
0
0
0
0
0
0
0
0
0
0
0
0
0
0
0
0
0
0
0
0
0
0
0
0
1
0
1
0
0
0
0
0
0
1
0
0
0
0
0
0
0
0
0
0
0
0
0
0
0
0
0
0
0
1
0
0
0
1
0
0
0
0
0
0
0
0
0
0
0
0
1
0
0
0
0
0
0
1
0
0
0
0
0
0
1
0
0
0
0
0
0
0
0
0
0
0
0
1
0
0
0
0
0
0
0
0
0
0
0
0
1
0
0
0
0
0
0
0
0
1
0
0
0
0
0
0
0
0
1
0
0
1
0
0
0
0
0
0
0
0
1
0
0
1
0
0
0
0
0
0
0
0
0
0
0
1
0
0
0
0
0
0
0
0
0
0
0
1
0
0
0
0
0
1
0
2
0
0
0
1
0
0
0
0
0
0
0
0
0
0
1
0
1
0
0
0
0
0
0
0
0
0
0
0
0
0
0
0
0
0
0
0
0
0
0
0
0
0
0
0
0
0
0
0
0
0
0
0
0
0
0
0
0
0
0
0
0
0
0
0
0
0
0
0
0
0
0
0
0
0
0
0
0
0
0
0
1
0
0
0
0
0
0
0
0
0
0
0
0
0
0
0
0
0
0
0
0
0
0
0
0
1
0
0
1
1
0
0
0
0
0
0
1
0
0
0
0
0
0
0
0
0
0
0
1
0
0
0
0
0
0
0
0
0
0
0
0
0
0
1
0
0
0
0
0
0
0
0
0
0
0
0
0
0
0
0
0
0
0
0
0
0
0
0
0
0
0
0
0
0
0
0
0
0
0
0
0
0
0
0
0
0
0
0
0
0
0
0
0
1
0
0
0
0
0
0
0
0
0
1
1
0
0
0
0
1
0
0
0
1
0
0
0
0
0
0
0
0
0
0
0
0
0
0
0
0
0
0
0
0
0
0
0
0
0
0
0
0
0
0
0
0
0
0
0
0
0
0
0
0
0
0
0
0
0
0
0
0
0
0
0
0
0
0
0
0
0
0
0
0
0
0
1
0
0
0
0
0
0
0
0
0
0
0
0
0
0
0
0
0
0
0
0
0
0
0
0
0
0
0
0
0
0
0
0
0
0
0
0
0
0
0
0
0
0
0
0
0
0
0
0
0
0
0
0
0
0
0
0
0
0
0
0
0
0
0
0
0
0
0
0
0
0
0
0
0
0
0
0
0
0
0
0
1
0
0
0
0
0
0
0
0
0
0
0
0
1
0
0
0
0
0
0
0
0
0
0
0
0
0
0
0
0
0
0
0
0
0
1
0
0
0
0
0
0
1
0
0
0
1
0
0
0
0
0
0
0
0
0
0
0
0
0
0
0
0
0
0
0
0
0
0
1
0
0
0
0
0
0
0
0
0
0
0
0
0
0
1
0
0
0
0
0
0
0
1
0
0
0
0
0
0
0
0
0
0
0
0
0
0
0
0
0
0
0
0
0
0
0
0
0
0
0
0
0
0
0
0
0
0
0
0
0
0
0
0
0
0
0
0
0
0
0
0
0
0
0
0
0
0
0
0
0
0
0
0
0
0
0
0
0
0
0
0
0
0
0
0
0
0
0
0
0
0
0
0
0
0
0
0
0
0
0
0
0
0
0
0
0
0
0
1
0
0
0
0
1
0
0
0
0
0
0
0
0
0
0
0
0
0
0
0
0
0
0
0
0
0
0
0
0
0
0
0
0
0
0
0
0
0
0
0
0
0
0
0
0
0
0
0
0
0
0
0
0
0
0
0
0
0
0
0
0
1
0
0
0
0
0
0
0
0
0
0
0
0
0
0
0
0
0
0
0
0
0
0
1
0
0
0
0
0
0
0
0
0
0
0
0
0
0
0
0
0
0
1
0
0
0
0
0
0
0
0
0
0
0
0
0
0
0
0
0
0
0
0
0
0
0
0
0
0
0
0
0
0
0
0
0
0
0
0
0
0
0
0
0
0
0
1
0
0
0
0
0
0
0
0
0
0
0
0
0
0
0
0
0
0
0
0
0
0
0
0
0
0
0
0
0
0
0
0
0
0
0
0
0
0
0
0
0
0
0
0
0
1
0
0
0
0
0
0
0
0
0
0
0
0
0
0
0
0
0
0
0
