0
7
234
962
1176
1205
1197
1180
1218
1172
1162
1127
1122
1121
1108
1073
1066
1088
1056
1083
1035
1035
1069
1073
1020
1000
1049
973
1006
976
1015
974
976
993
979
999
987
956
995
979
996
968
1014
998
985
966
921
1017
1017
1016
1034
949
1022
971
1044
1005
898
975
1001
956
987
1007
987
957
994
957
939
987
935
1006
988
1029
1041
1008
995
1022
1042
1073
1051
1021
1036
1049
1094
983
1014
1007
1093
1102
1035
1041
1095
1089
1052
1029
1072
1076
1077
1063
1072
1067
1108
1083
1067
1054
1093
1060
1082
1072
1092
1078
1107
1078
1112
1068
1106
1080
1159
1131
1095
1061
1214
1138
1141
1175
1222
1269
1235
1246
1237
1309
1307
1354
1350
1350
1408
1342
1500
1400
1522
1444
1508
1407
1428
1412
1405
1441
1451
1418
1440
1515
1427
1444
1361
1322
1341
1425
1380
1363
1315
1296
1302
1241
1322
1287
1387
1244
1247
1215
1283
1300
1297
1279
1243
1269
1189
1239
1203
1175
1103
1207
1144
1105
1156
1162
1148
1101
1117
1110
1123
1065
1127
1140
1090
1100
1101
1099
1076
1015
1028
1029
1037
1034
1051
1024
1047
1005
997
1055
1028
1008
974
1018
940
972
1015
946
963
956
977
1002
966
980
951
967
939
991
955
973
983
945
979
908
966
938
938
984
942
974
969
946
981
959
978
949
924
941
935
986
895
955
1008
966
968
981
979
917
972
939
917
927
967
924
924
847
907
888
864
889
853
890
828
846
800
862
877
794
799
792
828
809
774
779
775
700
697
669
690
729
679
626
608
615
544
539
619
543
507
573
523
506
485
482
487
475
440
443
457
425
471
477
421
434
410
402
393
396
380
386
364
382
422
367
369
378
392
367
347
400
370
337
393
388
382
395
376
391
363
366
442
398
384
376
398
385
390
396
401
385
426
434
418
432
426
465
461
463
480
511
537
486
552
653
573
624
589
670
689
732
732
805
790
831
934
881
937
973
1029
1092
1157
1240
1293
1452
1456
1580
1811
1729
1901
2065
2161
2282
2406
2543
2727
2810
2908
3214
3345
3474
3581
3551
3712
3824
3937
3987
4123
4137
4312
4316
4165
4247
4232
4214
4353
4082
4077
3973
3940
3831
3674
3472
3302
3286
3185
3064
3028
2709
2629
2462
2346
2205
2121
1991
1863
1730
1591
1477
1390
1253
1320
1159
1072
948
889
812
712
680
662
576
616
522
504
460
412
413
375
384
334
354
308
291
303
285
287
252
249
269
241
268
244
241
227
233
227
229
233
208
204
237
249
234
245
209
237
231
222
229
227
235
240
242
229
205
214
220
225
222
206
209
199
212
211
201
197
205
220
234
213
215
223
218
206
199
218
222
192
201
231
203
193
201
218
193
226
235
216
196
201
206
222
212
231
198
201
200
230
197
205
200
213
198
193
182
193
236
217
208
187
207
188
191
186
187
188
206
180
213
186
189
196
185
185
186
183
184
192
178
197
177
190
178
201
175
189
193
185
169
203
180
175
178
196
190
152
188
177
183
204
177
198
189
192
165
166
162
207
177
185
190
172
168
178
194
175
184
190
175
158
162
176
187
172
153
187
168
160
171
188
181
160
195
156
189
156
153
172
160
174
150
172
177
169
162
168
175
190
180
164
160
165
163
178
180
159
182
191
166
156
162
171
161
160
180
164
143
124
155
151
157
149
145
154
163
168
170
155
169
156
162
154
165
180
187
164
166
158
147
164
164
145
171
150
164
159
158
150
144
169
172
165
175
156
166
183
164
176
174
156
147
135
143
185
172
178
193
201
180
177
156
159
165
165
171
155
182
176
181
187
177
159
176
149
180
197
168
175
147
152
164
163
208
154
174
152
185
164
166
182
162
182
162
194
189
147
189
166
175
177
179
204
185
155
192
183
190
173
184
190
194
178
159
157
173
175
168
153
174
186
165
181
179
188
180
179
169
193
197
168
185
156
169
186
154
185
176
161
182
175
171
189
168
168
157
147
157
117
180
142
168
152
149
158
137
151
142
128
129
123
152
139
129
134
135
140
109
126
108
114
110
108
103
111
113
105
114
81
101
95
97
78
75
67
71
72
71
63
81
61
56
60
46
59
60
60
54
51
43
40
46
36
46
42
45
37
39
39
35
27
26
33
30
25
25
18
18
30
26
27
22
21
20
20
13
28
23
23
16
23
19
21
13
18
16
29
26
21
33
32
32
33
36
32
42
40
30
38
55
43
60
56
64
67
78
86
86
73
85
103
114
126
109
118
111
126
142
168
180
168
195
190
199
236
232
249
229
247
238
297
256
268
270
310
312
313
315
291
368
342
336
318
366
351
353
324
286
334
338
354
349
320
325
326
349
329
320
293
307
303
291
285
274
246
266
239
219
219
216
243
222
196
159
163
194
147
162
127
147
132
143
128
85
104
94
88
62
87
74
70
69
68
57
58
59
54
42
44
41
32
27
37
26
32
29
22
15
20
22
20
14
11
13
12
14
9
6
10
7
11
7
8
5
6
5
3
5
4
5
3
1
1
3
1
2
2
2
3
3
1
5
3
2
1
3
2
1
3
3
1
3
4
1
2
4
0
0
2
1
2
4
4
1
3
2
2
3
4
2
0
2
2
1
0
1
3
1
0
2
1
4
1
1
1
1
0
3
1
0
3
2
1
3
2
3
2
1
3
1
3
0
5
0
2
0
1
1
1
1
1
2
0
3
0
1
3
0
0
1
0
2
1
0
2
2
1
3
1
2
0
0
1
1
0
0
2
0
0
0
1
1
0
0
1
0
1
0
0
2
1
0
0
0
0
0
0
1
1
0
0
0
2
1
0
0
1
0
1
0
2
0
0
0
0
0
0
0
0
0
0
2
1
0
1
0
1
1
0
1
1
2
1
2
1
2
0
1
0
1
1
5
2
1
2
1
1
2
1
2
1
0
2
2
0
2
2
1
4
2
1
1
1
0
1
1
1
1
1
4
0
2
2
2
1
0
0
2
1
1
1
0
1
0
0
0
0
2
1
2
2
2
2
1
1
0
0
0
0
1
2
0
0
1
0
0
1
0
0
0
0
0
0
0
0
0
1
0
1
0
0
1
0
0
0
0
0
0
0
0
0
0
0
0
0
1
0
0
0
1
0
0
0
0
1
1
0
0
0
0
0
0
0
0
0
0
1
0
0
0
0
0
1
0
0
0
0
0
0
0
0
0
0
0
0
0
0
0
0
0
0
0
0
0
0
0
0
0
0
0
0
0
0
0
0
0
0
0
0
0
0
1
0
1
1
0
0
0
0
0
0
0
0
1
0
0
0
0
1
0
0
0
0
0
0
0
0
0
0
0
0
0
0
0
0
0
0
0
0
0
0
0
0
0
0
0
0
0
0
0
0
0
0
0
0
0
0
0
0
0
0
0
0
0
0
0
0
0
0
0
0
0
0
0
0
0
0
0
0
0
0
0
0
0
0
0
0
0
0
0
0
0
0
0
0
0
0
0
0
0
0
0
0
0
0
0
0
0
0
0
0
0
0
0
0
0
0
0
0
0
0
0
0
0
0
0
0
0
0
0
0
0
0
0
0
0
0
0
0
0
0
1
0
0
0
0
0
0
0
0
1
0
0
0
0
0
0
0
0
0
0
0
0
1
0
0
0
0
0
0
0
0
0
0
0
0
0
0
0
0
0
0
0
0
0
0
0
0
0
0
0
0
0
0
0
0
2
0
0
0
0
0
0
0
0
0
0
0
0
0
0
0
0
0
0
0
0
0
1
0
0
0
0
0
0
0
0
0
0
0
0
0
0
0
0
0
0
0
0
0
0
0
0
0
0
0
0
0
0
0
0
0
0
0
0
0
0
0
0
0
0
0
0
0
0
0
0
0
0
0
0
0
0
0
1
0
0
0
0
0
1
1
0
0
0
0
0
0
0
0
0
0
0
0
0
0
0
0
0
0
0
0
0
0
0
0
0
0
0
0
0
0
0
0
0
0
0
0
0
0
0
0
0
0
0
0
0
0
0
0
0
0
0
0
0
0
0
0
0
0
0
0
0
0
0
0
0
0
0
0
0
0
0
0
0
0
0
0
0
0
0
0
0
0
0
0
0
0
0
0
0
0
0
0
0
0
0
1
0
0
0
0
0
0
0
0
0
0
0
0
0
0
0
0
0
0
0
0
0
0
0
0
0
0
0
0
0
0
0
0
0
0
0
0
0
0
0
0
0
0
0
0
0
0
0
0
0
0
0
0
0
0
0
0
0
0
0
0
0
0
0
0
0
0
0
0
0
0
0
0
0
0
0
0
0
0
0
0
0
0
0
0
0
0
0
0
0
0
0
0
0
0
0
0
0
0
0
0
0
0
0
0
0
0
0
0
0
0
0
0
0
0
0
0
0
0
0
0
0
0
0
0
0
0
0
0
0
0
0
0
0
0
0
0
0
0
0
0
0
0
0
0
0
0
0
0
0
0
0
0
0
0
0
0
0
0
0
0
0
0
0
0
0
0
0
0
0
0
0
0
0
0
1
0
0
0
0
0
0
0
0
0
0
0
0
0
0
0
0
0
0
0
0
0
0
0
0
0
0
0
0
0
0
0
0
0
1
0
0
0
0
0
0
0
0
0
0
0
0
0
0
0
0
0
1
0
0
0
0
0
0
0
0
0
0
0
0
0
0
0
0
0
0
0
0
0
0
0
0
0
0
0
0
0
0
0
0
0
0
0
0
0
0
0
0
0
0
0
0
0
0
0
0
0
0
0
0
0
0
0
0
0
0
0
0
0
0
0
0
0
0
0
0
0
0
0
0
0
0
0
0
0
0
0
0
0
0
0
0
0
0
0
0
0
0
0
0
0
0
0
0
0
0
0
0
0
0
0
0
0
0
0
0
0
0
0
0
0
0
0
0
0
0
0
0
0
0
0
0
0
0
0
0
0
0
0
0
0
0
0
0
0
0
0
0
0
0
0
0
0
0
0
0
0
0
0
0
0
0
0
0
0
0
0
0
0
0
0
0
0
0
0
0
0
0
0
0
0
0
0
0
0
0
0
0
0
0
0
0
0
0
0
0
0
0
0
0
0
0
0
0
0
0
0
0
0
0
0
0
0
0
0
0
0
0
0
0
0
0
0
0
0
0
0
0
0
0
0
0
0
0
0
0
0
0
0
0
0
0
0
0
0
0
0
0
0
0
0
0
0
1
0
0
0
0
0
0
0
0
0
0
0
0
0
0
0
0
0
0
0
0
0
0
0
0
0
0
0
0
0
0
0
0
0
0
0
0
0
0
0
0
0
0
0
0
0
0
0
0
0
0
0
0
0
0
0
0
0
0
0
0
0
0
0
0
0
0
0
0
0
0
0
0
0
0
0
0
0
0
0
0
0
0
0
0
0
0
0
0
0
0
0
0
0
0
0
0
0
0
0
0
0
0
0
0
0
0
0
0
0
0
0
0
0
0
0
0
0
0
0
0
0
0
0
0
0
0
0
0
0
0
0
0
0
0
0
0
0
0
0
0
0
0
0
0
0
0
0
0
1
0
0
0
0
0
0
0
0
0
0
0
0
0
0
0
0
0
0
0
0
0
0
0
0
0
0
0
0
0
0
0
0
0
0
0
0
0
0
0
0
0
0
0
0
0
0
0
0
0
0
0
0
0
0
0
0
0
0
0
0
0
0
0
0
0
0
0
0
0
0
0
0
0
0
0
0
0
0
0
0
0
0
0
0
0
0
0
0
0
0
0
0
0
0
0
0
0
0
0
0
0
0
0
0
0
0
0
0
0
0
0
0
0
0
0
0
0
0
0
0
0
0
0
0
0
0
0
0
0
0
0
0
0
0
0
0
0
0
0
0
0
0
0
0
0
0
0
0
0
0
0
0
0
0
0
0
0
0
0
0
0
0
0
0
0
0
0
0
0
0
0
0
0
0
0
0
0
0
0
0
0
0
0
0
0
0
0
0
0
0
0
0
0
0
0
0
0
0
0
0
0
0
0
0
0
0
0
0
0
0
0
0
0
0
0
0
0
0
0
0
0
0
0
0
0
0
0
0
0
0
0
0
0
0
0
0
0
0
0
0
0
0
0
0
0
0
0
0
0
0
0
0
0
0
0
0
0
0
0
0
0
0
0
0
0
0
0
0
0
0
0
0
0
0
0
0
0
0
0
0
0
0
0
0
0
0
0
0
0
0
0
0
0
0
0
0
0
0
0
0
0
0
0
0
0
0
0
0
0
0
0
0
0
0
0
0
0
0
0
0
0
0
0
0
0
0
0
0
0
0
0
0
0
0
0
0
0
0
0
0
0
0
0
0
0
0
0
0
0
0
0
0
0
0
0
0
0
0
0
0
0
0
0
0
0
0
0
0
0
0
0
0
0
0
0
0
0
0
0
0
0
0
0
0
0
0
0
0
0
0
0
0
0
0
0
0
0
0
0
0
0
0
0
0
0
0
0
0
0
0
0
0
0
0
0
0
0
0
0
0
0
0
0
0
0
0
0
0
0
0
0
0
0
0
0
0
0
0
0
0
0
0
0
0
0
0
0
0
0
0
0
0
0
0
0
0
0
0
0
0
0
0
0
0
0
0
0
0
0
0
0
0
0
0
0
0
0
0
0
0
0
0
0
0
0
0
0
0
0
0
0
0
0
0
0
0
0
0
0
0
0
0
0
0
0
0
0
0
0
0
0
0
0
0
0
0
0
0
0
0
0
0
0
0
0
0
0
0
0
0
0
0
0
0
0
0
0
0
0
0
0
0
0
0
0
0
0
0
0
0
0
0
0
0
0
0
0
0
0
0
0
0
0
0
0
0
0
0
0
0
0
0
0
0
0
0
0
0
0
0
0
0
0
0
0
0
0
0
0
0
0
0
0
0
0
0
0
0
0
0
0
0
0
0
0
0
0
0
0
0
0
0
0
0
0
0
0
0
0
0
0
0
0
0
0
0
0
0
0
0
0
0
0
0
0
0
0
0
0
0
0
0
0
0
0
0
0
0
0
0
0
0
0
0
0
0
0
0
0
0
0
0
0
0
0
0
0
0
0
0
0
0
0
0
0
0
0
0
0
0
0
0
0
0
0
0
0
0
0
0
0
0
0
0
0
0
0
0
0
0
0
0
0
0
0
0
0
0
0
0
0
0
0
0
0
0
0
0
0
0
0
0
0
0
0
0
0
0
0
0
0
0
0
0
0
0
0
0
0
0
0
0
0
0
0
0
0
0
0
0
0
0
0
0
0
0
0
0
0
0
0
0
0
0
0
0
0
0
0
0
0
0
0
0
0
0
0
0
0
0
0
0
0
0
0
0
0
0
0
0
0
0
0
0
0
0
0
0
0
0
0
0
0
0
0
0
0
0
0
0
0
0
0
0
0
0
0
0
0
0
0
0
0
0
0
0
0
0
0
0
0
0
0
0
0
0
0
0
0
0
0
0
0
0
0
0
0
0
0
0
0
0
0
0
0
0
0
0
0
0
0
0
0
0
0
0
0
0
0
0
0
0
0
0
0
0
0
0
0
0
0
0
0
0
0
0
0
0
0
0
0
0
0
0
0
0
0
0
0
0
0
0
0
0
0
0
0
0
0
0
0
0
0
0
0
0
0
0
0
0
0
0
0
0
0
0
0
0
0
0
0
0
0
0
0
0
0
0
0
0
0
0
0
0
0
0
0
0
0
0
0
0
0
0
0
0
0
0
0
0
0
0
0
0
0
0
0
0
0
0
0
0
0
0
0
0
0
0
0
0
0
0
0
0
0
0
0
0
0
0
0
0
0
0
0
0
0
0
0
0
0
0
0
0
0
0
0
0
0
0
0
0
0
0
0
0
0
0
0
0
0
0
0
0
0
0
0
0
0
0
0
0
0
0
0
0
0
0
0
0
0
0
0
0
0
0
0
0
0
0
0
0
0
0
0
0
0
0
0
0
0
0
0
0
0
0
0
0
0
0
0
0
0
0
0
0
0
0
0
0
0
0
0
0
0
0
0
0
0
0
0
0
0
0
0
0
0
0
0
0
0
0
0
0
0
0
0
0
0
0
0
0
0
0
0
0
0
0
0
0
0
0
0
0
0
0
0
0
0
0
0
0
0
0
0
0
0
0
0
0
0
0
0
0
0
0
0
0
0
0
0
0
0
0
0
0
0
0
0
0
0
0
0
0
0
0
0
0
0
0
0
0
0
0
0
0
0
0
0
0
0
0
0
0
0
0
0
0
0
0
0
0
0
0
0
0
0
0
0
0
0
0
0
0
0
0
0
0
0
0
0
0
0
0
0
0
0
0
0
0
0
0
0
0
0
0
0
0
0
0
0
0
0
0
0
0
0
0
0
0
0
0
0
0
0
0
0
0
0
0
0
0
0
0
0
0
0
0
0
0
0
0
0
0
0
0
0
0
0
0
0
0
0
0
0
0
0
0
0
0
0
0
0
0
0
0
0
0
0
0
0
0
0
0
0
0
0
0
0
0
0
0
0
0
0
0
0
0
0
0
0
0
0
0
0
0
0
0
0
0
0
0
0
0
0
0
0
0
0
0
0
0
0
0
0
0
0
0
0
0
0
0
0
0
0
0
0
0
0
0
0
0
0
0
0
0
0
0
0
0
0
0
0
0
0
0
0
0
0
0
0
0
0
0
0
0
0
0
0
0
0
0
0
0
0
0
0
0
0
0
0
0
0
0
0
0
0
0
0
0
0
0
0
0
0
0
0
0
0
0
0
0
0
0
0
0
0
0
0
0
0
0
0
0
0
0
0
0
0
0
0
0
0
0
0
0
0
0
0
0
0
0
0
0
0
0
0
0
0
0
0
0
0
0
0
0
0
0
0
0
0
0
0
0
0
0
0
0
0
0
0
0
0
0
0
0
0
0
0
0
0
0
0
0
0
0
0
0
0
0
0
0
0
0
0
0
0
0
0
0
0
0
0
0
0
0
0
0
0
0
0
0
0
0
0
0
0
0
0
0
0
0
0
0
0
0
0
0
0
0
0
0
0
0
0
0
0
0
0
0
0
0
0
0
0
0
0
0
0
0
0
0
0
0
0
0
0
0
0
0
0
0
0
0
0
0
0
0
0
0
0
0
0
0
0
0
0
0
0
0
0
0
0
0
0
0
0
0
0
0
0
0
0
0
0
0
0
0
0
0
0
0
0
0
0
0
0
0
0
0
0
0
0
0
0
0
0
0
0
0
0
0
0
0
0
0
0
0
0
0
0
0
0
0
0
0
0
0
0
0
0
0
0
0
0
0
0
0
0
0
0
0
0
0
0
0
0
0
0
0
0
0
0
0
0
0
0
0
0
0
0
0
0
0
0
0
0
0
0
0
0
0
0
0
0
0
0
0
0
0
0
0
0
0
0
0
0
0
0
0
0
0
0
0
0
0
0
0
0
0
0
0
0
0
0
0
0
0
0
0
0
0
0
0
0
0
0
0
0
0
0
0
0
0
0
0
0
0
0
