0
4
244
1079
1359
1428
1417
1311
1318
1375
1348
1260
1332
1338
1347
1287
1392
1336
1325
1274
1281
1301
1273
1258
1219
1231
1279
1110
1266
1114
1177
1216
1168
1189
1153
1228
1184
1117
1113
1087
1147
1207
1162
1150
1192
1170
1161
1197
1161
1109
1219
1183
1165
1131
1233
1138
1228
1103
1238
1173
1202
1154
1201
1185
1153
1163
1154
1123
1146
1114
1095
1184
1112
1186
1183
1155
1166
1168
1151
1192
1126
1137
1154
1203
1223
1152
1198
1167
1216
1275
1296
1311
1204
1258
1189
1282
1279
1245
1232
1229
1210
1272
1274
1283
1253
1225
1243
1278
1235
1206
1288
1235
1286
1318
1242
1237
1260
1309
1267
1355
1270
1404
1273
1348
1434
1440
1453
1417
1431
1484
1532
1555
1638
1583
1659
1676
1728
1736
1696
1674
1747
1709
1764
1686
1686
1763
1708
1675
1660
1656
1644
1633
1621
1607
1566
1579
1604
1575
1538
1483
1454
1492
1499
1405
1438
1434
1448
1402
1467
1389
1379
1408
1375
1399
1265
1370
1375
1288
1361
1327
1304
1345
1265
1305
1281
1265
1227
1267
1209
1267
1237
1233
1257
1205
1184
1154
1232
1163
1193
1185
1165
1178
1125
1208
1164
1184
1113
1127
1135
1170
1111
1116
1188
1120
1109
1127
1080
1079
1083
1122
1089
1155
1124
1011
1055
1084
1103
1135
1115
1174
1118
1086
1147
1082
1136
1070
1141
1118
1147
1120
1129
1105
1075
1044
1081
1057
1115
1098
1139
1079
1075
1102
1123
1094
1042
1073
1067
1037
1085
1094
1065
1071
1060
1109
1056
1035
1058
1015
1030
991
964
993
950
968
950
934
965
941
907
907
888
832
842
841
841
803
827
790
763
739
699
730
693
627
622
613
658
568
589
577
576
537
538
532
510
481
490
526
512
479
499
452
461
468
477
434
443
476
441
413
453
417
408
393
409
418
397
405
429
411
415
420
431
400
438
413
440
401
456
419
415
432
438
454
464
472
454
509
454
520
527
497
515
538
559
525
555
569
590
695
647
674
667
718
763
778
820
845
913
868
952
996
1039
1064
1097
1136
1210
1186
1235
1381
1418
1455
1568
1662
1720
1896
1967
2045
2257
2427
2462
2636
2888
2977
3156
3281
3485
3679
3835
4081
4112
4376
4593
4683
4779
5088
4999
5032
5122
5174
5274
5329
5229
5183
5157
4968
5089
5006
4859
4686
4497
4304
4252
4094
3912
3646
3397
3345
3078
2961
2722
2454
2362
2103
2004
1786
1685
1507
1406
1351
1215
1051
972
877
832
748
722
664
603
489
501
443
410
382
389
370
335
349
309
306
312
264
274
297
259
268
262
252
250
243
263
279
254
243
272
256
256
250
258
250
258
230
271
260
256
259
242
273
234
226
266
240
251
236
248
259
247
248
217
265
221
226
224
251
246
252
225
219
215
247
245
228
227
234
240
238
220
220
237
247
247
225
245
224
238
230
201
234
233
188
224
209
213
202
227
223
208
199
228
248
192
227
224
213
225
222
195
232
196
210
218
232
237
216
225
215
212
234
189
223
216
215
213
212
241
213
206
233
210
219
238
203
232
220
246
226
211
214
199
209
203
234
235
203
209
187
197
187
194
195
225
215
196
226
208
210
195
208
221
215
196
211
194
207
208
190
215
196
217
222
207
192
184
213
205
207
169
207
199
178
216
204
196
174
198
178
204
173
215
177
204
171
204
177
174
192
196
197
182
173
189
190
196
201
198
188
199
169
208
186
193
190
193
187
197
203
198
187
188
204
212
180
185
191
195
168
194
183
178
187
212
155
218
202
201
193
185
169
179
182
188
181
202
195
168
211
188
209
189
209
175
167
191
181
179
209
179
225
185
194
203
197
180
191
200
193
199
231
203
193
200
217
184
201
212
216
212
212
191
173
183
212
212
189
210
234
183
182
205
203
234
231
221
195
230
205
206
211
210
227
186
193
180
211
205
190
240
193
198
189
220
187
206
218
210
173
209
224
196
217
182
197
197
224
217
216
195
200
216
199
213
198
209
209
206
209
202
219
196
215
207
194
199
216
204
192
203
182
202
204
200
229
209
193
202
214
194
184
212
193
182
177
185
159
185
181
159
160
186
176
151
156
150
137
151
150
149
150
150
168
112
123
122
123
133
108
121
89
97
101
77
91
95
84
94
88
84
80
76
62
66
73
55
51
53
49
48
52
41
28
44
32
35
38
35
30
38
25
36
33
28
40
34
30
22
29
23
30
25
30
28
23
26
27
24
25
24
20
28
22
27
25
24
25
43
22
34
38
20
41
40
47
37
44
46
58
72
57
75
53
60
80
72
82
91
81
76
104
95
115
121
128
126
146
153
174
172
174
192
211
201
229
221
244
238
262
274
275
287
313
291
300
309
362
343
373
394
362
409
423
403
475
428
450
417
440
415
432
427
446
410
413
421
421
451
429
383
386
392
323
369
328
386
336
303
320
323
281
275
263
239
224
236
213
188
171
166
164
158
128
116
126
122
109
123
95
86
92
71
68
68
62
54
41
43
43
29
39
29
33
35
18
22
13
10
12
12
8
14
7
8
6
12
4
5
3
6
2
4
5
6
2
6
1
3
2
1
3
3
6
2
0
4
1
2
2
2
3
1
1
2
2
0
2
1
3
1
3
2
1
2
1
3
2
1
7
2
3
1
0
5
1
4
3
4
0
3
4
2
0
1
3
1
3
3
2
1
2
3
0
4
1
1
3
4
0
1
1
5
2
3
1
2
0
0
0
1
1
3
2
2
3
1
3
1
1
2
2
0
1
2
1
1
3
2
1
1
1
1
0
3
2
0
1
0
1
2
1
0
2
4
3
1
0
1
1
1
1
1
0
1
1
2
1
2
3
1
2
1
1
1
1
0
1
0
0
0
2
0
1
0
0
1
0
0
2
0
0
0
1
1
0
0
0
1
0
0
1
0
2
0
1
0
1
1
0
0
0
0
0
0
0
1
1
0
0
2
1
0
2
2
2
2
0
5
0
3
1
3
4
0
2
0
2
3
1
3
3
4
5
2
3
5
1
5
3
2
2
1
1
3
2
2
3
2
1
3
3
2
2
0
2
0
2
2
3
1
1
2
3
1
1
4
1
1
1
1
0
1
0
1
0
0
1
0
1
1
0
0
0
0
1
0
0
0
1
0
0
0
0
2
0
0
0
0
0
0
0
0
0
0
0
0
0
0
0
0
0
1
0
0
0
0
0
0
0
1
0
0
0
0
0
0
0
1
0
0
0
0
0
0
1
0
0
0
0
0
0
0
0
0
1
0
0
0
0
0
0
0
0
0
0
0
0
0
0
0
0
0
0
0
0
0
0
0
0
0
0
0
0
0
0
0
0
0
0
0
0
0
0
0
0
0
0
0
0
0
1
0
0
0
0
0
0
0
1
0
0
0
0
1
0
0
0
0
0
0
0
0
1
0
0
0
0
0
0
0
0
0
0
0
0
0
0
0
0
0
0
0
0
0
0
0
0
0
0
0
0
0
0
0
0
0
0
0
0
0
0
0
1
0
0
0
0
0
0
0
0
0
0
0
0
0
0
0
0
0
0
0
0
0
0
0
0
0
0
0
0
0
0
0
0
0
0
0
0
0
0
0
0
0
0
0
0
0
0
0
0
0
0
0
0
0
0
0
1
0
0
0
0
0
0
0
0
0
0
0
0
0
0
0
0
0
0
0
0
0
0
0
0
0
0
0
0
0
0
0
0
0
0
0
2
0
0
0
0
0
0
0
0
0
0
0
0
0
0
0
0
0
1
0
0
0
0
0
0
0
0
0
0
0
0
0
0
0
0
0
0
0
0
0
0
0
0
0
0
0
0
0
0
1
0
0
0
0
0
0
0
0
0
0
0
0
0
0
0
0
0
0
0
0
0
0
0
0
0
0
0
0
1
0
0
0
0
0
0
0
0
0
0
0
0
0
0
0
0
0
0
0
0
0
0
0
0
0
0
0
0
0
0
0
0
0
0
0
0
1
0
0
0
0
0
0
0
0
0
0
0
0
0
0
0
0
0
0
1
0
0
0
0
0
0
0
1
0
0
0
0
0
0
0
0
0
0
0
0
0
0
0
0
0
0
0
0
0
0
0
0
0
0
0
1
0
0
0
0
0
0
0
0
0
0
0
0
0
0
0
0
0
0
0
0
0
0
0
0
0
0
0
0
0
0
0
0
0
0
0
0
0
0
0
0
0
0
0
0
0
1
0
0
0
0
0
0
0
0
0
0
0
0
0
0
0
0
0
0
0
0
0
0
0
1
0
0
0
0
0
0
0
0
0
0
0
0
0
0
0
0
0
0
1
0
0
0
0
0
0
0
1
0
0
0
0
0
0
0
0
0
0
0
0
0
0
0
0
0
0
0
0
0
0
0
0
0
0
0
0
0
0
0
0
0
0
0
0
0
0
0
0
0
0
0
1
0
0
0
0
0
0
0
0
0
0
0
0
0
0
0
0
0
0
0
0
0
0
0
0
0
0
0
0
0
0
0
0
0
0
0
0
0
0
0
0
0
0
0
0
0
0
0
0
0
0
0
1
0
0
1
0
0
0
0
0
0
0
0
0
0
0
0
0
0
0
1
0
1
0
0
0
0
0
0
0
0
0
0
0
0
0
0
0
0
0
0
0
1
0
0
0
0
0
0
0
0
0
0
0
0
0
0
0
0
0
0
0
0
0
0
0
0
0
0
0
0
0
0
0
0
0
0
0
0
0
0
0
0
0
0
0
0
0
1
0
0
0
0
0
0
0
0
0
0
0
0
0
0
0
0
0
0
0
0
0
0
0
0
0
0
0
0
0
0
0
0
0
0
0
0
0
0
0
0
0
0
0
0
0
0
0
0
0
0
0
0
0
0
0
0
0
0
0
0
0
0
0
0
0
0
0
0
0
0
0
0
0
0
0
0
0
0
0
1
0
0
0
0
0
0
0
0
0
0
0
0
0
0
0
0
0
0
1
0
0
0
0
0
0
0
0
0
0
0
0
0
0
0
0
0
0
0
0
0
0
0
0
0
0
0
0
0
0
0
0
0
0
0
0
0
0
0
0
0
0
0
0
0
0
0
0
0
0
0
0
0
0
0
0
0
0
0
0
0
0
0
0
0
0
0
0
0
0
0
0
1
0
0
0
0
0
0
0
0
0
0
0
0
0
0
0
0
0
0
0
0
0
0
0
0
0
0
0
0
0
0
0
0
0
0
0
0
0
0
0
0
0
0
0
0
0
0
0
0
0
0
0
0
0
0
0
0
0
0
0
0
0
0
0
0
0
0
0
0
0
0
0
0
0
0
0
0
0
0
0
0
0
0
0
0
0
0
0
0
0
0
0
0
0
0
0
0
0
0
0
0
0
0
0
0
0
0
0
0
0
0
0
0
0
0
0
0
0
0
0
0
0
0
0
0
0
0
0
0
0
0
0
0
0
0
0
0
0
0
0
0
0
0
0
0
0
0
0
0
0
0
0
0
0
0
0
0
0
0
0
0
0
0
0
0
0
0
0
0
0
0
0
0
0
0
0
0
0
0
0
0
0
0
0
0
0
0
0
0
0
0
0
0
0
0
0
0
0
0
0
0
0
0
0
0
0
0
0
0
0
0
0
0
0
0
0
0
0
0
0
0
0
0
0
0
0
0
0
0
0
0
0
0
0
0
0
0
0
0
0
0
0
0
0
0
0
0
0
0
0
0
0
0
0
0
0
0
0
0
0
0
0
0
0
0
0
0
0
0
0
0
0
0
0
0
0
0
0
0
0
0
0
0
0
0
0
0
0
0
0
0
0
0
0
0
0
0
0
0
0
0
0
0
0
0
0
0
0
0
0
0
0
0
0
0
0
0
0
0
0
0
0
0
0
0
0
0
0
0
0
0
0
0
0
0
0
0
0
0
0
0
0
0
0
0
0
0
0
0
0
0
0
0
0
0
0
0
0
0
0
0
0
0
0
0
0
0
0
0
0
0
0
0
0
0
0
0
0
0
0
0
0
0
0
0
0
0
0
0
0
0
0
0
0
0
0
0
0
0
0
0
0
0
0
0
0
0
0
0
0
0
0
0
0
0
0
0
0
0
0
0
0
0
0
0
0
0
0
0
0
0
0
0
0
0
0
0
0
0
0
0
0
0
0
0
0
0
0
0
0
0
0
0
0
0
0
0
0
0
0
0
0
0
0
0
0
0
0
0
0
0
0
0
0
0
0
0
0
0
0
0
0
0
0
0
0
0
0
0
0
0
0
0
0
0
0
0
0
0
0
0
0
0
0
0
0
0
0
0
0
0
0
0
0
0
0
0
0
0
0
0
0
0
0
0
0
0
0
0
0
0
0
0
0
0
0
0
0
0
0
0
0
0
0
0
0
0
0
0
0
0
0
0
0
0
0
0
0
0
0
0
0
0
0
0
0
0
0
0
0
0
0
0
0
0
0
0
0
0
0
0
0
0
0
0
0
0
0
0
0
0
0
0
0
0
0
0
0
0
0
0
0
0
0
0
0
0
0
0
0
0
0
0
0
0
0
0
0
0
0
0
0
0
0
0
0
0
0
0
0
0
0
0
0
0
0
0
0
0
0
0
0
0
0
0
0
0
0
0
0
0
0
0
0
0
0
0
0
0
0
0
0
0
0
0
0
0
0
0
0
0
0
0
0
0
0
0
0
0
0
0
0
0
0
0
0
0
0
0
0
0
0
0
0
0
0
0
0
0
0
0
0
0
0
0
0
0
0
0
0
0
0
0
0
0
0
0
0
0
0
0
0
0
0
0
0
0
0
0
0
0
0
0
0
0
0
0
0
0
0
0
0
0
0
0
0
0
0
0
0
0
0
0
0
0
0
0
0
0
0
0
0
0
0
0
0
0
0
0
0
0
0
0
0
0
0
0
0
0
0
0
0
0
0
0
0
0
0
0
0
0
0
0
0
0
0
0
0
0
0
0
0
0
0
0
0
0
0
0
0
0
0
0
0
0
0
0
0
0
0
0
0
0
0
0
0
0
0
0
0
0
0
0
0
0
0
0
0
0
0
0
0
0
0
0
0
0
0
0
0
0
0
0
0
0
0
0
0
0
0
0
0
0
0
0
0
0
0
0
0
0
0
0
0
0
0
0
0
0
0
0
0
0
0
0
0
0
0
0
0
0
0
0
0
0
0
0
0
0
0
0
0
0
0
0
0
0
0
0
0
0
0
0
0
0
0
0
0
0
0
0
0
0
0
0
0
0
0
0
0
0
0
0
0
0
0
0
0
0
0
0
0
0
0
0
0
0
0
0
0
0
0
0
0
0
0
0
0
0
0
0
0
0
0
0
0
0
0
0
0
0
0
0
0
0
0
0
0
0
0
0
0
0
0
0
0
0
0
0
0
0
0
0
0
0
0
0
0
0
0
0
0
0
0
0
0
0
0
0
0
0
0
0
0
0
0
0
0
0
0
0
0
0
0
0
0
0
0
0
0
0
0
0
0
0
0
0
0
0
0
0
0
0
0
0
0
0
0
0
0
0
0
0
0
0
0
0
0
0
0
0
0
0
0
0
0
0
0
0
0
0
0
0
0
0
0
0
0
0
0
0
0
0
0
0
0
0
0
0
0
0
0
0
0
0
0
0
0
0
0
0
0
0
0
0
0
0
0
0
0
0
0
0
0
0
0
0
0
0
0
0
0
0
0
0
0
0
0
0
0
0
0
0
0
0
0
0
0
0
0
0
0
0
0
0
0
0
0
0
0
0
0
0
0
0
0
0
0
0
0
0
0
0
0
0
0
0
0
0
0
0
0
0
0
0
0
0
0
0
0
0
0
0
0
0
0
0
0
0
0
0
0
0
0
0
0
0
0
0
0
0
0
0
0
0
0
0
0
0
0
0
0
0
0
0
0
0
0
0
0
0
0
0
0
0
0
0
0
0
0
0
0
0
0
0
0
0
0
0
0
0
0
0
0
0
0
0
0
0
0
0
0
0
0
0
0
0
0
0
0
0
0
0
0
0
0
0
0
0
0
0
0
0
0
0
0
0
0
0
0
0
0
0
0
0
0
0
0
0
0
0
0
0
0
0
0
0
0
0
0
0
0
0
0
0
0
0
0
0
0
0
0
0
0
0
0
0
0
0
0
0
0
0
0
0
0
0
0
0
0
0
0
0
0
0
0
0
0
0
0
0
0
0
0
0
0
0
0
0
0
0
0
0
0
0
0
0
0
0
0
0
0
0
0
0
0
0
0
0
0
0
0
0
0
0
0
0
0
0
0
0
0
0
0
0
0
0
0
0
0
0
0
0
0
0
0
0
0
0
0
0
0
0
0
0
0
0
0
0
0
0
0
0
0
0
0
0
0
0
0
0
0
0
0
0
0
0
0
0
0
0
0
0
0
0
0
0
0
0
0
0
0
0
0
0
0
0
0
0
0
0
0
0
0
0
0
0
0
0
0
0
0
0
0
0
0
0
0
0
0
0
0
0
0
0
0
0
0
0
0
0
0
0
0
0
0
0
0
0
0
0
0
0
0
0
0
0
0
0
0
0
0
0
0
0
0
0
0
0
0
0
0
0
0
0
0
0
0
0
0
0
0
0
0
0
0
0
0
0
0
0
0
0
0
0
0
0
0
0
0
0
0
0
0
0
0
0
0
0
0
0
0
0
0
0
0
0
0
0
0
0
0
0
0
0
0
0
0
0
0
0
0
0
0
0
0
0
0
0
0
0
0
0
0
0
0
0
0
0
0
0
0
0
0
0
0
0
0
0
0
0
0
0
0
0
0
0
0
0
0
0
0
0
0
0
0
0
0
0
0
0
0
0
0
0
0
0
0
0
0
0
0
0
0
0
0
0
0
0
0
0
0
0
0
0
0
0
0
0
0
0
0
0
0
0
0
0
0
0
0
0
0
0
0
0
0
0
0
0
0
0
0
0
0
0
0
0
0
0
0
0
0
0
0
0
0
0
0
0
0
0
0
0
0
0
0
0
0
0
0
0
0
0
0
0
0
0
0
0
0
0
0
0
0
0
0
0
0
0
0
0
0
0
0
0
0
0
0
0
0
0
0
0
0
0
0
0
0
0
0
0
0
0
0
0
0
0
0
0
0
0
0
0
0
0
0
0
0
0
0
0
0
0
0
0
0
0
0
0
0
0
0
0
0
0
0
0
0
0
0
0
0
0
0
0
0
0
0
0
0
0
0
0
0
0
0
0
0
0
0
0
0
0
0
0
0
0
0
0
0
0
0
0
0
0
0
0
0
0
0
0
0
0
0
0
0
0
0
0
0
0
0
0
0
0
0
0
0
0
0
0
0
0
0
0
0
0
0
0
0
0
0
0
0
0
0
0
0
0
0
0
0
0
0
0
0
0
0
0
0
0
0
0
0
0
0
0
0
0
0
0
0
0
0
0
0
0
0
0
0
0
0
0
0
0
0
0
0
0
0
0
0
0
0
0
0
0
0
0
0
0
0
0
0
0
0
0
0
0
0
0
0
0
0
0
0
0
0
0
0
0
0
0
0
0
0
0
0
0
0
0
0
