0
0
0
0
0
0
0
0
0
0
131575
182361
180529
179092
176590
174764
173635
171398
170133
169344
167470
166489
165829
165529
164739
163529
162892
161719
160420
160168
159460
158084
156660
156959
156511
155566
154262
152959
151909
152113
150600
150322
149338
148670
147946
147151
146729
146467
144783
144712
143346
143121
141665
141057
140767
140441
139424
138444
138017
137760
137333
136163
135671
134320
133753
132986
132503
131824
131521
131049
130027
129786
128811
128127
127313
126635
126618
125962
125351
123880
123327
123025
121853
122244
121026
120614
120045
119423
118284
118009
117564
116848
116252
116405
115707
114765
113828
114040
112868
111994
111575
111748
111488
110082
110035
109139
108672
108374
107500
106888
106607
106514
104989
104817
104226
104145
103478
102844
102391
102366
101220
100873
100137
99948
99333
98822
98070
98198
97516
97025
95743
95977
95721
94814
94481
94141
93670
93468
92782
92342
91598
91445
90788
90651
89666
89284
89086
88273
88118
87799
87310
86910
86859
86063
85975
85339
84672
84827
83901
83331
83437
82671
82084
82417
81920
81069
80854
80031
79600
79131
79229
78328
78160
77880
77338
77038
76798
76021
76201
76012
75256
75058
74508
74102
73598
73135
73228
72759
72628
71983
71830
71156
70359
70492
70088
70207
69466
69029
69094
68645
68014
67444
67647
67133
66559
66684
65576
65211
65859
65323
65122
64744
64327
63951
63337
63289
62682
62924
62492
62347
61544
61447
60738
60699
60750
59878
59427
59771
59368
59119
58886
58079
57964
58058
57597
57239
57135
56729
56237
56204
55743
55701
54702
54791
54910
54434
54345
53934
54068
53600
52845
53263
52618
52398
52043
51575
51711
50862
51435
51091
50749
49980
50059
49766
49970
49725
48807
49145
48866
48242
48350
47927
47693
47581
46921
47061
46956
46777
46289
46205
46028
45499
45652
45059
45195
44961
44800
44031
44400
43539
43765
43511
43295
43236
42821
42150
42494
42323
41985
41983
41925
41258
41162
40912
40525
40925
40192
40415
39661
39772
39502
39283
39021
39289
38736
38435
38319
38054
38015
38037
37693
37432
37170
36866
36783
36788
36236
36410
36124
35570
35741
35793
35322
34925
35061
34941
34978
34664
34377
34076
33788
33740
33865
33725
33444
33572
32886
32567
32593
32508
32013
31780
32378
31770
31846
31514
31537
31015
31257
31020
30808
30672
30391
30224
29980
29965
30050
29821
29161
29551
29284
29497
29117
28545
28625
28703
28249
28328
28029
28088
27865
27757
27771
27622
27495
27232
27458
26963
27262
26803
26647
26470
26611
26188
25981
26068
25584
25833
25920
25560
25394
25048
25110
24925
24810
24826
24599
24199
24124
24285
24216
24016
24071
23631
23728
23504
23434
23272
23143
22768
23006
22638
22765
22244
22553
22313
22136
22377
21949
21716
21889
21605
21666
21540
21602
21293
21117
21292
20782
20865
20710
20573
20599
20342
20587
20240
20064
19908
19775
19811
19637
19663
19690
19422
18943
19275
19286
19064
19035
18826
18754
18792
18523
18570
18372
18416
18323
17754
18305
18006
17986
17732
17629
17643
17372
17447
17152
17416
17019
17070
17219
16958
16837
16656
16572
16623
16418
16245
16399
16293
15884
16325
16040
16225
16037
15841
15678
15680
15615
15526
15337
15401
15417
15164
15095
15072
15187
14900
14779
15011
14748
14740
14540
14554
14523
14226
14080
14234
14083
14168
13950
13896
13707
13676
13709
13608
13662
13462
13425
13477
13332
13271
13075
13031
13081
12746
12847
12902
12867
12605
12520
12726
12533
12400
12383
12369
12373
12076
12152
12113
12013
11905
12082
11755
11936
11781
11835
11680
11528
11626
11333
11306
11248
11220
11221
11141
11247
10830
10801
11328
10957
10839
11005
10712
10552
10670
10811
10642
10513
10386
10281
10445
10148
10197
10174
10204
10187
10104
10048
9735
9914
9840
9849
9736
9691
9706
9598
9632
9431
9413
9435
9433
9040
9331
9173
9249
9137
9030
8853
8959
9036
8919
8819
8902
8847
8766
8623
8689
8679
8451
8460
8677
8413
8481
8274
8460
8312
8227
8338
8161
8079
7941
8168
7852
8073
7867
7844
8011
7672
8041
7681
7651
7740
7632
7533
7542
7629
7515
7351
7468
7365
7260
7175
7176
7134
7170
7098
6984
6986
7143
7078
7026
6947
6933
6848
6771
6820
6693
6823
6579
6725
6715
6612
6411
6526
6575
6331
6566
6431
6497
6359
6239
6409
6220
6072
6242
6263
6063
6174
6013
5969
6158
6030
6012
6015
5885
5829
5815
5870
5981
5798
5642
5528
5601
5574
5468
5566
5642
5556
5585
5454
5432
5376
5326
5343
5298
5236
5246
5239
5166
5132
5225
5128
5221
5034
4943
5103
4986
4991
4992
4944
4864
4807
4864
4826
4778
4788
4862
4803
4722
4642
4674
4682
4664
4557
4536
4512
4510
4522
4442
4525
4393
4418
4483
4237
4373
4203
4418
4302
4247
4303
4312
4286
4224
4134
4148
4178
4154
4110
4123
4092
4058
3986
4038
4103
3981
3937
3982
3826
3917
3969
3871
3816
3745
3727
3758
3781
3650
3765
3741
3687
3692
3512
3639
3575
3644
3579
3478
3431
3534
3444
3499
3518
3471
3412
3401
3357
3430
3376
3425
3323
3223
3319
3282
3188
3326
3190
3147
3165
3211
3120
3084
3001
3049
3002
3213
3044
3119
2970
3057
2982
3037
2983
3024
2993
2875
2868
2922
2972
2903
2813
2875
2792
2875
2769
2827
2774
2779
2735
2758
2793
2726
2599
2755
2647
2661
2587
2623
2610
2665
2570
2536
2592
2506
2493
2506
2588
2497
2482
2501
2465
2490
2523
2353
2400
2464
2409
2343
2305
2348
2451
2296
2315
2273
2343
2358
2231
2258
2228
2256
2193
2223
2202
2244
2160
2133
2111
2149
2220
2174
2184
2114
2029
2075
2103
2061
2093
2005
2015
2034
2027
2089
1936
2081
1988
1987
1907
2016
1908
1935
1909
1900
2011
1922
1842
1910
1903
1854
1818
1812
1853
1776
1821
1792
1761
1852
1841
1797
1793
1774
1747
1747
1659
1757
1762
1682
1748
1744
1632
1640
1697
1716
1604
1611
1664
1642
1674
1576
1628
1540
1619
1566
1621
1623
1448
1481
1433
1518
1544
1490
1523
1513
1512
1400
1476
1473
1451
1523
1446
1392
1467
1385
1400
1338
1402
1457
1349
1383
1334
1377
1395
1358
1405
1381
1352
1328
1388
1226
1315
1322
1326
1291
1269
1311
1281
1238
1288
1241
1285
1253
1209
1243
1206
1308
1234
1169
1193
1168
1220
1148
1252
1269
1147
1131
1134
1107
1113
1150
1137
1131
1142
1147
1080
1112
1135
1101
1085
1053
1112
1054
1066
1052
1022
1011
1052
1085
1072
986
1025
1088
1022
1001
1021
997
971
984
965
978
1011
1033
946
970
887
994
947
964
936
961
942
930
850
939
898
934
924
913
884
862
871
858
874
889
874
881
879
831
857
807
835
878
851
775
802
871
831
812
759
808
761
785
791
831
830
793
778
803
803
811
803
809
772
748
764
701
729
778
721
734
744
707
713
711
727
694
773
710
685
749
713
701
708
706
698
654
661
673
655
671
652
660
659
671
640
622
563
629
634
614
628
627
581
619
618
582
576
601
613
690
608
611
536
608
605
584
604
560
559
552
564
552
589
568
598
600
604
522
570
541
578
528
535
565
504
537
554
501
515
472
538
523
519
489
506
558
490
464
507
474
446
509
457
503
504
479
466
469
496
464
458
457
471
484
439
443
489
478
438
444
463
442
438
476
430
420
454
437
435
439
421
429
409
403
410
408
404
399
408
409
409
431
399
407
394
401
376
336
409
394
358
381
375
372
375
351
369
379
357
367
350
373
385
358
347
373
343
332
348
368
334
323
352
347
321
340
345
327
351
334
315
349
344
319
326
313
327
307
342
333
313
310
300
297
308
341
295
349
288
328
290
302
291
278
304
274
300
278
309
299
285
301
259
297
281
301
296
257
280
273
275
248
278
274
247
263
239
280
228
244
253
258
275
245
261
266
214
267
281
248
224
253
246
234
235
276
238
265
227
218
231
229
257
214
240
217
217
206
219
243
221
246
224
192
219
193
209
217
207
198
189
189
193
228
221
182
210
201
211
202
196
218
200
190
232
217
193
212
186
203
173
193
198
205
156
186
180
173
183
175
173
190
187
150
181
163
196
199
170
174
173
159
176
192
165
171
145
177
162
167
166
192
155
158
167
193
161
177
158
147
148
155
169
166
142
145
157
147
179
145
150
139
157
172
140
136
145
143
135
167
134
140
137
149
124
131
132
122
134
126
131
145
146
135
134
142
125
129
140
131
141
125
117
136
128
110
124
141
100
123
149
123
149
121
108
103
108
141
112
132
122
116
131
116
108
131
119
111
106
96
113
99
114
85
111
123
113
108
123
114
120
102
101
98
100
100
102
121
110
88
102
104
92
96
110
97
102
114
99
96
94
111
111
105
75
105
93
112
88
96
78
81
86
91
95
96
79
75
96
93
102
95
79
92
66
88
107
90
78
82
81
80
93
75
93
86
84
92
69
72
77
77
84
71
83
70
76
75
61
66
76
62
66
100
65
62
74
83
78
72
65
67
83
81
60
76
66
64
66
73
63
61
74
80
61
62
66
64
63
56
72
80
54
70
69
69
69
55
64
54
71
51
37
52
66
38
64
60
56
60
66
56
55
52
54
65
49
67
55
69
53
66
57
44
43
51
41
63
42
61
51
37
51
45
60
50
51
50
46
66
68
44
47
63
53
43
54
49
41
42
43
48
52
52
57
56
43
53
54
44
45
37
47
62
36
47
43
51
41
46
41
48
51
54
47
46
34
48
42
47
31
38
47
31
39
36
43
36
42
42
39
38
34
39
29
30
39
30
53
38
30
41
34
38
38
38
34
37
38
31
29
33
39
38
34
34
32
34
39
30
28
26
34
26
21
38
36
28
39
27
42
27
33
35
34
38
32
23
18
32
32
25
22
25
36
38
21
35
26
28
32
31
24
33
25
24
28
37
32
33
24
21
33
29
21
21
34
23
33
29
29
34
24
31
28
33
30
16
27
32
25
31
28
32
22
27
21
25
22
33
29
28
22
24
31
21
18
28
26
24
20
21
25
28
27
24
23
23
26
20
28
19
14
14
17
23
15
25
26
19
19
27
20
19
24
32
26
18
28
23
20
20
17
23
24
16
20
13
15
24
20
26
19
19
25
24
24
12
17
20
23
22
13
16
22
16
24
18
19
15
13
15
17
19
11
11
12
20
20
21
10
11
22
10
17
12
17
21
17
15
20
18
15
20
15
20
17
12
13
13
11
16
19
15
14
7
15
11
21
16
19
16
17
12
15
14
16
12
12
14
12
25
9
8
16
12
16
12
21
13
16
8
18
16
15
13
9
10
9
14
4
13
10
13
14
13
16
14
13
5
7
9
14
10
14
9
14
13
14
17
11
13
8
11
7
11
5
10
15
7
15
13
9
9
8
11
8
7
8
13
9
7
12
10
11
10
10
5
8
7
5
8
9
13
9
13
12
9
11
7
5
10
10
10
6
9
8
8
15
10
9
8
6
10
7
4
10
10
6
8
12
5
8
6
9
6
7
9
7
6
8
8
6
7
8
4
3
13
5
9
7
13
5
5
5
10
10
12
7
4
3
10
5
8
7
5
6
2
9
5
3
7
5
7
7
7
7
4
12
7
6
9
8
6
5
2
9
7
9
10
10
7
11
6
7
6
7
3
9
4
9
7
7
5
3
6
4
6
4
2
5
6
4
8
7
3
2
6
6
3
4
4
6
6
4
5
5
3
11
6
4
4
2
3
6
6
2
7
6
8
8
3
5
4
4
4
3
2
6
4
6
3
5
3
7
3
2
7
6
5
6
4
5
3
2
2
4
3
6
4
7
5
5
4
2
2
6
5
2
2
4
3
6
4
3
6
8
7
5
4
2
4
4
5
1
3
4
4
1
4
7
3
0
2
8
3
4
6
2
3
1
1
4
2
9
5
2
5
3
1
3
3
6
9
3
2
3
6
4
6
10
4
4
4
4
3
5
4
7
7
0
7
0
2
3
2
5
3
7
5
1
3
3
2
4
4
4
4
6
0
5
2
0
3
3
3
5
1
3
6
2
4
4
2
1
2
4
1
3
2
3
8
1
1
6
3
3
0
4
1
1
1
2
0
4
3
2
5
1
0
2
2
5
2
0
1
4
5
3
2
0
2
4
1
1
0
2
1
5
3
1
2
0
1
2
2
2
1
2
3
3
3
2
1
3
3
6
5
1
1
2
1
2
1
4
1
2
1
2
1
3
3
0
1
1
2
0
7
0
1
0
2
2
0
3
1
2
0
1
0
2
5
1
2
2
0
2
2
1
3
2
1
3
3
4
1
1
1
0
2
0
0
0
1
1
1
1
3
4
3
1
0
1
0
1
0
3
2
1
0
0
0
2
0
1
0
2
1
0
0
2
1
3
0
1
3
0
0
1
1
1
2
2
2
2
1
1
1
2
2
2
1
0
1
1
1
2
0
2
0
1
1
1
1
0
0
1
1
1
1
1
0
1
1
1
0
0
1
1
2
0
2
3
1
0
0
1
0
2
0
1
0
3
0
1
1
1
0
1
1
0
0
0
0
1
1
1
1
1
4
1
1
0
0
2
2
1
1
0
1
0
0
0
0
1
0
1
1
2
1
0
3
1
2
0
1
0
1
1
1
1
2
0
1
0
1
0
0
0
1
1
1
0
0
0
0
1
0
1
1
0
1
1
1
0
2
0
1
3
0
1
0
0
0
2
1
0
1
1
0
0
1
0
1
0
0
0
1
3
0
0
0
0
1
0
1
1
1
0
1
0
0
0
0
1
0
0
1
1
0
0
0
1
0
0
1
1
0
1
1
0
0
0
0
0
1
1
0
1
2
1
0
0
1
1
1
0
1
1
0
1
1
0
0
1
0
0
0
0
1
0
0
0
1
0
0
0
0
0
1
0
0
0
0
0
2
0
2
2
0
1
0
1
0
0
0
0
1
1
0
1
1
0
0
1
1
1
0
1
0
1
1
1
0
0
0
0
0
0
0
1
1
0
0
0
0
0
0
0
0
0
0
0
0
0
0
0
0
0
0
0
0
1
0
0
0
0
1
0
0
0
0
0
0
1
0
0
0
0
0
0
1
0
0
0
0
0
0
0
1
0
1
0
0
0
0
0
0
0
0
0
0
0
0
0
1
0
1
0
0
0
0
1
0
0
0
0
0
0
0
0
0
1
2
0
0
0
0
1
0
0
0
0
0
0
0
1
2
0
0
0
0
0
0
0
0
0
1
0
0
0
0
1
0
0
1
0
0
1
1
0
0
1
0
1
1
0
0
0
1
0
0
0
0
0
0
0
0
0
0
0
0
0
0
0
0
1
0
0
0
0
0
0
0
0
1
0
0
0
0
0
0
1
0
1
0
1
0
0
0
0
0
0
0
0
0
0
0
0
0
0
0
0
0
0
0
0
0
0
0
0
0
0
0
0
0
0
0
0
0
0
0
0
0
0
0
0
0
0
0
0
1
0
0
0
0
0
0
0
0
0
0
0
0
0
0
0
1
0
1
1
0
0
0
0
0
0
0
0
0
0
0
1
0
0
0
0
0
0
0
0
0
0
1
0
0
0
0
0
1
0
0
1
0
1
0
0
0
0
1
0
0
1
0
0
1
0
0
0
0
0
0
0
0
0
0
0
1
0
0
0
0
1
0
0
0
0
1
1
0
0
0
0
0
0
1
0
0
0
0
0
0
0
0
0
1
0
0
0
0
0
0
0
0
0
0
0
0
0
0
0
1
0
1
0
0
0
0
0
0
0
0
0
0
0
0
0
0
0
1
0
0
0
0
0
0
0
0
0
0
0
0
0
0
0
0
0
0
0
0
0
0
0
0
0
0
0
0
0
0
0
0
0
0
0
0
0
0
0
0
0
0
0
0
0
0
0
0
0
0
0
0
0
0
0
0
0
0
0
0
0
0
0
0
0
0
0
0
0
0
0
0
0
0
0
0
0
0
0
0
0
0
0
0
0
0
0
0
1
0
0
0
0
0
0
0
3
0
0
0
0
0
0
0
0
0
0
0
0
0
0
0
0
0
0
0
0
0
0
0
0
0
0
0
0
0
0
0
0
0
0
0
0
0
0
0
0
0
0
0
0
0
0
0
0
0
0
0
0
0
0
0
0
0
0
0
0
0
0
0
0
0
0
0
0
0
0
0
0
0
0
0
0
0
0
0
0
0
0
0
0
0
0
0
0
0
0
0
0
0
0
0
0
0
0
0
0
0
0
0
0
0
0
0
0
0
0
0
0
0
0
0
0
0
0
0
0
0
0
0
0
0
0
0
0
0
0
0
0
0
0
0
0
0
0
0
0
0
0
0
0
0
0
0
0
0
0
0
0
0
0
0
0
0
0
0
0
0
0
0
0
0
0
0
0
0
0
0
0
0
0
0
0
0
0
0
0
0
0
0
0
0
0
0
0
0
0
0
0
0
0
0
0
0
0
0
0
0
0
0
0
0
0
0
0
0
0
0
0
0
0
0
0
0
0
0
0
0
0
0
0
0
0
0
0
0
0
0
0
0
0
0
0
0
0
0
0
0
0
0
0
0
0
0
0
0
0
0
0
0
0
0
0
0
0
0
0
0
0
0
0
0
0
0
0
0
0
0
0
0
0
0
0
0
0
0
0
0
0
0
0
0
0
0
0
0
0
0
0
0
0
0
0
0
0
0
0
0
0
0
0
0
0
0
0
0
1
0
0
0
0
0
0
0
0
0
0
0
0
0
0
0
0
0
0
0
0
0
0
0
0
0
0
0
0
0
0
0
0
0
0
0
0
0
0
0
0
0
0
0
0
0
0
0
0
0
0
0
0
0
0
0
0
0
0
0
0
0
0
0
0
0
0
0
0
0
0
0
0
0
0
0
0
0
0
0
0
0
0
0
0
0
0
0
0
0
0
0
0
0
0
0
0
0
0
0
0
0
0
0
0
0
0
0
0
0
0
0
0
0
0
0
0
0
0
0
0
0
0
0
0
0
0
0
0
0
0
0
0
0
0
0
0
0
0
0
0
0
0
0
0
0
0
0
0
0
0
0
0
0
0
0
0
0
0
0
0
0
0
0
0
0
0
0
0
0
0
0
0
0
0
0
0
0
0
0
0
0
0
0
0
0
0
0
0
0
0
0
0
0
0
0
0
0
0
0
0
0
0
0
0
0
0
0
0
0
0
0
0
0
0
0
0
0
0
0
0
0
0
0
0
0
0
0
0
0
0
0
0
0
0
0
0
0
0
0
0
0
0
0
0
0
0
0
0
0
0
0
0
0
0
0
0
0
0
0
0
0
0
0
0
0
0
0
0
0
0
0
0
0
0
0
0
0
0
0
0
0
0
0
0
0
0
0
0
0
0
0
0
0
0
0
0
0
0
0
0
0
0
0
0
0
0
0
0
0
0
0
0
0
0
0
0
0
0
0
0
0
0
0
0
0
0
0
0
0
0
0
0
0
0
0
0
0
0
0
0
0
0
0
0
0
0
0
0
0
0
0
0
0
0
0
0
0
0
0
0
0
0
0
0
0
0
0
0
0
0
0
0
0
0
0
0
0
0
0
0
0
0
0
0
0
0
0
0
0
0
0
0
0
0
0
0
0
0
0
0
0
0
0
0
0
0
0
0
0
0
0
0
0
0
0
0
0
0
0
0
0
0
0
0
0
0
0
0
0
0
0
0
0
0
0
0
0
0
0
0
0
0
0
0
0
0
0
0
0
0
0
0
0
0
0
0
0
0
0
0
0
0
0
0
0
0
0
0
0
0
0
0
0
0
0
0
0
0
0
0
0
0
0
0
0
0
0
0
0
0
0
0
0
0
0
0
0
0
0
0
0
0
0
0
0
0
0
0
0
0
0
0
0
0
0
0
0
0
0
0
0
0
0
0
0
0
0
0
0
0
0
0
0
0
0
0
0
0
0
0
0
0
0
0
0
0
0
0
0
0
0
0
0
0
0
0
0
0
0
0
0
0
0
0
0
0
0
0
0
0
0
0
0
0
0
0
0
0
0
0
0
0
0
0
0
0
0
0
0
0
0
0
0
0
0
0
0
0
0
0
0
0
0
0
0
0
0
0
0
0
0
0
0
0
0
0
0
0
0
0
0
0
0
0
0
0
0
0
0
0
0
0
0
0
0
0
0
0
0
0
0
0
0
0
0
0
0
0
0
0
0
0
0
0
0
0
0
0
0
0
0
0
0
0
0
0
0
0
0
0
0
0
0
0
0
0
0
0
0
0
0
0
0
0
0
0
0
0
0
0
0
0
0
0
0
0
0
0
0
0
0
0
0
0
0
0
0
0
0
0
0
0
0
0
0
0
0
0
0
0
0
0
0
0
0
0
0
0
0
0
0
0
0
0
0
0
0
0
0
0
0
0
0
0
0
0
0
0
0
0
0
0
0
0
0
0
0
0
0
0
0
0
0
0
0
0
0
0
0
0
0
0
0
0
0
0
0
0
0
0
0
0
0
0
0
0
0
0
0
0
0
0
0
0
0
0
0
0
0
0
0
0
0
0
0
0
0
0
0
0
0
0
0
0
0
0
0
0
0
0
0
0
0
0
0
0
0
0
0
0
0
0
0
0
0
0
0
0
0
0
0
0
0
0
0
0
0
0
0
0
0
0
0
0
0
0
0
0
0
0
0
0
0
0
0
0
0
0
0
0
0
0
0
0
0
0
0
0
0
0
0
0
0
0
0
0
0
0
0
0
0
0
0
0
0
0
0
0
0
0
0
0
0
0
0
0
0
0
0
0
0
0
0
0
0
0
0
0
0
0
0
0
0
0
0
0
0
0
0
0
0
0
0
0
0
0
0
0
0
0
0
0
0
0
0
0
0
0
0
0
0
0
0
0
0
0
0
0
0
0
0
0
0
0
0
0
0
0
0
0
0
0
0
0
0
0
0
0
0
0
0
0
0
0
0
0
0
0
0
0
0
0
0
0
0
0
0
0
0
0
0
0
0
0
0
0
0
0
0
0
0
0
0
0
0
0
0
0
0
0
0
0
0
0
0
0
0
0
0
0
0
0
0
0
0
0
0
0
0
0
0
0
0
0
0
0
0
0
0
0
0
0
0
0
0
0
0
0
0
0
0
0
0
0
0
0
0
0
0
0
0
0
0
0
0
0
0
0
0
0
0
0
0
0
0
0
0
0
0
0
0
0
0
0
0
0
0
0
0
0
0
0
0
0
0
0
0
0
0
0
0
0
0
0
0
0
0
0
0
0
0
0
0
0
0
0
0
0
0
0
0
0
0
0
0
0
0
0
0
0
0
0
0
0
0
0
0
0
0
0
0
0
0
0
0
0
0
0
0
0
0
0
0
0
0
0
0
0
0
0
0
0
0
0
0
0
0
0
0
0
0
0
0
0
0
0
0
0
0
0
0
0
0
0
0
0
0
0
0
0
0
0
0
0
0
0
0
0
0
0
0
0
0
0
0
0
0
0
0
0
0
0
0
0
0
0
0
0
0
0
0
0
0
0
0
0
0
0
0
0
0
0
0
0
0
0
0
0
0
0
0
0
0
0
0
0
0
0
0
0
0
0
0
0
0
0
0
0
0
0
0
0
0
0
0
0
0
0
0
0
0
0
0
0
0
0
0
0
0
0
0
0
0
0
0
0
0
0
0
0
0
0
0
0
0
0
0
0
0
0
0
0
0
0
0
0
0
0
0
0
0
0
0
0
0
0
0
0
0
0
0
0
0
0
0
0
0
0
0
0
0
0
0
0
0
0
0
0
0
0
0
0
0
0
0
0
0
0
0
0
0
0
0
0
0
0
0
0
0
0
0
0
0
0
0
0
0
0
0
0
0
0
0
0
0
0
0
0
0
0
0
0
0
0
0
0
0
0
0
0
0
0
0
0
0
0
0
0
0
0
0
0
0
0
0
0
0
0
0
0
0
0
0
0
0
0
0
0
0
0
0
0
0
0
0
0
0
0
0
0
0
0
0
0
0
0
0
0
0
0
0
0
0
0
0
0
0
0
0
0
0
0
0
0
0
0
0
0
0
0
0
0
0
0
0
0
0
0
0
0
0
0
0
0
0
0
0
0
0
0
0
0
0
0
0
0
0
0
0
0
0
0
0
0
0
0
0
0
0
0
0
0
0
0
0
0
0
0
0
0
0
0
0
0
0
0
0
0
0
0
0
0
0
0
0
0
0
0
0
0
0
0
0
0
0
0
0
0
0
0
0
0
0
0
0
0
0
0
0
0
0
0
0
0
0
0
0
0
0
0
0
0
0
0
0
0
0
0
0
0
0
0
0
0
0
0
0
0
0
0
0
0
0
0
0
0
0
0
0
0
0
0
0
0
0
0
0
0
0
0
0
0
0
0
0
0
0
0
0
0
0
0
0
0
0
0
0
0
0
0
0
0
0
0
0
0
0
0
0
0
0
0
0
0
0
0
0
0
0
0
0
0
0
0
0
0
0
0
0
0
0
0
0
0
0
0
0
0
0
0
0
0
0
0
0
0
0
0
0
0
0
0
0
0
0
0
0
0
0
0
0
0
0
0
0
0
0
0
0
0
0
0
0
0
0
0
0
0
0
0
0
0
0
0
0
0
0
0
0
0
0
0
0
0
0
0
0
0
0
0
0
0
0
0
0
0
0
0
0
0
0
0
0
0
0
0
0
0
0
0
0
0
0
0
0
0
0
0
0
0
0
0
0
0
0
0
0
0
0
0
0
0
0
0
0
0
0
0
0
0
0
0
0
0
0
0
0
0
0
0
0
0
0
0
0
0
0
0
0
0
0
0
0
0
0
0
0
0
0
0
0
0
0
0
0
0
0
0
0
0
0
0
0
0
0
0
0
0
0
0
0
0
0
0
0
0
0
0
0
0
0
0
0
0
0
0
0
0
0
0
0
0
0
0
0
0
0
0
0
0
0
0
0
0
0
0
0
0
0
0
0
0
0
0
0
0
0
0
0
0
0
0
0
0
0
0
0
0
0
0
0
0
0
0
0
0
0
0
0
0
0
0
0
0
0
0
0
0
0
0
0
0
0
0
0
0
0
0
0
0
0
0
0
0
0
0
0
0
0
0
0
0
0
0
0
0
0
0
0
0
0
0
0
0
0
0
0
0
0
0
0
0
0
0
0
0
0
0
0
0
0
0
0
0
0
0
0
0
0
0
0
0
0
0
0
0
0
0
0
0
0
0
0
0
0
0
0
0
0
0
0
0
0
0
0
0
0
0
0
0
0
0
0
0
0
0
0
0
0
0
0
0
0
0
0
0
0
0
0
0
0
0
0
0
0
0
0
0
0
0
0
0
0
0
0
0
0
0
0
0
0
0
0
0
0
0
0
0
0
0
0
0
0
0
0
0
0
0
0
0
0
0
0
0
0
0
0
0
0
0
0
0
0
0
0
0
0
0
0
0
0
0
0
0
0
0
0
0
0
0
0
0
0
0
0
0
0
0
0
0
0
0
0
0
0
0
0
0
0
0
0
0
0
0
0
0
0
0
0
0
0
0
0
0
0
0
0
0
0
0
0
0
0
0
0
0
0
0
0
0
0
0
0
0
0
0
0
0
0
0
0
0
0
0
0
0
0
0
0
0
0
0
0
0
0
0
0
0
0
0
0
0
0
0
0
0
0
0
0
0
0
0
0
0
0
0
0
0
0
0
0
0
0
0
0
0
0
0
0
0
0
0
0
0
0
0
0
0
0
0
0
0
0
0
0
0
0
0
0
0
0
0
0
0
0
0
0
0
0
0
0
0
0
0
0
0
0
0
0
0
0
0
0
0
0
0
0
0
0
0
0
0
0
0
0
0
0
0
0
0
0
0
0
0
0
0
0
0
0
0
0
0
0
0
0
0
0
0
0
0
0
0
0
0
0
0
0
0
0
0
0
0
0
0
0
0
0
0
0
0
0
0
0
0
0
0
0
0
0
0
0
0
0
0
0
0
0
0
0
0
0
0
0
0
0
0
0
0
0
0
0
0
0
0
0
0
0
0
0
0
0
0
0
0
0
0
0
0
0
0
0
0
0
0
0
0
0
0
0
0
0
0
0
0
0
0
0
0
0
0
0
0
0
0
0
0
0
0
0
0
0
0
0
0
0
0
0
0
0
0
0
0
0
0
0
0
0
0
0
0
0
0
0
0
0
0
0
0
0
0
0
0
0
0
0
0
0
0
0
0
0
0
0
0
0
0
0
0
0
0
0
0
0
0
0
0
0
0
0
0
0
0
0
0
0
0
0
0
0
0
0
0
0
0
0
0
0
0
0
0
0
0
0
0
0
0
0
0
0
0
0
0
0
0
0
0
0
0
0
0
0
0
0
0
0
0
0
0
0
0
0
0
0
0
0
0
0
0
0
0
0
0
0
0
0
0
0
0
0
0
0
0
0
0
0
0
0
0
0
0
0
0
0
0
0
0
0
0
0
0
0
0
0
0
0
0
0
0
0
0
0
0
0
0
0
0
0
0
0
0
0
0
0
0
0
0
0
0
0
0
0
0
0
0
0
0
0
0
0
0
0
0
0
0
0
0
0
0
0
0
0
0
0
0
0
0
0
0
0
0
0
0
0
0
0
0
0
0
0
0
0
0
0
0
0
0
0
0
0
0
0
0
0
0
0
0
0
0
0
0
0
0
0
0
0
0
0
0
0
0
0
0
0
0
0
0
0
0
0
0
0
0
0
0
0
0
0
0
0
0
0
0
0
0
0
0
0
0
0
0
0
0
0
0
0
0
0
0
0
0
0
0
0
0
0
0
0
0
0
0
0
0
0
0
0
0
0
0
0
0
0
0
0
0
0
0
0
0
0
0
0
0
0
0
0
0
0
0
0
0
0
0
0
0
0
0
0
0
0
0
0
0
0
0
0
0
0
0
0
0
0
0
0
0
0
0
0
0
0
0
0
0
0
0
0
0
0
0
0
0
0
0
0
0
0
0
0
0
0
0
0
0
0
0
0
0
0
0
0
0
0
0
0
0
0
0
0
0
0
0
0
0
0
0
0
0
0
0
0
0
0
0
0
0
0
0
0
0
0
0
0
0
0
0
0
0
0
0
0
0
0
0
0
0
0
0
0
0
0
0
0
0
0
0
0
0
0
0
0
0
0
0
0
0
0
0
0
0
0
0
0
0
0
0
0
0
0
0
0
0
0
0
0
0
0
0
0
0
0
0
0
0
0
0
0
0
0
0
0
0
0
0
0
0
0
0
0
0
0
0
0
0
0
0
0
0
0
0
0
0
0
0
0
0
0
0
0
0
0
0
0
0
0
0
0
0
0
0
0
0
0
0
0
0
0
0
0
0
0
0
0
0
0
0
0
0
0
0
0
0
0
0
0
0
0
0
0
0
0
0
0
0
0
0
0
0
0
0
0
0
0
0
0
0
0
0
0
0
0
0
0
0
0
0
0
0
0
0
0
0
0
0
0
0
0
0
0
0
0
0
0
0
0
0
0
0
0
0
0
0
0
0
0
0
0
0
0
0
0
0
0
0
0
0
0
0
0
0
0
0
0
0
0
0
0
0
0
0
0
0
0
0
0
0
0
0
0
0
0
0
0
0
0
0
0
0
0
0
0
0
0
0
0
0
0
0
0
0
0
0
0
0
0
0
0
0
0
0
0
0
0
0
0
0
0
0
0
0
0
0
0
0
0
0
0
0
0
0
0
0
0
0
0
0
0
0
0
0
0
0
0
0
0
0
0
0
0
0
0
0
0
0
0
0
0
0
0
0
0
0
0
0
0
0
0
0
0
0
0
0
0
0
0
0
0
0
0
0
0
0
0
0
0
0
0
0
0
0
0
0
0
0
0
0
0
0
0
0
0
0
0
0
0
0
0
0
0
0
0
0
0
0
0
0
0
0
0
0
0
0
0
0
0
0
0
0
0
0
0
0
0
0
0
0
0
0
0
0
0
0
0
0
0
0
0
0
0
0
0
0
0
0
0
0
0
0
0
0
0
0
0
0
0
0
0
0
0
0
0
0
0
0
0
0
0
0
0
0
0
0
0
0
0
0
0
0
0
0
0
0
0
0
0
0
0
0
0
0
0
0
0
0
0
0
0
0
0
0
0
0
0
0
0
0
0
0
0
0
0
0
0
0
0
0
0
0
0
0
0
0
0
0
0
0
0
0
0
0
0
0
0
0
0
0
0
0
0
0
0
0
0
0
0
0
0
0
0
0
0
0
0
0
0
0
0
0
0
0
0
0
0
0
0
0
0
0
0
0
0
0
0
0
0
0
0
0
0
0
0
0
0
0
0
0
0
0
0
0
0
0
0
0
0
0
0
0
0
0
0
0
0
0
0
0
0
0
0
0
0
0
0
0
0
0
0
0
0
0
0
0
0
0
0
0
0
0
0
0
0
0
0
0
0
0
0
0
0
0
0
0
0
0
0
0
0
0
0
0
0
0
0
0
0
0
0
0
0
0
0
0
0
0
0
0
0
0
0
0
0
0
0
0
0
0
0
0
0
0
0
0
0
0
0
0
0
0
0
0
0
0
0
0
0
0
0
0
0
0
0
0
0
0
0
0
0
0
0
0
0
0
0
0
0
0
0
0
0
0
0
0
0
0
0
0
0
0
0
0
0
0
0
0
0
0
0
0
0
0
0
0
0
0
0
0
0
0
0
0
0
0
0
0
0
0
0
0
0
0
0
0
0
0
0
0
0
0
0
0
0
0
0
0
0
0
0
0
0
0
0
0
0
0
0
0
0
0
0
0
0
0
0
0
0
0
0
0
0
0
0
0
0
0
0
0
0
0
0
0
0
0
0
0
0
0
0
0
0
0
0
0
0
0
0
0
0
0
0
0
0
0
0
0
0
0
0
0
0
0
0
0
0
0
0
0
0
0
0
0
0
0
0
0
0
0
0
0
0
0
0
0
0
0
0
0
0
0
0
0
0
0
0
0
0
0
0
0
0
0
0
0
0
0
0
0
0
0
0
0
0
0
0
0
0
0
0
0
0
0
0
0
0
0
0
0
0
0
0
0
0
0
0
0
0
0
0
0
0
0
0
0
0
0
0
0
0
0
0
0
0
0
0
0
0
0
0
0
0
0
0
0
0
0
0
0
0
0
0
0
0
0
0
0
0
0
0
0
0
0
0
0
0
0
0
0
0
0
0
0
0
0
0
0
0
0
0
0
0
0
0
0
0
0
0
0
0
0
0
0
0
0
0
0
0
0
0
0
0
0
0
0
0
0
0
0
0
0
0
0
0
0
0
0
0
0
0
0
0
0
0
0
0
0
0
0
0
0
0
0
0
0
0
0
0
0
0
0
0
0
0
0
0
0
0
0
0
0
0
0
0
0
0
0
0
0
0
0
0
0
0
0
0
0
0
0
0
0
0
0
0
0
0
0
0
0
0
0
0
0
0
0
0
0
0
0
0
0
0
0
0
0
0
0
0
0
0
0
0
0
0
0
0
0
0
0
0
0
0
0
0
0
0
0
0
0
0
0
0
0
0
0
0
0
0
0
0
0
0
0
0
0
0
0
0
0
0
0
0
0
0
0
0
0
0
0
0
0
0
0
0
0
0
0
0
0
0
0
0
0
0
0
0
0
0
0
0
0
0
0
0
0
0
0
0
0
0
0
0
0
0
0
0
0
0
0
0
0
0
0
0
0
0
0
0
0
0
0
0
0
0
0
0
0
0
0
0
0
0
0
0
0
0
0
0
0
0
0
0
0
0
0
0
0
0
0
0
0
0
0
0
0
0
0
0
0
0
0
0
0
0
0
0
0
0
0
0
0
0
0
0
0
0
0
0
0
0
0
0
0
0
0
0
0
0
0
0
0
0
0
0
0
0
0
0
0
0
0
0
0
0
0
0
0
0
0
0
0
0
0
0
0
0
0
0
0
0
0
0
0
0
0
0
0
0
0
0
0
0
0
0
0
0
0
0
0
0
0
0
0
0
0
0
0
0
0
0
0
0
0
0
0
0
0
0
0
0
0
0
0
0
0
0
0
0
0
0
0
0
0
0
0
0
0
0
0
0
0
0
0
0
0
0
0
0
0
0
0
0
0
0
0
0
0
0
0
0
0
0
0
0
0
0
0
0
0
0
0
0
0
0
0
0
0
0
0
0
0
0
0
0
0
0
0
0
0
0
0
0
0
0
0
0
0
0
0
0
0
0
0
0
0
0
0
0
0
0
0
0
0
0
0
0
0
0
0
0
0
0
0
0
0
0
0
0
0
0
0
0
0
0
0
0
0
0
0
0
0
0
0
0
0
0
0
0
0
0
0
0
0
0
0
0
0
0
0
0
0
0
0
0
0
0
0
0
0
0
0
0
0
0
0
0
0
0
0
0
0
0
0
0
0
0
0
0
0
0
0
0
0
0
0
0
0
0
0
0
0
0
0
0
0
0
0
0
0
0
0
0
0
0
0
0
0
0
0
0
0
0
0
0
0
0
0
0
0
0
0
0
0
0
0
0
0
0
0
0
0
0
0
0
0
0
0
0
0
0
0
0
0
0
0
0
0
0
0
0
0
0
0
0
0
0
0
0
0
0
0
0
0
0
0
0
0
0
0
0
0
0
0
0
0
0
0
0
0
0
0
0
0
0
0
0
0
0
0
0
0
0
0
0
0
0
0
0
0
0
0
0
0
0
0
0
0
0
0
0
0
0
0
0
0
0
0
0
0
0
0
0
0
0
0
0
0
0
0
0
0
0
0
0
0
0
0
0
0
0
0
0
0
0
0
0
0
0
0
0
0
0
0
0
0
0
0
0
0
0
0
0
0
0
0
0
0
0
0
0
0
0
0
0
0
0
0
0
0
0
0
0
0
0
0
0
0
0
0
0
0
0
0
0
0
0
0
0
0
0
0
0
0
0
0
0
0
0
0
0
0
0
0
0
0
0
0
0
0
0
0
0
0
0
0
0
0
0
0
0
0
0
0
0
0
0
0
0
0
0
0
0
0
0
0
0
0
0
0
0
0
0
0
0
0
0
0
0
0
0
0
0
0
0
0
0
0
0
0
0
0
0
0
0
0
0
0
0
0
0
0
0
0
0
0
0
0
0
0
0
0
0
0
0
0
0
0
0
0
0
0
0
0
0
0
0
0
0
0
0
0
0
0
0
0
0
0
0
0
0
0
0
0
0
0
0
0
0
0
0
0
0
0
0
0
0
0
0
0
0
0
0
0
0
0
0
0
0
0
0
0
0
0
0
0
0
0
0
0
0
0
0
0
0
0
0
0
0
0
0
0
0
0
0
0
0
0
0
0
0
0
0
0
0
0
0
0
0
0
0
0
0
0
0
0
0
0
0
0
0
0
0
0
0
0
0
0
0
0
0
0
0
0
0
0
0
0
0
0
0
0
0
0
0
0
0
0
0
0
0
0
0
0
0
0
0
0
0
0
0
0
0
0
0
0
0
0
0
0
0
0
0
0
0
0
0
0
0
0
0
0
0
0
0
0
0
0
0
0
0
0
0
0
0
0
0
0
0
0
0
0
0
0
0
0
0
0
0
0
0
0
0
0
0
0
0
0
0
0
0
0
0
0
0
0
0
0
0
0
0
0
0
0
0
0
0
0
0
0
0
0
0
0
0
0
0
0
0
0
0
0
0
0
0
0
0
0
0
0
0
0
0
0
0
0
0
0
0
0
0
0
0
0
0
0
0
0
0
0
0
0
0
0
0
0
0
0
0
0
0
0
0
0
0
0
0
0
0
0
0
0
0
0
0
0
0
0
0
0
0
0
0
0
0
0
0
0
0
0
0
0
0
0
0
0
0
0
0
0
0
0
0
0
0
0
0
0
0
0
0
0
0
0
0
0
0
0
0
0
0
0
0
0
0
0
0
0
0
0
0
0
0
0
0
0
0
0
0
0
0
0
0
0
0
0
0
0
0
0
0
0
0
0
0
0
0
0
0
0
0
0
0
0
0
0
0
0
0
0
0
0
0
0
0
0
0
0
0
0
0
0
0
0
0
0
0
0
0
0
0
0
0
0
0
0
0
0
0
0
0
0
0
0
0
0
0
0
0
0
0
0
0
0
0
0
0
0
0
0
0
0
0
0
0
0
0
0
0
0
0
0
0
0
0
0
0
0
0
0
0
0
0
0
0
0
0
0
0
0
0
0
0
0
0
0
0
0
0
0
0
0
0
0
0
0
0
0
0
0
0
0
0
0
0
0
0
0
0
0
0
0
0
0
0
0
0
0
0
0
0
0
0
0
0
0
0
0
0
0
0
0
0
0
0
0
0
0
0
0
0
0
0
0
0
0
0
0
0
0
0
0
0
0
0
0
0
0
0
0
0
0
0
0
0
0
0
0
0
0
0
0
0
0
0
0
0
0
0
0
0
0
0
0
0
0
0
0
0
0
0
0
0
0
0
0
0
0
0
0
0
0
0
0
0
0
0
0
0
0
0
0
0
0
0
0
0
0
0
0
0
0
0
0
0
0
0
0
0
0
0
0
0
0
0
0
0
0
0
0
0
0
0
0
0
0
0
0
0
0
0
0
0
0
0
0
0
0
0
0
0
0
0
0
0
0
0
0
0
0
0
0
0
0
0
0
0
0
0
0
0
0
0
0
0
0
0
0
0
0
0
0
0
0
0
0
0
0
0
0
0
0
0
0
0
0
0
0
0
0
0
0
0
0
0
0
0
0
0
0
0
0
0
0
0
0
0
0
0
0
0
0
0
0
0
0
0
0
0
0
0
0
0
0
0
0
0
0
0
0
0
0
0
0
0
0
0
0
0
0
0
0
0
0
0
0
0
0
0
0
0
0
0
0
0
0
0
0
0
0
0
0
0
0
0
0
0
0
0
0
0
0
0
0
0
0
0
0
0
0
0
0
0
0
0
0
0
0
0
0
0
0
0
0
0
0
0
0
0
0
0
0
0
0
0
0
0
0
0
0
0
0
0
0
0
0
0
0
0
0
0
0
0
0
0
0
0
0
0
0
0
0
0
0
0
0
0
0
0
0
0
0
0
0
0
0
0
0
0
0
0
0
0
0
0
0
0
0
0
0
0
0
0
0
0
0
0
0
0
0
0
0
0
0
0
0
0
0
0
0
0
0
0
0
0
0
0
0
0
0
0
0
0
0
0
0
0
0
0
0
0
0
0
0
0
0
0
0
0
0
0
0
0
0
0
0
0
0
0
0
0
0
0
0
0
0
0
0
0
0
0
0
0
0
0
0
0
0
0
0
0
0
0
0
0
0
0
0
0
0
0
0
0
0
0
0
0
0
0
0
0
0
0
0
0
0
0
0
0
0
0
0
0
0
0
0
0
0
0
0
0
0
0
0
0
0
0
0
0
0
0
0
0
0
0
0
0
0
0
0
0
0
0
0
0
0
0
0
0
0
0
0
0
0
0
0
0
0
0
0
0
0
0
0
0
0
0
0
0
0
0
0
0
0
0
0
0
0
0
0
0
0
0
0
0
0
0
0
0
0
0
0
0
0
0
0
0
0
0
0
0
0
0
0
0
0
0
0
0
0
0
0
0
0
0
0
0
0
0
0
0
0
0
0
0
0
0
0
0
0
0
0
0
0
0
0
0
0
0
0
0
0
0
0
0
0
0
0
0
0
0
0
0
0
0
0
0
0
0
0
0
0
0
0
0
0
0
0
0
0
0
0
0
0
0
0
0
0
0
0
0
0
0
0
0
0
0
0
0
0
0
0
0
0
0
0
0
0
0
0
0
0
0
0
0
0
0
0
0
0
0
0
0
0
0
0
0
0
0
0
0
0
0
0
0
0
0
0
0
0
0
0
0
0
0
0
0
0
0
0
0
0
0
0
0
0
0
0
0
0
0
0
0
0
0
0
0
0
0
0
0
0
0
0
0
0
0
0
0
0
0
0
0
0
0
0
0
0
0
0
0
0
0
0
0
0
0
0
0
0
0
0
0
0
0
0
0
0
0
0
0
0
0
0
0
0
0
0
0
0
0
0
0
0
0
0
0
0
0
0
0
0
0
0
0
0
0
0
0
0
0
0
0
0
0
0
0
0
0
0
0
0
0
0
0
0
0
0
0
0
0
0
0
0
0
0
0
0
0
0
0
0
0
0
0
0
0
0
0
0
0
0
0
0
0
0
0
0
0
0
0
0
0
0
0
0
0
0
0
0
0
0
0
0
0
0
0
0
0
0
0
0
0
0
0
0
0
0
0
0
0
0
0
0
0
0
0
0
0
0
0
0
0
0
0
0
0
0
0
0
0
0
0
0
0
0
0
0
0
0
0
0
0
0
0
0
0
0
0
0
0
0
0
0
0
0
0
0
0
0
0
0
0
0
0
0
0
0
0
0
0
0
0
0
0
0
0
0
0
0
0
0
0
0
0
0
0
0
0
0
0
0
0
0
0
0
0
0
0
0
0
0
0
0
0
0
0
0
0
0
0
0
0
0
0
0
0
0
0
0
0
0
0
0
0
0
0
0
0
0
0
0
0
0
0
0
0
0
0
0
0
0
0
0
0
0
0
0
0
0
0
0
0
0
0
0
0
0
0
0
0
0
0
0
0
0
0
0
0
0
0
0
0
0
0
0
0
0
0
0
0
0
0
0
0
0
0
0
0
0
0
0
0
0
0
0
0
0
0
0
0
0
0
0
0
0
0
0
0
0
0
0
0
0
0
0
0
0
0
0
0
0
0
0
0
0
0
0
0
0
0
0
0
0
0
0
0
0
0
0
0
0
0
0
0
0
0
0
0
0
0
0
0
0
0
0
0
0
0
0
0
0
0
0
0
0
0
0
0
0
0
0
0
0
0
0
0
0
0
0
0
0
0
0
0
0
0
0
0
0
0
0
0
0
0
0
0
0
0
0
0
0
0
0
0
0
0
0
0
0
0
0
0
0
0
0
0
0
0
0
0
0
0
0
0
0
0
0
0
0
0
0
0
0
0
0
0
0
0
0
0
0
0
0
0
0
0
0
0
0
0
0
0
0
0
0
0
0
0
0
0
0
0
0
0
0
0
0
0
0
0
0
0
0
0
0
0
0
0
0
0
0
0
0
0
0
0
0
0
0
0
0
0
0
0
0
0
0
0
0
0
0
0
0
0
0
0
0
0
0
0
0
0
0
0
0
0
0
0
0
0
0
0
0
0
0
0
0
0
0
0
0
0
0
0
0
0
0
0
0
0
0
0
0
0
0
0
0
0
0
0
0
0
0
0
0
0
0
0
0
0
0
0
0
0
0
0
0
0
0
0
0
0
0
0
0
0
0
0
0
0
0
0
0
0
0
0
0
0
0
0
0
0
0
0
0
0
0
0
0
0
0
0
0
0
0
0
0
0
0
0
0
0
0
0
0
0
0
0
0
0
0
0
0
0
0
0
0
0
0
0
0
0
0
0
0
0
0
0
0
0
0
0
0
0
0
0
0
0
0
0
0
0
0
0
0
0
0
0
0
0
0
0
0
0
0
0
0
0
0
0
0
0
0
0
0
0
0
0
0
0
0
0
0
0
0
0
0
0
0
0
0
0
0
0
0
0
0
0
0
0
0
0
0
0
0
0
0
0
0
0
