0
0
103
760
1285
1234
1238
1281
1287
1255
1202
1214
1220
1219
1157
1192
1167
1140
1151
1168
1159
1109
1108
1137
1140
1159
1128
1085
1058
1102
1055
1074
1091
1079
1022
1070
1057
1006
1060
1058
1029
1059
1036
1108
1120
1114
1053
1075
1075
1044
1066
1077
1000
1075
1078
1032
1000
1021
1026
1040
1025
1046
1036
971
1051
1070
1072
1106
1022
1032
1026
1022
1069
1094
1023
1083
1132
1063
1025
1053
1080
1100
1100
1110
1075
1089
1124
1135
1077
1104
1147
1145
1125
1142
1101
1127
1173
1178
1193
1164
1191
1210
1109
1215
1195
1119
1137
1151
1196
1162
1151
1154
1148
1264
1126
1204
1206
1171
1209
1269
1199
1221
1192
1277
1266
1295
1285
1334
1311
1425
1418
1405
1444
1485
1483
1512
1541
1585
1506
1600
1577
1556
1677
1515
1558
1523
1592
1581
1522
1504
1514
1563
1526
1471
1479
1513
1423
1391
1420
1441
1433
1426
1434
1350
1335
1336
1331
1348
1380
1348
1386
1273
1328
1273
1357
1285
1300
1270
1257
1292
1245
1218
1231
1240
1190
1198
1170
1227
1180
1160
1160
1141
1119
1192
1180
1101
1099
1101
1097
1126
1104
1115
1048
1075
1051
1073
1113
1066
1076
1054
1026
1072
1037
1057
1052
986
1074
1056
1036
1047
1039
1092
1086
986
1040
1058
1071
1004
1055
1052
1032
1047
1053
1030
1031
1140
1089
1047
1086
1005
1021
1024
1020
1001
1012
1029
1051
949
1029
988
1015
987
1020
1044
999
995
997
1006
994
974
985
985
1047
976
952
923
969
946
918
912
964
861
928
939
873
889
883
789
826
882
897
748
790
753
797
728
711
679
715
692
667
638
621
588
588
569
602
549
552
563
564
535
540
514
468
495
443
431
435
445
455
400
416
475
412
441
423
409
378
461
379
430
417
417
424
384
427
423
393
434
402
391
395
400
397
373
399
419
386
419
400
399
396
421
440
385
452
436
419
435
421
475
490
505
550
518
522
556
572
563
569
621
619
615
633
705
771
778
776
811
860
851
978
958
1031
1041
1155
1248
1268
1290
1457
1558
1646
1674
1817
1938
2035
2117
2308
2388
2604
2649
2892
3119
3159
3309
3386
3596
3795
3852
3945
4159
4234
4354
4319
4521
4375
4508
4583
4680
4600
4521
4523
4383
4319
4291
4210
4072
3885
3726
3732
3557
3316
3124
3064
2891
2776
2694
2476
2436
2249
2043
1988
1840
1675
1543
1429
1362
1328
1177
1044
969
981
866
786
742
723
613
535
591
486
507
446
384
406
376
339
376
332
304
338
322
314
274
280
308
271
262
259
268
246
231
255
243
233
256
242
256
263
255
244
231
224
219
240
224
268
251
247
240
249
210
249
236
215
249
257
231
207
220
232
248
236
223
214
212
220
234
244
197
237
248
241
239
258
223
236
212
235
249
230
201
252
200
222
245
212
176
207
214
211
229
238
218
207
228
198
218
220
218
226
192
198
212
186
234
220
199
216
198
169
215
224
215
255
221
165
210
219
204
195
206
180
175
190
235
194
174
211
197
209
184
197
205
206
203
208
180
223
207
220
178
188
214
184
200
191
214
211
184
187
204
191
201
171
207
187
210
189
179
177
181
182
163
192
187
181
173
183
208
184
173
191
197
185
170
185
191
179
174
206
181
186
197
179
171
205
199
196
180
187
187
194
160
185
185
186
184
168
184
193
189
186
191
171
183
162
183
186
185
184
167
169
160
194
172
150
193
199
147
174
214
159
201
160
173
160
194
156
177
189
181
171
173
164
198
160
190
176
161
207
174
185
174
173
169
180
194
158
182
170
162
177
219
166
196
173
150
173
175
166
197
168
184
193
193
192
164
169
161
185
179
163
172
187
176
174
168
162
177
186
182
211
182
185
157
145
195
185
191
181
199
163
181
193
175
186
162
185
199
168
240
179
185
186
150
214
199
209
195
172
172
159
184
192
202
172
193
173
186
193
204
189
191
188
209
189
193
170
200
191
191
198
195
169
191
182
179
190
197
186
187
194
157
180
186
186
174
180
187
179
175
161
183
152
174
168
174
179
169
151
144
160
157
168
156
126
151
167
146
143
130
126
142
148
115
127
122
106
109
109
105
109
77
68
104
84
96
79
76
69
82
82
57
90
69
90
78
57
62
57
59
40
47
51
61
46
50
43
43
40
32
30
37
38
36
32
40
29
29
19
29
21
33
25
17
21
18
24
18
22
22
23
21
24
19
34
30
30
22
16
21
31
25
27
37
44
32
31
44
33
34
42
47
58
55
72
58
66
57
61
99
87
89
93
78
102
98
124
133
139
145
135
163
144
191
167
194
196
220
223
244
251
280
274
257
257
270
277
296
359
312
321
325
341
345
366
357
351
337
366
365
370
361
392
401
382
371
382
339
324
346
309
352
325
327
319
325
282
291
262
264
244
232
236
229
247
228
205
195
185
201
176
164
152
141
135
122
126
128
118
105
96
80
86
70
78
80
59
64
66
61
44
47
35
41
40
34
31
28
27
19
27
23
18
19
18
9
16
10
9
11
17
9
6
9
3
3
5
7
6
9
6
5
4
1
2
6
3
2
2
2
3
2
3
0
3
5
0
0
2
1
5
0
3
1
1
2
1
0
1
3
1
1
1
2
3
2
1
2
0
0
3
1
2
2
1
0
2
2
1
3
2
1
2
1
1
6
3
3
2
2
3
2
1
4
2
0
2
3
2
2
1
0
4
0
4
1
1
3
1
0
4
1
0
1
0
1
0
1
1
2
4
2
3
0
3
1
2
2
0
2
1
0
1
1
0
0
1
1
0
3
0
1
2
1
1
2
1
2
2
0
0
1
1
2
0
1
2
0
2
2
1
1
0
1
2
0
0
1
0
1
0
1
0
2
2
0
0
0
0
1
0
0
0
0
1
0
0
0
0
0
0
0
0
0
0
0
0
2
0
1
0
0
1
0
0
0
0
2
1
0
2
0
0
1
2
1
2
2
1
2
1
5
1
1
2
0
2
1
1
0
1
2
2
3
3
1
1
1
1
2
3
1
3
3
2
0
3
0
2
1
2
1
0
2
2
1
2
0
1
1
0
0
1
0
0
1
1
1
1
1
0
0
0
1
0
0
0
0
0
0
1
1
0
1
0
0
0
0
0
1
0
0
0
0
0
0
0
0
0
0
0
0
0
0
0
0
0
0
0
0
0
0
0
0
0
0
0
0
0
0
1
0
0
0
0
0
1
0
0
0
0
0
0
0
0
0
0
0
0
0
0
0
0
0
0
1
0
0
0
0
0
0
0
0
0
0
0
0
0
0
0
0
0
0
0
0
0
0
0
0
0
0
0
0
0
0
0
0
0
0
0
0
0
0
0
0
0
0
0
0
0
0
0
0
0
0
0
0
0
0
0
0
0
0
0
0
0
0
0
0
0
0
0
0
0
0
0
0
0
0
0
0
0
0
0
1
0
0
0
0
0
0
0
0
0
1
0
0
0
0
0
0
0
0
0
0
0
0
0
0
0
0
0
0
0
0
0
0
0
0
0
0
0
0
0
0
0
0
0
0
0
0
0
0
0
0
0
0
0
0
0
0
0
0
0
0
0
0
0
1
0
0
0
0
0
0
0
0
0
0
0
0
0
0
1
0
0
0
0
1
1
0
0
0
0
0
1
0
0
0
0
0
0
0
0
0
0
0
0
0
0
0
0
0
0
0
0
0
0
0
0
0
0
0
0
0
0
0
0
0
0
0
0
1
0
0
0
0
0
0
0
0
0
0
1
0
0
0
0
0
0
0
0
0
0
0
0
0
0
0
0
0
0
0
0
0
0
0
0
0
0
0
0
0
1
0
0
0
0
0
0
0
0
0
0
0
0
0
0
0
0
0
0
0
0
0
0
0
1
0
0
0
0
0
1
0
0
0
0
0
0
0
1
0
0
0
0
0
0
0
0
0
0
0
0
0
0
0
0
0
0
0
0
0
0
0
0
0
1
0
0
0
0
0
0
0
0
0
0
0
0
0
0
0
0
0
0
0
0
0
0
0
0
0
0
0
0
0
0
0
0
0
0
0
0
0
0
0
0
0
0
0
0
0
0
0
0
0
0
0
0
0
0
0
0
0
0
0
0
0
0
0
0
0
0
0
0
0
0
0
0
0
0
0
0
0
0
0
0
0
0
0
0
0
0
0
0
0
0
0
0
0
0
0
0
0
0
0
0
1
0
0
0
0
0
0
0
0
0
0
0
0
0
0
0
0
0
1
0
0
0
0
0
0
0
0
0
0
0
0
0
1
0
0
0
0
0
0
0
0
0
0
0
0
0
0
0
0
0
0
0
0
0
0
0
0
0
0
0
0
0
0
0
0
0
0
0
0
0
0
0
0
0
0
0
0
0
0
0
0
0
0
0
0
0
0
0
0
0
0
0
0
0
0
0
0
0
0
0
0
0
0
0
0
0
0
1
0
0
0
0
0
0
0
0
0
0
0
0
0
0
0
0
0
0
0
0
0
0
0
0
0
0
0
0
0
0
0
0
0
0
0
0
0
0
0
0
0
0
0
0
0
0
0
0
0
0
0
0
0
0
0
0
0
0
0
0
0
0
0
0
1
0
0
0
0
0
0
0
0
0
0
0
0
0
0
0
0
0
0
0
0
0
0
0
0
0
0
0
0
0
0
0
0
0
0
0
0
0
0
0
0
0
1
0
0
0
0
0
0
0
0
0
0
0
0
0
0
0
0
0
0
0
0
0
0
0
0
0
0
0
1
0
0
0
0
0
0
0
0
0
0
0
0
0
0
0
0
0
0
0
0
0
0
0
0
0
0
0
0
0
0
0
0
0
0
0
0
0
0
0
0
0
0
0
0
0
0
0
0
0
0
0
0
0
0
0
0
0
0
0
0
0
0
0
0
0
0
0
0
0
0
0
0
0
0
0
0
0
0
0
0
0
0
0
0
0
0
0
0
0
0
0
0
0
0
0
0
0
0
0
0
0
0
0
1
0
0
0
0
0
0
0
0
0
0
0
0
0
0
0
0
0
0
1
0
1
0
0
0
0
0
0
0
0
0
0
0
0
0
0
0
0
0
0
0
0
0
0
0
0
0
0
0
0
0
0
0
0
0
0
0
0
0
0
0
0
0
0
0
0
0
0
0
0
0
0
0
0
0
0
0
0
0
0
0
0
0
0
0
0
0
0
0
0
0
0
0
0
0
0
0
0
0
0
0
0
0
0
0
0
0
0
0
0
0
0
0
0
0
0
0
0
0
0
0
0
0
0
0
0
0
0
0
0
0
0
0
0
0
0
0
0
0
0
0
0
0
0
0
0
0
0
0
0
0
0
0
0
0
0
0
0
0
0
0
0
0
0
0
0
0
0
0
0
0
0
0
0
0
0
0
0
0
0
0
0
0
0
0
0
0
0
0
0
0
0
0
0
0
0
0
0
0
0
0
0
0
0
0
0
0
0
0
0
0
0
0
0
0
0
0
0
0
0
0
0
0
0
0
0
0
0
0
0
0
0
0
0
0
0
0
0
0
0
0
0
0
0
0
0
0
0
0
0
0
0
0
0
0
0
0
0
0
0
0
0
0
0
0
0
0
0
0
0
0
0
0
0
0
0
0
0
0
0
0
0
0
0
0
0
0
0
0
0
0
0
0
0
0
0
0
0
0
0
0
0
0
0
0
0
0
0
0
0
0
0
0
0
0
0
0
0
0
0
0
0
0
0
0
0
0
0
0
0
0
0
0
0
0
0
0
0
0
0
0
0
0
0
0
0
0
0
0
0
0
0
0
0
0
0
0
0
0
0
1
0
0
0
0
0
0
0
0
0
0
0
0
0
0
0
0
0
0
0
0
0
0
0
0
0
0
0
0
0
0
0
0
0
0
0
0
0
0
0
0
0
0
0
0
0
0
0
0
0
0
0
0
0
0
0
1
0
0
1
0
0
0
0
0
0
0
0
0
0
0
0
0
0
0
0
0
0
0
0
0
0
0
0
0
0
0
0
0
0
0
0
0
0
0
0
0
0
0
0
0
0
0
0
0
0
0
0
0
0
0
0
0
0
0
0
0
0
0
0
0
0
0
0
0
0
0
0
0
0
0
0
0
0
0
0
0
0
0
0
0
0
0
0
0
0
0
0
0
0
0
0
0
0
0
0
0
0
0
0
0
0
0
0
0
0
0
0
0
0
0
0
0
0
0
0
0
0
0
0
0
0
0
0
0
0
0
0
0
0
0
0
0
0
0
0
0
0
0
0
0
0
0
0
0
0
0
0
0
0
0
0
0
0
0
0
0
0
0
0
0
0
0
0
0
0
0
0
0
0
0
0
0
0
0
0
0
0
0
0
0
0
0
0
0
0
0
0
0
0
0
0
0
0
0
0
0
0
0
0
0
0
0
0
0
0
0
0
0
0
0
0
0
0
0
0
0
0
0
0
0
0
0
0
0
0
0
0
0
0
0
0
0
0
0
0
0
0
0
0
0
0
0
0
0
0
0
0
0
0
0
0
0
0
0
0
0
0
0
0
0
0
0
0
0
0
1
0
0
0
0
0
0
0
0
0
0
0
0
0
0
0
0
0
0
0
0
0
0
0
0
0
0
0
0
0
0
0
0
0
0
0
0
0
0
0
0
0
0
0
0
0
0
0
0
0
0
0
0
0
0
0
0
0
0
0
0
0
0
0
0
0
0
0
0
0
0
0
0
0
0
0
0
0
0
0
0
0
0
1
0
0
0
0
0
0
0
0
0
0
0
0
0
0
0
0
0
0
0
0
0
0
0
0
0
0
0
0
0
0
0
0
0
0
0
0
0
0
0
0
0
0
0
0
0
0
0
0
0
0
0
0
0
0
0
0
0
0
0
0
0
0
0
0
0
0
0
0
0
0
0
0
0
0
0
0
0
0
0
0
0
0
0
0
0
0
0
0
0
0
0
0
0
0
0
0
0
0
0
0
0
0
0
0
0
0
0
0
0
0
0
0
0
0
0
0
0
0
0
0
0
0
0
0
0
0
0
0
0
0
0
0
0
0
0
0
0
0
0
0
0
0
0
0
0
0
0
0
0
0
0
0
0
0
0
0
0
0
0
0
0
0
0
0
0
0
0
0
0
0
0
0
0
0
0
0
0
0
0
0
0
0
0
0
0
0
0
0
0
0
0
0
0
0
0
0
0
0
0
0
0
0
0
0
0
0
0
0
0
0
0
0
0
0
0
0
0
0
0
0
0
0
0
0
0
0
0
0
0
0
0
0
0
0
0
0
0
0
0
0
0
0
0
0
0
0
0
0
0
0
0
0
0
0
0
0
0
0
0
0
0
0
0
0
0
0
0
0
0
0
0
0
0
0
0
0
0
0
0
0
0
0
0
0
0
0
0
0
0
0
0
0
0
0
0
0
0
0
0
0
0
0
0
0
0
0
0
0
0
0
0
0
0
0
0
0
0
0
0
0
0
0
0
0
0
0
0
0
0
0
0
0
0
0
0
0
0
0
0
0
0
0
0
0
0
0
0
0
0
0
0
0
0
0
0
0
0
0
0
0
0
0
0
0
0
0
0
0
0
0
0
0
0
0
0
0
0
0
0
0
0
0
0
0
0
0
0
0
0
0
0
0
0
0
0
0
0
0
0
0
0
0
0
0
0
0
0
0
0
0
0
0
0
0
0
0
0
0
0
0
0
0
0
0
0
0
0
0
0
0
0
0
0
0
0
0
0
0
0
0
0
0
0
0
0
0
0
0
0
0
0
0
0
0
0
0
0
0
0
0
0
0
0
0
0
0
0
0
0
0
0
0
0
0
0
0
0
0
0
0
0
0
0
0
0
0
0
0
0
0
0
0
0
0
0
0
0
0
0
0
0
0
0
0
0
0
0
0
0
0
0
0
0
0
0
0
0
0
0
0
0
0
0
0
0
0
0
0
0
0
0
0
0
0
0
0
0
0
0
0
0
0
0
0
0
0
0
0
0
0
0
0
0
0
0
0
0
0
0
0
0
0
0
0
0
0
0
0
0
0
0
0
0
0
0
0
0
0
0
0
0
0
0
0
0
0
0
0
0
0
0
0
0
0
0
0
0
0
0
0
0
0
0
0
0
0
0
0
0
0
0
0
0
0
0
0
0
0
0
0
0
0
0
0
0
0
0
0
0
0
0
0
0
0
0
0
0
0
0
0
0
0
0
0
0
0
0
0
0
0
0
0
0
0
0
0
0
0
0
0
0
0
0
0
0
0
0
0
0
0
0
0
0
0
0
0
0
0
0
0
0
0
0
0
0
0
0
0
0
0
0
0
0
0
0
0
0
0
0
0
0
0
0
0
0
0
0
0
0
0
0
0
0
0
0
0
0
0
0
0
0
0
0
0
0
0
0
0
0
0
0
0
0
0
0
0
0
0
0
0
0
0
0
0
0
0
0
0
0
0
0
0
0
0
0
0
0
0
0
0
0
0
0
0
0
0
0
0
0
0
0
0
0
0
0
0
0
0
0
0
0
0
0
0
0
0
0
0
0
0
0
0
0
0
0
0
0
0
0
0
0
0
0
0
0
0
0
0
0
0
0
0
0
0
0
0
0
0
0
0
0
0
0
0
0
0
0
0
0
0
0
0
0
0
0
0
0
0
0
0
0
0
0
0
0
0
0
0
0
0
0
0
0
0
0
0
0
0
0
0
0
0
0
0
0
0
0
0
0
0
0
0
0
0
0
0
0
0
0
0
0
0
0
0
0
0
0
0
0
0
0
0
0
0
0
0
0
0
0
0
0
0
0
0
0
0
0
0
0
0
0
0
0
0
0
0
0
0
0
0
0
0
0
0
0
0
0
0
0
0
0
0
0
0
0
0
0
0
0
0
0
0
0
0
0
0
0
0
0
0
0
0
0
0
0
0
0
0
0
0
0
0
0
0
0
0
0
0
0
0
0
0
0
0
0
0
0
0
0
0
0
0
0
0
0
0
0
0
0
0
0
0
0
0
0
0
0
0
0
0
0
0
0
0
0
0
0
0
0
0
0
0
0
0
0
0
0
0
0
0
0
0
0
0
0
0
0
0
0
0
0
0
0
0
0
0
0
0
0
0
0
0
0
0
0
0
0
0
0
0
0
0
0
0
0
0
0
0
0
0
0
0
0
0
0
0
0
0
0
0
0
0
0
0
0
0
0
0
0
0
0
0
0
0
0
0
0
0
0
0
0
0
0
0
0
0
0
0
0
0
0
0
0
0
0
0
0
0
0
0
0
0
0
0
0
0
0
0
0
0
0
0
0
0
0
0
0
0
0
0
0
0
0
0
0
0
0
0
0
0
0
0
0
0
0
0
0
0
0
0
0
0
0
0
0
0
0
0
0
0
0
0
0
0
0
0
0
0
0
0
0
0
0
0
0
0
0
0
0
0
0
0
0
0
0
0
0
0
0
0
0
0
0
0
0
0
0
0
0
0
0
0
0
0
0
0
0
0
0
0
0
0
0
0
0
0
0
0
0
0
0
0
0
0
0
0
0
0
