0
2
105
904
1438
1574
1500
1492
1508
1454
1425
1452
1492
1415
1382
1444
1410
1363
1340
1314
1375
1311
1412
1342
1336
1299
1318
1313
1271
1235
1256
1319
1250
1301
1270
1192
1239
1256
1303
1233
1178
1307
1174
1184
1260
1260
1234
1229
1230
1199
1252
1246
1249
1273
1196
1195
1155
1242
1190
1212
1223
1191
1218
1211
1234
1147
1157
1253
1266
1226
1234
1288
1249
1322
1205
1279
1258
1244
1246
1298
1277
1233
1176
1273
1279
1239
1252
1303
1284
1284
1267
1298
1233
1315
1357
1276
1299
1330
1327
1327
1246
1289
1367
1305
1343
1372
1383
1349
1345
1337
1244
1415
1363
1325
1393
1314
1356
1315
1390
1413
1490
1381
1435
1428
1435
1433
1561
1501
1564
1643
1589
1665
1741
1682
1744
1790
1776
1848
1866
1787
1864
1850
1806
1870
1878
1814
1854
1880
1801
1783
1837
1741
1727
1671
1670
1701
1646
1590
1628
1622
1584
1562
1500
1503
1523
1513
1558
1532
1473
1517
1458
1522
1387
1449
1476
1398
1390
1458
1389
1461
1397
1340
1441
1403
1350
1390
1290
1338
1309
1286
1333
1321
1255
1301
1199
1235
1183
1291
1243
1202
1247
1255
1258
1220
1243
1216
1188
1225
1272
1170
1216
1211
1220
1213
1212
1171
1164
1207
1249
1192
1246
1132
1137
1181
1184
1190
1223
1161
1209
1163
1106
1169
1187
1149
1122
1164
1215
1222
1169
1137
1156
1204
1214
1312
1178
1143
1145
1166
1188
1214
1164
1176
1155
1111
1141
1143
1118
1170
1160
1161
1121
1164
1104
1121
1136
1163
1076
1103
1051
1084
1099
1068
1086
1049
991
998
1004
1034
926
963
960
928
930
848
891
846
806
837
798
733
747
734
703
719
722
687
661
655
605
576
581
597
599
626
507
540
537
511
501
498
530
490
510
484
479
459
492
525
415
455
459
461
461
442
496
453
463
432
458
428
480
434
439
406
465
419
446
446
449
472
422
463
412
476
507
479
510
517
448
489
549
553
548
581
584
599
631
650
640
689
699
737
748
780
781
861
854
902
925
1016
988
1006
1074
1077
1133
1146
1244
1280
1315
1389
1540
1592
1654
1745
1872
2017
2097
2192
2342
2507
2610
2847
2981
3261
3456
3456
3770
3901
4260
4407
4483
4745
4847
5069
5149
5201
5393
5438
5526
5652
5660
5579
5546
5624
5666
5462
5335
5205
5099
5122
4858
4805
4486
4227
4114
3913
3742
3509
3324
3088
2855
2710
2437
2285
2136
1944
1811
1641
1478
1365
1220
1154
987
952
907
773
686
619
598
532
487
481
391
446
407
371
358
353
362
335
309
306
303
298
278
295
275
273
279
249
270
264
243
265
272
258
252
264
280
257
256
248
277
287
279
264
273
275
248
250
267
287
256
269
272
250
236
273
286
269
244
242
286
218
250
229
234
262
271
247
274
278
251
223
217
222
250
232
235
234
279
239
267
273
258
276
251
251
250
252
268
253
252
242
245
241
242
218
244
238
217
256
233
229
225
219
251
230
218
244
234
266
228
227
225
218
248
214
238
228
220
217
230
230
241
237
243
241
222
216
207
226
241
240
227
208
207
236
197
229
193
223
229
219
251
208
223
221
224
223
220
213
218
215
204
202
228
222
208
243
213
206
194
236
213
206
191
223
202
215
200
243
203
214
186
209
172
220
197
242
211
217
207
212
198
172
203
212
201
222
209
196
213
217
223
195
197
220
223
211
205
184
201
209
201
174
207
214
194
214
212
213
208
210
189
204
215
196
210
191
219
218
198
188
204
210
208
210
210
200
207
221
215
198
205
206
189
178
219
200
211
209
197
207
187
192
188
197
210
196
206
218
194
204
215
207
198
206
200
200
200
216
203
237
195
226
203
181
203
233
217
237
229
207
231
220
185
211
230
204
214
221
214
220
203
242
201
217
198
219
226
209
199
211
203
217
218
212
214
226
209
223
245
231
222
194
224
234
225
212
205
211
246
201
239
210
219
236
239
226
233
226
237
220
224
232
231
220
224
189
254
218
212
210
247
205
237
221
242
210
200
225
200
200
214
207
204
221
229
211
206
211
207
220
220
204
211
186
201
194
209
192
188
198
197
180
176
168
166
177
160
187
167
151
138
164
157
142
140
143
146
139
123
139
115
119
113
101
100
108
119
102
90
100
89
73
73
88
77
64
58
58
62
62
73
48
53
50
65
40
44
51
46
38
44
45
32
34
38
38
35
31
28
30
39
29
34
21
29
35
25
19
23
32
30
27
34
25
31
26
31
35
31
41
33
39
42
35
32
44
56
44
48
47
55
60
54
57
59
76
84
100
68
78
95
87
99
105
105
100
123
152
133
180
167
196
199
187
202
228
222
249
250
274
273
286
299
326
315
338
331
356
349
339
339
389
422
399
442
426
466
434
450
473
452
473
485
452
440
437
462
436
473
437
448
406
434
415
422
382
373
399
339
385
335
315
319
292
265
266
260
261
220
215
213
205
191
186
194
156
138
143
109
97
105
105
104
81
67
71
79
73
53
43
40
37
31
21
34
36
17
20
21
21
15
20
12
11
16
11
7
14
5
3
11
6
4
6
6
2
2
2
4
5
3
0
3
4
5
1
1
1
2
4
0
1
3
3
2
2
1
2
1
0
6
0
4
4
4
4
4
0
3
3
1
2
1
0
4
3
3
3
3
3
2
1
0
3
1
1
0
2
3
0
4
2
4
1
1
1
1
1
1
1
2
1
2
2
1
3
3
3
3
4
4
4
4
2
3
2
1
1
3
4
3
2
5
1
3
2
0
2
4
0
1
0
3
1
2
3
4
3
1
0
1
2
1
1
1
2
1
1
3
1
5
2
0
0
2
2
0
0
2
0
0
0
1
0
1
1
3
0
0
0
1
1
0
1
0
0
1
1
0
1
0
0
1
0
0
0
1
0
0
0
2
0
1
0
0
0
0
1
0
2
1
0
0
0
0
0
1
1
1
1
0
3
0
1
0
2
1
3
1
2
3
1
1
1
1
1
2
0
2
0
4
2
2
4
4
1
3
3
3
2
4
0
2
2
3
2
1
5
3
3
3
3
2
1
4
1
2
2
3
1
0
2
1
0
4
1
1
0
1
1
0
1
2
0
1
0
1
1
1
0
0
1
0
0
1
0
0
1
0
0
0
0
0
0
0
0
0
0
0
0
0
0
1
0
0
0
0
0
0
0
0
0
0
0
0
0
1
0
0
0
0
0
0
0
0
0
0
0
0
0
0
0
0
0
0
0
0
0
0
0
0
0
0
0
0
0
0
0
0
0
0
0
0
0
0
0
0
0
0
0
0
1
0
0
0
0
0
0
0
0
0
0
0
0
0
0
0
0
0
0
0
0
0
0
0
0
0
0
0
0
0
0
0
0
0
0
0
0
0
0
0
0
0
1
0
0
0
0
0
0
0
0
0
0
0
0
0
0
0
0
0
0
0
0
0
0
0
1
0
0
0
0
0
0
0
0
0
0
0
0
0
0
1
0
0
0
0
0
0
0
0
0
0
0
0
0
0
0
0
0
1
0
0
0
0
0
0
0
0
0
0
0
0
0
1
0
0
0
0
0
0
0
0
0
0
0
0
0
0
0
0
0
0
0
0
0
0
0
0
0
0
0
0
0
0
0
0
0
0
0
0
0
1
0
0
0
0
0
0
0
1
0
0
0
1
0
0
0
0
0
0
0
0
0
0
0
0
0
0
0
0
1
0
0
0
0
0
0
0
0
0
0
0
0
0
0
0
0
0
0
0
0
0
0
0
0
0
0
0
0
0
0
0
1
0
0
0
0
0
0
0
0
0
0
0
0
0
0
0
0
0
0
0
0
0
0
0
0
0
0
0
0
0
0
0
0
0
0
0
0
0
0
0
0
0
0
0
0
0
1
0
0
0
0
0
0
0
0
0
0
0
0
0
0
0
0
0
0
0
0
0
0
0
0
0
0
0
0
0
0
0
0
0
0
0
1
0
0
0
0
0
1
0
0
0
0
0
0
0
0
0
1
0
0
1
0
0
0
0
0
0
0
0
0
0
0
0
0
0
0
0
0
0
0
0
0
0
0
0
0
0
0
0
0
0
0
0
0
1
0
0
0
0
0
0
0
0
0
0
0
0
0
0
0
0
0
0
0
0
0
0
0
0
0
0
0
0
0
0
0
0
0
0
0
0
0
0
0
0
0
0
0
0
0
0
0
0
0
0
0
1
0
0
0
0
0
0
0
0
0
1
0
0
0
0
0
1
0
0
0
0
0
0
0
0
0
0
0
0
0
0
0
0
0
0
0
0
0
0
0
0
0
0
0
0
0
0
0
0
0
1
0
0
0
0
0
1
0
0
0
0
0
0
0
0
0
0
0
0
0
0
0
1
0
0
0
0
0
0
0
0
0
0
0
0
0
0
0
0
1
0
1
0
0
0
0
0
0
0
0
0
0
0
0
1
0
0
0
0
0
1
0
0
0
0
0
0
0
0
0
0
1
0
0
0
0
0
0
0
0
0
0
1
0
0
0
0
0
0
0
0
0
0
0
0
0
1
0
0
0
0
0
0
0
0
0
0
0
0
0
0
0
0
1
0
0
0
0
0
0
0
0
0
1
0
0
0
0
0
0
0
0
0
0
1
0
0
0
0
0
0
0
0
0
0
0
0
0
0
0
0
0
0
0
0
0
0
0
0
0
0
0
0
0
0
0
0
0
0
0
0
0
0
0
0
0
0
0
0
0
0
0
0
0
0
0
0
0
0
0
0
0
0
0
0
0
0
0
0
0
0
1
0
0
0
0
0
0
0
0
0
0
0
0
0
0
0
0
0
0
0
0
0
0
0
0
0
0
0
0
0
0
0
0
0
1
0
0
0
0
1
0
0
0
0
0
0
0
0
0
0
0
0
0
0
0
0
0
0
0
0
0
0
0
0
0
0
0
0
0
0
0
0
0
0
0
0
0
0
0
0
0
0
0
0
0
0
0
0
0
0
0
0
0
0
0
0
0
0
0
0
0
0
0
0
0
0
0
0
0
0
0
0
0
0
0
0
0
0
0
1
0
0
0
0
0
0
0
0
0
0
0
0
0
0
0
0
0
0
0
0
0
0
0
0
0
0
0
0
0
0
0
0
0
0
0
0
0
0
0
0
0
0
0
0
0
0
0
0
0
0
0
0
0
0
0
0
0
0
0
0
0
0
0
0
0
0
0
0
0
0
0
0
0
0
0
0
0
0
0
0
0
0
0
0
0
0
0
0
0
0
0
0
0
0
0
0
0
0
0
0
1
0
0
0
0
0
0
0
1
0
0
0
0
0
0
1
0
0
0
0
0
0
0
0
0
0
0
0
0
0
0
0
0
0
0
0
0
0
0
0
0
0
0
0
0
0
0
0
0
0
0
0
0
0
0
0
0
0
0
0
0
0
0
0
0
0
0
0
0
0
0
0
0
0
0
0
0
0
0
0
0
0
0
0
0
0
0
0
0
0
0
0
0
0
0
0
0
0
0
0
0
0
0
0
0
0
0
0
0
0
0
0
0
0
0
0
0
0
0
0
0
0
0
1
0
0
0
0
0
0
0
0
0
0
0
0
0
0
0
0
0
0
0
0
0
0
0
0
0
0
0
0
0
0
0
0
0
0
0
0
0
0
0
0
0
0
0
0
0
0
0
0
1
0
0
0
0
0
0
0
0
0
0
0
0
0
0
0
1
0
0
0
0
1
0
0
0
0
0
0
0
0
0
0
0
0
0
0
0
0
0
0
0
0
0
0
0
0
0
0
0
0
0
0
0
0
0
0
0
0
0
0
0
0
0
0
0
0
0
0
0
0
0
0
0
0
0
0
0
0
0
0
0
0
0
0
0
0
0
0
0
0
0
0
0
0
0
0
0
0
0
0
0
1
0
0
0
0
0
0
0
0
0
0
0
0
0
0
0
0
0
0
0
0
0
0
0
0
0
0
0
0
0
0
0
0
0
0
0
0
0
0
0
0
0
0
0
0
0
0
0
0
0
0
0
0
0
0
0
0
0
0
0
0
0
0
0
0
0
0
0
0
0
0
0
0
0
0
0
0
0
0
0
0
0
0
0
0
0
0
0
0
0
0
0
0
0
0
0
0
0
0
0
0
0
0
0
0
0
0
0
0
0
0
0
0
0
0
0
0
0
0
0
0
0
0
0
0
0
0
0
0
0
0
0
0
0
0
0
0
0
0
0
0
0
0
0
0
0
0
0
0
0
0
0
0
0
0
0
0
0
0
0
0
0
0
0
0
0
0
0
0
0
0
0
0
0
0
0
0
0
0
0
0
0
0
0
0
0
0
0
0
0
0
0
0
0
0
0
0
0
0
0
0
0
0
0
0
0
0
0
0
0
0
0
0
0
0
0
0
0
0
0
0
0
0
0
0
0
0
0
0
0
0
0
0
0
0
0
0
0
0
0
0
0
0
0
0
0
0
0
0
0
0
0
0
0
0
0
0
0
0
0
0
0
0
0
0
0
0
0
0
0
0
0
0
0
0
0
0
0
0
0
0
0
0
0
0
0
0
0
0
0
0
0
0
0
0
0
0
0
0
0
0
0
0
0
0
0
0
0
0
0
0
0
0
0
0
0
0
0
0
0
0
0
0
0
0
0
0
0
0
0
0
0
0
0
0
0
0
0
0
0
0
0
0
0
0
0
0
0
0
0
0
0
0
0
0
0
0
0
0
0
0
0
0
0
0
0
0
0
0
0
0
0
0
0
0
0
0
0
0
0
0
0
0
0
0
0
0
0
0
0
0
0
0
0
0
0
0
0
0
0
0
0
0
0
0
0
0
0
0
0
0
0
0
0
0
0
0
0
0
0
0
0
0
0
0
0
0
0
0
0
0
0
0
0
0
0
0
0
0
0
0
0
0
0
0
0
0
0
0
0
0
0
0
0
0
0
0
0
0
0
0
0
0
0
0
0
0
0
0
0
0
0
0
0
0
0
0
0
0
0
0
0
0
0
0
0
0
0
0
0
0
0
0
0
0
0
0
0
0
0
0
0
0
0
0
0
0
0
0
0
0
0
0
0
0
0
0
0
0
0
0
0
0
0
0
0
0
0
0
0
0
0
0
0
0
0
0
0
0
0
0
0
0
0
0
0
0
0
0
0
0
0
0
0
0
0
0
0
0
0
0
0
0
0
0
0
0
0
0
0
0
0
0
0
0
0
0
0
0
0
0
0
0
0
0
0
0
0
0
0
0
0
0
0
0
0
0
0
0
0
0
0
0
0
0
0
0
0
0
0
0
0
0
0
0
0
0
0
0
0
0
0
0
0
0
0
0
0
0
0
0
0
0
0
0
0
0
0
0
0
0
0
0
0
0
0
0
0
0
0
0
0
0
0
0
0
0
0
0
0
0
0
0
0
0
0
0
0
0
0
0
0
0
0
0
0
0
0
0
0
0
0
0
0
0
0
0
0
0
0
0
0
0
0
0
0
0
0
0
0
0
0
0
0
0
0
0
0
0
0
0
0
0
0
0
0
0
0
0
0
0
0
0
0
0
0
0
0
0
0
0
0
0
0
0
0
0
0
0
0
0
0
0
0
0
0
0
0
0
0
0
0
0
0
0
0
0
0
0
0
0
0
0
0
0
0
0
0
0
0
0
0
0
0
0
0
0
0
0
0
0
0
0
0
0
0
0
0
0
0
0
0
0
0
0
0
0
0
0
0
0
0
0
0
0
0
0
0
0
0
0
0
0
0
0
0
0
0
0
0
0
0
0
0
0
0
0
0
0
0
0
0
0
0
0
0
0
0
0
0
0
0
0
0
0
0
0
0
0
0
0
0
0
0
0
0
0
0
0
0
0
0
0
0
0
0
0
0
0
0
0
0
0
0
0
0
0
0
0
0
0
0
0
0
0
0
0
0
0
0
0
0
0
0
0
0
0
0
0
0
0
0
0
0
0
0
0
0
0
0
0
0
0
0
0
0
0
0
0
0
0
0
0
0
0
0
0
0
0
0
0
0
0
0
0
0
0
0
0
0
0
0
0
0
0
0
0
0
0
0
0
0
0
0
0
0
0
0
0
0
0
0
0
0
0
0
0
0
0
0
0
0
0
0
0
0
0
0
0
0
0
0
0
0
0
0
0
0
0
0
0
0
0
0
0
0
0
0
0
0
0
0
0
0
0
0
0
0
0
0
0
0
0
0
0
0
0
0
0
0
0
0
0
0
0
0
0
0
0
0
0
0
0
0
0
0
0
0
0
0
0
0
0
0
0
0
0
0
0
0
0
0
0
0
0
0
0
0
0
0
0
0
0
0
0
0
0
0
0
0
0
0
0
0
0
0
0
0
0
0
0
0
0
0
0
0
0
0
0
0
0
0
0
0
0
0
0
0
0
0
0
0
0
0
0
0
0
0
0
0
0
0
0
0
0
0
0
0
0
0
0
0
0
0
0
0
0
0
0
0
0
0
0
0
0
0
0
0
0
0
0
0
0
0
0
0
0
0
0
0
0
0
0
0
0
0
0
0
0
0
0
0
0
0
0
0
0
0
0
0
0
0
0
0
0
0
0
0
0
0
0
0
0
0
0
0
0
0
0
0
0
0
0
0
0
0
0
0
0
0
0
0
0
0
0
0
0
0
0
0
0
0
0
0
0
0
0
0
0
0
0
0
0
0
0
0
0
0
0
0
0
0
0
0
0
0
0
0
0
0
0
0
0
0
0
0
0
0
0
0
0
0
0
0
0
0
0
0
0
0
0
0
0
0
0
0
0
0
0
0
0
0
0
0
0
0
0
0
0
0
0
0
0
0
0
0
0
0
0
0
0
0
0
0
0
0
0
0
0
0
0
0
0
0
0
0
0
0
0
0
0
0
0
0
0
0
0
0
0
0
0
0
0
0
0
0
0
0
0
0
0
0
0
0
0
0
0
0
0
0
0
0
0
0
0
0
0
0
0
0
0
0
0
0
0
0
0
0
0
0
0
0
0
0
0
0
0
0
0
0
0
0
0
0
0
0
0
0
0
0
0
0
0
0
0
0
0
0
0
0
0
0
0
0
0
0
0
0
0
0
0
0
0
0
0
0
0
0
0
0
0
0
0
0
0
0
0
0
0
0
0
0
0
0
0
0
0
0
0
0
0
0
0
0
0
0
0
0
0
0
0
0
0
0
0
0
0
0
0
0
0
0
0
0
0
0
0
0
0
0
0
0
0
0
0
0
0
0
0
0
0
0
0
0
0
0
0
0
0
0
0
0
0
0
0
0
0
0
0
0
0
0
0
0
0
0
0
0
0
0
0
0
0
0
0
0
0
0
0
0
0
0
0
0
0
0
0
0
0
0
0
0
0
0
0
0
0
0
0
0
0
0
0
0
0
0
0
0
0
0
0
0
0
0
0
0
0
0
0
0
0
0
0
0
0
0
0
0
0
0
0
0
0
0
0
0
0
0
0
0
0
0
0
0
0
0
0
0
0
0
0
0
0
0
0
0
0
0
0
0
0
0
0
0
0
0
0
0
0
0
0
0
0
0
0
0
0
