0
27
341
332
462
552
510
532
496
506
534
506
537
530
534
529
520
523
547
568
520
518
500
517
536
488
509
522
530
558
513
518
492
516
493
485
493
526
530
487
488
496
461
496
500
497
490
489
477
470
493
458
477
427
506
450
502
482
451
424
480
516
461
436
484
485
433
494
464
441
483
489
467
464
410
474
453
419
458
435
469
482
424
450
459
411
448
474
453
425
470
435
435
429
474
443
430
445
433
441
479
483
469
468
434
420
461
477
437
472
443
494
419
410
442
458
480
428
424
412
414
444
410
459
456
441
443
441
461
419
418
435
419
413
401
442
458
420
414
426
430
429
459
424
430
423
392
461
483
430
478
417
468
423
478
479
477
445
422
454
472
422
428
445
456
447
450
450
427
455
466
442
424
413
461
442
453
492
481
443
435
457
459
432
425
456
456
461
454
402
436
402
476
436
464
436
438
446
478
457
479
459
459
454
435
484
484
474
507
476
494
519
477
493
502
483
480
486
482
481
457
518
482
447
484
494
457
497
469
475
485
504
495
474
512
515
487
512
464
466
508
505
519
490
497
512
497
495
489
509
443
454
490
501
542
480
516
455
514
462
485
475
495
489
502
496
510
492
492
516
482
474
481
485
535
477
467
514
525
542
516
532
505
494
469
570
513
508
573
537
570
565
563
556
557
578
570
570
577
556
572
600
559
597
629
621
599
609
632
641
589
598
642
588
637
655
640
645
659
691
641
708
679
652
635
651
659
605
682
623
701
673
669
704
658
641
668
650
676
699
699
662
686
664
649
647
687
643
623
648
678
650
741
644
640
604
646
641
596
633
619
615
651
627
620
647
603
636
603
598
576
583
616
573
574
601
572
627
608
533
572
590
577
588
564
569
572
570
587
579
544
548
566
594
576
561
580
580
575
609
591
556
567
560
532
538
535
560
578
533
518
545
550
525
543
513
525
491
519
493
559
512
560
470
478
503
519
532
496
522
504
474
528
485
510
506
456
520
520
481
497
523
508
502
478
485
493
459
438
463
455
509
460
460
464
448
500
400
462
479
443
495
452
456
455
503
438
451
503
438
442
424
466
479
449
433
460
481
479
472
498
491
492
464
502
453
465
470
428
454
411
436
439
489
471
479
460
455
470
485
460
463
445
437
480
459
442
478
450
458
454
422
441
446
438
443
473
423
447
437
445
437
433
474
445
437
435
460
459
464
403
457
428
474
431
460
459
434
421
467
461
453
433
414
465
414
450
436
455
464
422
432
422
451
417
453
448
411
463
430
429
476
470
466
419
432
452
424
487
450
457
443
427
426
405
472
447
436
440
438
436
424
427
406
427
455
422
489
448
434
460
435
437
439
415
434
430
429
436
442
402
396
430
458
394
398
393
387
445
428
436
411
410
405
403
383
425
409
406
400
401
383
415
405
437
405
421
372
399
406
386
385
427
380
380
357
383
347
370
395
379
348
372
353
369
364
367
353
365
342
372
294
343
338
336
304
331
305
351
330
332
309
314
290
300
347
288
307
294
300
264
271
267
258
280
250
271
284
266
243
250
229
229
255
226
243
237
247
255
215
250
241
220
244
240
235
232
230
241
220
224
229
190
239
195
198
198
204
182
194
199
207
213
208
185
197
189
203
193
175
175
204
171
193
173
178
185
159
182
177
170
192
186
194
166
175
164
190
159
194
185
195
181
179
176
171
176
188
176
169
188
169
172
177
161
192
184
169
129
162
131
161
191
163
178
165
150
163
178
176
167
175
163
171
184
189
194
188
193
165
170
204
181
167
183
230
161
160
161
178
200
195
175
184
198
184
188
175
193
198
227
197
199
189
199
206
199
202
210
199
188
233
222
189
215
225
227
205
229
251
241
233
251
231
251
230
266
246
253
234
305
276
279
287
293
291
270
296
320
311
321
335
334
323
361
391
372
363
337
376
393
385
402
344
430
408
451
441
451
435
441
446
529
433
492
502
508
547
542
529
542
592
584
622
644
675
689
691
689
775
756
778
748
791
849
878
915
912
926
1037
1036
1043
1048
1044
1106
1135
1271
1198
1207
1298
1262
1348
1381
1448
1420
1409
1477
1515
1522
1579
1618
1679
1660
1675
1623
1777
1745
1783
1787
1846
1856
1939
1855
2023
1941
2002
1914
1995
1990
1962
1966
2030
2064
2159
2113
2048
2015
2036
1990
1999
2023
2119
1962
2085
1923
2009
1965
2009
2010
1861
1998
1891
1841
1851
1821
1788
1797
1798
1782
1692
1618
1646
1671
1642
1568
1504
1481
1429
1448
1384
1339
1331
1264
1272
1258
1208
1178
1193
1119
1119
978
1001
1009
934
943
922
886
829
825
741
776
752
721
646
660
643
609
627
583
554
524
511
519
487
451
413
444
411
410
389
377
354
361
315
339
295
341
285
242
301
269
248
238
236
231
201
227
221
193
193
171
179
186
174
160
171
160
186
176
150
160
139
125
140
130
135
140
126
127
126
119
129
114
122
128
108
131
110
121
137
128
130
131
122
107
129
125
148
112
106
119
128
124
115
129
125
89
113
128
109
118
142
117
123
124
112
99
113
117
112
106
112
108
109
117
132
121
121
129
107
115
96
128
117
103
145
119
134
127
119
102
122
116
128
123
105
101
117
99
102
116
110
142
136
116
107
113
111
111
124
92
107
140
126
133
100
101
103
108
111
114
93
114
89
119
109
125
92
110
92
118
94
107
111
103
87
108
112
110
106
109
96
123
120
94
118
106
87
123
108
113
112
101
100
122
110
106
100
104
114
96
122
115
118
94
114
102
108
115
115
110
99
93
108
101
108
105
111
97
101
98
110
100
102
91
120
99
112
113
96
89
113
119
87
109
101
103
106
96
102
91
100
119
103
115
117
94
107
98
107
104
116
107
92
109
99
109
85
82
116
109
95
88
94
96
103
97
96
97
105
96
103
108
109
101
117
110
97
120
117
118
95
102
104
94
87
111
91
100
84
102
105
95
92
83
87
96
96
99
101
96
84
96
98
114
112
89
101
97
78
90
86
109
105
116
83
106
104
97
89
96
96
114
109
90
94
106
107
96
95
89
113
88
108
91
94
101
107
80
95
100
92
84
103
90
76
104
91
93
101
94
93
86
86
84
121
103
101
114
96
89
103
106
110
103
92
84
100
98
94
110
102
84
94
101
101
94
95
89
94
96
114
96
91
87
85
91
100
93
109
93
76
89
98
93
93
78
90
94
96
94
95
84
94
100
92
104
98
102
106
100
99
113
111
95
88
76
96
96
93
97
98
92
106
80
94
86
103
102
98
89
90
96
77
109
93
87
110
72
90
80
75
86
74
87
80
80
95
103
89
85
103
90
73
112
102
86
105
85
103
87
98
107
89
89
75
90
83
89
109
93
102
100
97
98
101
101
109
100
73
94
103
83
94
82
87
125
95
92
94
93
85
113
91
106
90
97
79
103
101
85
119
93
105
113
91
89
90
124
99
88
96
97
94
102
87
80
94
92
100
96
81
97
97
94
128
101
98
104
102
90
99
106
109
97
97
99
89
111
99
96
116
87
108
90
85
86
96
104
118
100
94
106
87
94
86
95
99
80
118
104
109
89
94
109
107
92
102
104
114
103
96
102
100
116
114
90
99
100
93
107
95
105
100
100
88
111
112
117
97
111
92
107
92
90
106
82
108
113
110
103
87
119
119
114
109
96
122
114
92
87
109
108
101
108
109
110
97
98
124
107
112
108
123
120
119
115
98
105
108
120
115
110
96
99
108
107
105
103
111
109
125
120
105
102
121
118
118
112
93
114
125
102
116
109
105
106
92
121
106
103
102
105
106
109
110
110
121
98
92
106
112
95
109
113
116
93
117
99
95
106
114
79
112
118
107
96
96
102
86
97
108
107
115
97
111
108
91
101
100
94
79
88
104
81
101
91
93
90
90
80
77
83
100
71
91
83
78
83
96
86
73
82
77
74
71
77
83
68
72
70
60
82
72
87
64
58
71
56
60
49
59
64
52
55
51
64
54
56
52
44
50
46
51
42
46
51
41
58
45
41
32
42
38
40
36
28
31
41
37
28
31
30
24
40
34
21
24
27
19
27
22
23
38
29
24
24
21
31
36
13
23
19
17
20
20
13
12
17
16
20
15
13
16
13
20
14
8
13
18
13
13
16
15
6
11
14
15
15
18
20
12
13
15
14
15
15
13
15
18
23
18
23
9
9
10
20
21
10
15
26
19
14
23
21
17
24
16
18
19
26
27
27
28
29
22
21
30
38
45
42
32
29
40
43
48
42
49
43
50
62
64
47
61
74
57
73
78
83
61
84
79
78
97
112
94
103
94
99
121
117
109
129
106
120
128
126
130
145
150
172
164
152
185
169
180
166
190
188
185
173
209
212
228
202
219
223
210
241
219
230
226
243
229
233
236
234
222
250
235
256
252
220
234
245
259
251
239
222
221
213
228
248
248
238
239
232
199
203
188
192
176
224
202
200
184
193
177
198
171
166
152
155
175
154
159
139
141
142
141
122
135
107
131
116
130
97
113
98
108
82
107
76
80
72
74
55
82
74
58
62
50
60
48
66
43
56
56
34
47
40
26
33
40
38
18
20
28
32
29
24
31
21
27
21
17
15
19
16
15
15
14
6
11
9
13
7
6
8
4
7
3
2
4
4
6
8
5
5
6
6
5
4
3
1
3
3
4
4
2
4
1
1
4
3
4
0
0
1
1
0
0
2
3
1
1
1
0
1
0
2
4
3
1
3
0
1
0
1
0
0
1
0
1
1
1
1
1
1
1
1
0
1
0
2
0
1
1
1
1
1
2
1
1
2
3
4
1
2
0
1
3
1
2
0
1
0
1
1
0
0
2
0
4
4
5
0
1
2
0
0
0
1
0
1
1
2
2
1
1
2
1
2
1
1
1
2
2
2
0
2
1
2
1
1
2
2
1
3
1
0
1
1
1
0
0
2
1
4
1
0
1
1
2
3
2
2
0
0
2
0
0
1
1
0
0
2
1
0
0
2
1
0
2
2
1
1
1
0
0
1
0
1
0
1
0
1
0
0
1
0
1
0
0
1
1
0
1
0
0
0
1
1
1
1
1
0
3
2
0
1
0
0
0
1
1
0
1
1
0
0
0
1
0
0
0
0
0
0
1
1
0
0
1
0
1
0
0
0
0
0
2
0
0
0
0
0
0
0
0
0
1
0
0
0
1
0
1
0
0
0
1
0
0
1
0
1
1
0
1
1
0
1
0
1
0
1
1
0
0
3
0
0
1
1
2
1
0
0
1
0
0
1
1
1
1
1
1
1
1
0
2
1
3
2
1
2
0
0
4
2
2
0
1
0
0
3
2
1
1
3
2
1
1
1
2
0
0
2
0
0
1
1
2
1
2
0
1
1
3
0
2
1
1
0
1
3
1
2
0
1
0
1
1
0
3
0
0
0
2
1
0
2
1
1
0
2
0
1
0
0
1
0
0
0
0
0
0
0
0
0
0
0
0
0
0
0
0
1
0
1
0
0
0
0
1
0
0
0
0
0
0
0
0
0
0
0
0
0
0
0
0
0
0
0
0
0
0
0
0
0
0
0
0
1
0
0
0
0
0
0
0
0
0
0
0
0
0
0
0
0
0
0
0
0
0
0
0
0
0
0
0
0
0
0
0
0
0
0
0
0
0
1
0
0
0
0
0
0
0
0
0
0
0
0
0
0
0
0
0
0
0
0
0
0
0
0
0
1
0
0
0
0
0
0
0
0
0
0
0
0
0
0
0
0
0
0
0
0
0
0
0
0
0
0
0
0
0
0
0
0
0
0
0
0
0
0
0
0
0
0
0
0
0
0
0
0
0
0
0
0
0
0
0
0
0
0
0
0
0
0
0
0
0
0
0
0
0
0
0
0
0
0
0
0
0
0
0
0
0
0
0
0
0
0
0
0
0
0
0
0
0
0
0
0
0
0
0
1
0
0
0
0
0
0
0
0
0
0
0
0
0
0
1
0
0
0
0
0
0
0
0
0
0
1
0
0
0
0
0
0
0
0
0
0
0
0
0
0
0
0
0
0
0
0
0
0
0
0
0
0
0
0
1
0
0
0
0
0
0
0
0
0
0
0
1
0
0
0
0
0
0
0
0
0
0
0
0
0
0
0
0
0
0
0
0
0
0
0
0
0
0
0
0
0
0
0
0
0
0
0
0
0
0
0
0
1
0
0
0
0
0
0
1
0
0
0
0
0
0
0
0
0
0
0
0
0
0
0
0
1
0
0
0
0
0
0
0
0
0
1
0
0
0
1
0
0
0
0
0
1
0
0
0
0
0
0
0
0
0
0
0
0
0
0
0
0
0
0
0
0
2
1
0
0
1
0
0
0
0
0
0
0
0
0
0
0
0
0
0
0
0
0
0
0
0
0
0
0
0
0
0
0
0
0
0
0
0
0
0
0
0
0
0
0
0
0
0
0
0
0
0
0
0
0
0
0
0
0
0
0
0
0
0
0
0
0
0
0
0
0
0
1
0
0
0
0
0
0
0
0
0
0
0
1
0
0
0
0
0
0
0
0
0
0
0
0
0
0
0
0
0
0
0
0
0
0
0
0
0
0
0
0
0
0
0
0
0
0
0
1
0
0
0
0
0
0
0
0
0
0
0
0
0
0
0
0
0
0
0
0
0
0
0
0
0
0
0
0
0
0
0
0
0
0
0
0
1
0
0
0
0
0
0
0
0
0
0
0
0
0
0
0
0
0
0
0
0
0
0
0
0
0
0
0
0
0
0
0
0
0
0
1
0
0
0
0
0
0
0
0
0
0
0
0
0
0
0
0
0
0
0
0
0
0
0
0
0
0
0
0
0
0
0
0
0
0
0
0
0
0
0
0
0
0
1
0
0
0
1
0
0
0
0
0
0
0
0
0
0
0
0
0
0
0
0
0
1
0
0
0
0
0
0
0
0
0
0
0
0
1
0
0
0
0
1
0
0
0
0
0
0
0
0
0
0
0
0
0
0
0
0
0
0
0
0
0
0
0
0
0
0
0
0
0
0
0
0
0
0
0
0
0
0
0
0
0
0
0
0
0
0
0
1
0
0
0
0
0
0
0
0
0
0
0
0
0
0
0
0
0
0
0
0
0
0
0
0
0
0
0
0
0
0
0
0
0
0
0
0
0
0
0
0
0
0
0
0
0
0
0
0
0
0
0
0
0
0
0
0
0
0
0
0
1
1
0
0
0
0
0
0
0
0
0
0
0
0
0
0
0
0
0
0
0
0
0
0
0
0
0
0
0
0
0
0
0
0
0
0
0
0
0
0
0
0
0
0
0
0
0
0
0
0
0
0
0
0
0
0
0
0
0
0
0
0
0
0
0
0
0
0
0
0
0
0
0
0
0
0
0
0
0
0
0
0
0
0
0
0
0
0
0
0
0
0
0
0
0
0
0
0
0
0
0
0
0
0
0
0
0
0
0
0
0
0
0
0
0
0
0
0
0
0
0
0
0
0
0
0
0
1
0
0
0
0
0
0
0
0
0
0
0
0
0
0
0
0
0
0
0
0
1
0
0
0
0
0
0
0
0
0
0
0
0
0
0
0
0
0
0
0
0
0
0
0
0
0
0
0
0
0
0
0
0
0
0
0
0
0
0
0
0
0
0
0
0
0
0
0
0
0
0
0
0
0
0
0
0
0
0
0
0
0
0
0
0
0
0
0
0
0
0
0
0
0
0
0
0
0
0
0
0
0
0
0
0
0
0
0
0
0
0
0
0
0
0
0
0
0
0
0
0
0
0
0
0
0
0
0
0
0
0
0
0
0
0
0
0
0
0
0
0
0
0
0
0
0
0
0
0
0
0
0
0
0
0
0
0
0
0
0
0
0
0
0
0
0
0
0
0
0
0
0
0
0
0
0
0
0
0
0
0
0
0
0
0
0
0
0
0
0
0
0
0
0
0
0
0
0
0
0
0
0
0
1
0
0
0
0
0
0
0
0
0
0
0
0
0
0
0
1
0
0
0
0
0
0
0
0
0
0
0
0
0
0
0
0
0
0
0
0
0
0
0
0
0
0
0
0
0
0
0
0
0
0
0
0
0
0
0
0
0
0
0
0
0
0
0
0
0
0
0
0
0
0
0
0
0
0
0
0
0
0
0
0
0
0
0
0
0
0
0
0
0
0
0
0
0
0
0
0
0
0
0
0
0
0
0
0
0
0
0
0
0
0
0
0
0
0
0
0
1
0
0
0
0
0
0
0
0
0
0
0
0
0
0
0
0
0
0
0
0
0
0
0
0
0
0
0
0
0
0
0
0
0
0
0
0
0
0
0
0
0
0
0
0
0
0
0
0
0
0
0
0
0
0
0
0
0
0
0
0
0
0
0
0
0
0
0
0
0
0
0
0
0
0
0
0
0
0
0
0
0
0
0
0
0
0
0
0
0
0
0
0
0
0
0
0
0
0
0
0
0
0
0
0
0
0
0
0
0
0
0
0
0
0
0
0
0
0
0
0
0
0
0
0
1
0
0
0
0
0
0
0
0
0
0
0
0
0
0
0
0
0
0
0
1
1
0
0
0
0
0
0
0
0
0
0
0
0
0
0
0
0
0
0
0
0
0
0
0
0
0
0
0
0
0
0
0
0
0
0
0
0
0
0
0
0
0
0
0
0
0
0
0
0
0
0
0
0
0
0
0
0
0
0
0
0
0
0
0
0
0
0
0
0
0
0
0
0
0
0
0
0
0
0
0
0
0
0
0
0
0
0
0
0
0
0
0
0
0
0
0
0
0
0
0
0
0
0
0
0
0
0
0
0
0
0
0
0
0
0
0
0
0
0
0
0
0
0
0
0
0
0
0
0
0
0
0
0
0
0
0
0
0
0
0
0
0
0
0
0
0
0
0
0
0
0
0
0
0
0
0
0
0
0
0
0
0
0
0
0
0
0
0
0
0
0
0
0
0
0
0
0
0
0
0
0
0
0
0
0
0
0
0
0
0
0
0
0
0
0
0
0
0
0
0
0
0
0
0
0
0
0
0
0
0
0
0
0
0
0
0
0
0
0
0
0
0
0
0
0
0
0
0
0
0
0
0
0
0
0
0
0
0
0
0
0
0
0
0
0
0
0
0
0
0
0
0
0
0
0
0
0
0
0
0
0
0
0
0
0
0
0
0
0
0
0
0
0
0
0
0
0
0
0
0
0
0
0
0
0
0
0
0
0
0
0
0
0
0
0
0
0
0
0
0
0
0
0
0
0
0
0
0
0
0
0
0
0
0
0
0
0
0
0
0
0
0
0
0
0
0
0
0
0
0
0
0
0
0
0
0
0
0
0
0
0
0
0
0
0
0
0
0
0
0
0
0
0
0
0
0
0
