0
40
289
372
549
644
651
651
596
671
593
646
632
596
592
632
603
662
625
637
581
601
559
649
586
633
589
644
613
589
580
616
554
587
563
604
579
611
562
594
572
550
570
565
555
600
585
537
558
594
535
568
523
609
543
544
558
564
549
534
552
561
484
534
538
535
544
576
503
524
522
511
546
562
505
509
490
499
541
510
539
515
532
493
525
552
540
489
540
483
551
532
538
502
560
505
538
557
505
551
534
513
502
516
529
530
504
533
516
527
511
506
547
519
539
523
507
533
546
535
523
500
536
512
542
533
506
535
512
520
501
525
504
506
514
530
507
514
502
523
548
497
493
494
504
496
515
529
475
492
532
506
517
537
522
520
546
508
501
509
541
502
467
479
504
494
502
500
532
550
541
515
545
517
516
521
573
529
557
556
518
515
533
513
529
513
554
517
512
571
535
548
497
531
547
541
546
500
525
546
541
531
529
556
531
541
562
527
557
594
514
541
568
569
532
524
547
552
597
571
557
545
558
539
543
555
562
586
592
582
608
562
581
569
598
598
592
531
597
557
553
564
555
548
545
560
563
573
529
556
604
555
533
596
541
565
570
568
598
544
538
537
564
511
577
541
568
578
555
534
531
568
564
608
525
600
595
593
608
530
578
579
589
594
567
596
580
652
600
589
623
590
642
630
625
604
612
639
608
650
621
662
691
665
693
635
653
692
751
727
675
665
724
751
743
725
737
751
739
769
752
754
809
770
749
734
730
759
754
728
821
794
775
832
737
780
761
762
774
723
754
810
778
745
757
749
790
827
765
774
748
736
733
741
745
735
750
727
745
691
734
742
689
711
737
709
683
705
704
717
700
733
659
673
646
725
743
661
663
714
681
669
692
650
615
644
651
616
644
656
636
682
648
663
654
607
610
633
620
596
596
637
602
620
651
637
649
616
600
612
649
644
606
598
598
594
602
607
596
586
616
588
585
608
585
625
572
599
609
576
561
568
553
576
585
578
555
511
546
556
570
534
545
555
544
574
562
563
552
552
529
555
551
537
527
533
558
558
569
496
575
521
514
548
566
509
546
534
540
502
511
478
499
568
503
545
561
532
500
546
535
548
554
522
499
482
545
520
518
520
507
550
526
500
515
507
497
510
500
533
509
530
497
475
487
523
501
562
477
477
506
488
485
519
526
502
499
500
496
494
496
495
488
498
470
525
460
553
556
516
516
530
488
465
523
473
524
494
485
535
482
530
483
525
499
516
496
502
527
489
521
475
520
515
516
471
506
498
469
540
496
545
516
505
503
476
490
518
515
480
484
503
498
494
511
545
504
471
491
509
518
557
478
467
516
521
491
493
517
462
510
505
520
488
502
448
521
464
499
460
530
460
509
519
492
560
467
492
463
504
492
480
484
470
483
483
513
443
474
440
456
478
474
494
469
472
483
450
475
453
469
433
433
479
472
472
416
460
450
425
401
412
421
450
437
427
408
412
405
424
386
380
374
383
375
405
384
375
364
416
399
378
378
366
356
380
310
353
333
361
351
351
329
312
314
304
333
312
319
314
288
334
281
274
294
293
295
256
302
319
283
258
279
275
289
272
263
233
262
238
265
231
241
236
250
219
267
233
233
235
231
216
250
190
210
210
202
243
226
237
234
217
232
185
207
233
215
229
190
208
179
183
211
175
202
182
200
184
216
176
186
170
188
198
207
168
187
205
218
182
196
213
218
195
194
192
183
211
209
185
178
183
181
179
191
183
195
197
175
187
218
182
187
196
190
183
202
186
213
180
185
215
184
217
201
182
218
191
213
190
190
176
201
215
208
201
186
219
218
208
239
225
226
242
237
193
209
243
247
249
232
205
259
253
228
247
250
261
271
255
278
298
313
306
286
286
319
323
286
318
317
353
312
343
302
364
316
313
346
360
371
351
329
387
351
391
378
360
414
404
392
430
437
421
434
461
448
422
455
427
459
480
498
534
536
539
522
564
571
558
534
555
602
601
656
636
675
678
656
707
733
704
763
791
771
839
803
889
844
890
913
926
995
991
1037
1111
1105
1102
1107
1174
1161
1239
1271
1298
1363
1337
1438
1499
1517
1520
1540
1635
1607
1717
1708
1732
1826
1813
1921
1972
1922
2020
2173
2088
2056
2146
2199
2184
2230
2134
2290
2268
2377
2410
2376
2367
2410
2493
2315
2485
2438
2419
2499
2462
2447
2470
2516
2506
2496
2503
2506
2510
2399
2452
2472
2471
2397
2420
2420
2396
2293
2257
2277
2341
2190
2230
2142
2140
2108
1983
2006
1919
1974
1886
1858
1793
1819
1812
1659
1636
1578
1534
1463
1440
1416
1318
1307
1301
1268
1193
1170
1162
1063
1062
1010
1026
913
949
880
831
816
763
754
669
675
664
657
613
589
516
519
517
504
464
470
420
430
429
396
354
356
320
327
312
293
276
279
277
258
234
223
216
223
218
199
217
199
195
195
165
180
168
143
158
166
177
148
149
156
144
144
147
142
148
124
153
154
145
171
131
160
130
140
117
121
102
119
143
133
139
128
134
121
126
116
119
100
113
124
129
122
124
111
111
119
111
126
123
136
144
135
146
141
122
116
107
119
129
144
137
115
130
118
121
132
98
122
138
113
127
118
118
129
109
136
133
130
115
114
103
129
138
103
107
112
128
122
130
123
114
112
141
117
122
115
116
136
117
121
120
123
108
134
128
137
122
106
137
133
115
136
115
120
134
122
126
108
140
135
127
116
101
119
116
102
136
117
121
122
126
106
111
120
118
134
101
111
134
113
120
108
126
117
125
117
105
134
120
122
105
104
115
106
117
114
120
118
97
103
128
130
125
128
118
111
113
126
116
113
119
116
117
122
93
113
110
123
111
92
108
127
130
113
127
115
120
125
104
102
130
106
115
122
124
121
114
108
111
107
118
117
128
141
120
120
115
103
111
128
117
117
112
122
104
108
115
106
124
110
116
103
104
119
118
121
127
115
141
112
116
118
113
122
120
111
116
124
96
117
90
110
110
116
103
124
92
104
121
138
118
104
125
93
106
112
106
95
111
111
103
93
114
101
136
107
113
102
117
122
113
106
104
111
96
124
116
118
100
100
114
117
124
98
97
96
119
136
116
110
109
127
122
115
105
138
127
124
126
103
84
105
117
133
126
119
124
120
91
114
117
112
102
105
119
93
98
106
86
101
103
107
107
92
117
101
83
89
102
112
105
122
120
111
116
121
96
107
103
96
97
108
93
115
108
101
110
115
100
124
99
114
98
112
115
90
98
128
103
105
91
109
116
99
108
115
117
107
116
110
105
109
95
90
84
100
105
116
96
91
116
118
100
106
98
107
109
94
119
98
104
87
124
111
82
127
127
90
110
132
110
112
100
110
113
98
102
127
107
123
79
95
132
106
107
121
104
107
118
96
111
108
103
100
105
89
121
105
116
104
111
104
103
113
120
110
102
117
94
105
122
125
114
123
101
113
107
126
104
126
107
112
115
110
118
94
114
106
121
104
131
112
111
121
137
109
138
115
118
121
112
112
116
124
104
119
99
124
124
98
124
118
111
117
115
114
105
116
116
120
95
128
135
108
104
123
109
103
104
124
113
106
128
111
117
140
114
109
116
115
109
111
120
125
108
123
125
122
135
110
125
110
121
99
119
123
139
145
117
120
127
93
105
124
136
107
106
125
101
123
129
120
118
101
132
117
118
125
142
127
134
118
135
110
127
125
123
102
126
128
142
122
106
144
114
135
132
108
129
143
103
115
104
136
110
136
122
131
141
137
126
124
123
128
128
144
122
123
144
121
154
128
132
134
114
132
133
117
132
127
121
142
124
120
128
128
137
119
134
110
123
131
138
134
144
130
133
111
124
131
136
140
131
124
109
162
138
129
126
131
136
113
143
141
111
110
148
88
129
138
106
121
128
120
123
126
121
115
135
124
117
125
122
116
107
111
133
118
131
124
114
99
93
112
109
101
107
112
103
99
105
98
80
100
90
100
104
107
79
97
96
90
84
72
80
67
88
83
77
77
53
85
61
79
78
58
67
66
67
65
67
67
69
53
64
66
45
60
51
60
33
45
40
42
46
49
47
49
43
35
31
39
48
35
41
34
29
26
38
21
36
30
27
33
23
24
19
21
31
24
33
37
18
18
24
30
20
15
20
27
21
16
21
19
20
14
29
26
21
24
14
17
17
20
15
13
15
12
17
14
19
20
23
11
25
25
17
20
17
26
16
19
22
13
30
19
29
21
23
25
14
28
22
28
16
22
32
28
27
37
24
38
40
28
37
26
31
52
44
53
49
41
44
46
40
51
56
49
47
56
77
74
79
85
78
80
68
100
85
78
90
92
121
108
110
101
110
130
119
160
120
167
131
137
138
145
151
158
156
164
167
201
189
198
200
207
214
181
199
223
217
243
223
219
242
239
264
236
264
232
226
254
257
295
262
262
286
260
283
303
295
278
302
277
321
296
292
271
274
294
286
264
277
294
300
289
270
250
279
279
259
297
260
265
270
259
231
227
230
230
220
217
216
182
215
206
196
193
210
184
178
157
149
163
152
146
131
156
127
104
129
113
96
85
97
99
87
75
92
85
64
54
73
44
57
65
46
56
41
44
39
31
37
37
32
24
29
33
22
29
20
18
11
17
18
19
22
14
15
8
9
13
7
10
5
3
8
5
8
5
4
4
4
3
6
1
5
1
2
1
4
4
1
1
7
3
2
1
1
5
2
1
2
5
2
2
2
5
0
1
2
0
3
1
3
3
1
0
0
0
0
1
2
0
0
1
1
0
1
1
0
1
2
4
1
0
5
2
1
0
2
1
0
3
1
0
1
0
1
3
4
2
2
0
6
1
2
1
1
2
0
2
1
2
0
3
4
3
0
2
0
3
1
1
2
3
5
3
1
2
2
1
2
2
2
1
0
1
1
1
1
3
3
2
0
3
2
0
2
2
6
0
0
0
0
0
2
0
3
2
3
1
3
0
1
3
0
3
3
1
3
1
2
1
0
0
2
1
1
3
2
1
1
3
1
1
0
2
3
1
1
1
0
0
1
2
2
0
0
1
1
1
1
1
0
0
2
0
5
0
1
0
0
3
0
0
1
1
0
0
0
0
2
2
0
1
0
0
2
0
1
2
0
0
2
0
0
0
0
1
1
0
2
0
0
0
1
2
1
1
0
0
0
0
2
0
0
1
0
1
1
0
0
0
0
0
0
0
0
0
1
0
0
1
0
0
0
1
0
3
0
1
2
0
0
1
0
0
0
0
2
2
0
0
0
0
1
0
0
0
3
0
0
0
1
0
1
0
2
0
0
1
1
1
1
3
2
0
1
1
1
1
0
1
3
1
1
1
2
1
4
2
0
1
0
1
3
2
2
5
2
2
1
0
1
2
1
3
1
0
1
0
4
2
1
0
1
2
2
2
0
3
1
1
0
1
2
1
1
1
0
4
0
1
1
0
0
2
1
0
0
2
2
1
0
2
1
0
0
0
1
1
0
0
0
1
0
0
0
0
0
0
0
0
0
0
1
0
0
2
1
0
0
1
1
0
0
0
0
0
0
0
0
0
0
0
0
1
0
0
0
0
0
0
0
0
0
0
0
0
0
0
0
0
0
0
0
0
0
0
0
0
0
0
0
0
0
0
0
0
0
0
1
0
0
0
0
0
1
0
0
0
0
0
0
0
0
0
0
0
0
0
0
0
0
0
0
0
0
0
0
0
0
1
0
0
0
0
0
0
0
0
0
0
0
0
0
0
0
0
0
0
0
0
0
0
0
0
0
0
0
0
0
0
0
0
0
0
0
0
1
0
0
0
0
0
0
0
0
0
0
0
1
0
0
0
1
0
0
0
0
0
0
0
0
1
0
0
0
0
0
0
0
0
0
0
0
0
0
0
0
0
0
0
0
0
0
0
0
0
0
0
0
0
0
0
0
0
1
0
0
0
0
0
0
0
0
0
0
0
0
0
0
0
0
0
0
0
0
0
0
0
0
0
0
0
0
0
0
0
0
0
0
0
0
0
0
0
0
0
0
1
0
0
0
0
0
0
0
0
0
0
0
0
0
0
0
0
0
0
0
0
0
1
0
0
0
0
0
0
0
0
0
0
0
2
0
0
0
0
0
0
0
0
0
0
0
0
0
0
0
0
0
0
0
0
0
1
0
0
0
0
0
0
0
0
0
0
0
0
0
0
0
0
0
0
0
1
0
0
0
0
0
0
0
0
0
0
0
0
0
0
0
0
0
0
0
0
0
0
0
0
0
0
0
0
0
0
0
0
0
0
0
0
0
0
0
0
0
0
0
0
0
0
0
0
0
0
0
0
0
0
0
0
0
0
0
0
0
0
0
0
0
0
0
0
0
0
0
0
0
0
0
1
0
0
0
0
0
0
0
0
0
0
0
0
0
0
0
0
0
0
0
0
0
0
0
1
0
0
0
0
0
0
0
0
0
0
0
0
0
0
0
0
0
0
0
0
0
0
0
0
0
0
0
0
0
0
0
0
0
0
0
0
0
0
0
0
0
0
0
0
0
0
0
0
0
0
0
0
0
0
0
0
0
0
0
0
0
0
0
0
0
0
0
0
0
0
0
0
0
0
0
0
0
1
0
0
0
0
0
0
0
0
0
0
0
0
0
0
0
0
0
0
0
0
0
0
0
0
0
0
0
0
0
0
0
0
1
1
0
0
0
0
0
0
0
0
0
0
0
0
0
0
0
0
0
0
0
0
1
0
0
0
0
0
0
0
0
0
0
0
0
0
0
0
0
0
0
0
0
0
0
0
0
0
0
0
0
0
0
0
0
0
0
0
0
0
0
0
0
0
0
0
0
0
0
0
0
0
0
0
0
0
0
0
0
0
0
0
0
0
0
0
0
0
0
0
0
0
0
0
0
0
0
0
0
0
0
0
0
0
0
0
0
0
0
0
0
0
0
0
0
0
0
0
0
0
0
0
0
0
0
0
0
0
0
0
0
0
0
0
0
0
0
0
0
0
0
0
0
0
0
0
0
0
0
0
1
0
0
0
0
0
0
0
0
0
0
0
0
0
0
0
0
0
0
0
0
0
0
0
0
0
0
0
0
0
0
0
0
0
0
0
0
1
0
0
0
0
0
0
0
0
1
0
1
0
0
0
0
0
0
0
0
0
0
0
0
0
0
0
0
0
0
0
0
0
0
0
0
0
0
0
0
0
0
0
1
0
0
0
0
0
0
0
0
0
0
0
0
0
0
0
0
0
0
0
0
0
0
0
0
0
0
0
1
0
0
0
1
0
0
0
0
0
0
0
0
0
0
0
0
0
0
0
0
0
0
0
0
0
0
0
0
0
0
0
0
0
0
0
0
0
0
0
0
0
0
0
0
0
0
0
0
0
0
0
0
0
0
0
0
0
0
0
0
0
0
0
0
0
0
0
0
0
0
0
0
0
0
0
0
0
0
0
0
0
0
0
0
0
0
0
0
0
0
0
0
0
0
0
0
0
0
0
0
0
0
0
0
0
0
0
0
0
0
0
0
0
0
0
0
0
0
0
0
0
0
0
1
0
0
0
0
0
0
0
0
0
0
0
0
0
0
0
0
0
0
0
0
0
0
0
0
0
0
0
0
0
0
0
0
0
0
0
0
0
0
0
0
0
0
0
0
0
0
0
0
0
0
1
0
0
0
0
0
1
0
0
1
0
0
0
1
0
0
0
0
0
0
0
0
0
0
0
0
0
0
0
0
0
0
0
0
0
0
0
0
0
0
0
0
0
0
0
0
0
0
0
0
0
0
0
0
0
0
0
0
0
0
0
0
0
0
0
0
0
0
0
0
0
0
0
0
0
0
0
0
0
0
0
0
0
0
0
0
0
0
0
0
0
0
0
0
0
0
0
0
0
0
0
0
0
0
1
0
0
0
0
0
0
0
0
0
0
0
0
0
0
0
0
0
0
0
0
0
0
0
0
0
0
0
0
0
0
0
0
0
0
0
0
0
0
0
0
0
0
0
0
0
0
0
0
0
0
0
0
0
0
0
0
0
0
0
0
0
0
0
0
0
0
0
0
0
0
0
0
0
0
0
0
0
0
0
0
0
0
0
1
0
0
0
0
0
0
0
0
0
0
0
0
0
0
0
0
0
0
0
0
0
0
0
0
0
0
0
0
0
0
0
0
0
0
0
0
0
0
0
0
0
0
0
0
0
0
0
0
0
0
0
0
0
0
0
0
0
0
0
0
0
0
0
0
0
0
0
0
0
0
0
0
0
0
0
0
0
0
0
0
0
0
0
0
0
0
0
0
0
0
0
0
0
0
0
0
0
0
0
0
0
0
0
0
0
0
0
0
0
0
0
0
0
1
0
0
0
0
0
0
0
0
0
0
0
0
0
0
0
0
0
0
0
0
0
0
0
0
0
0
0
0
0
0
0
0
0
0
0
0
0
0
0
0
0
0
0
0
0
0
0
0
0
0
0
0
0
0
0
0
0
0
0
0
0
0
0
0
0
0
0
0
0
0
0
0
0
0
0
0
0
0
0
0
0
1
0
0
0
0
0
0
0
0
0
0
0
1
0
0
0
0
0
0
0
0
0
0
0
0
0
0
0
0
0
0
0
0
0
0
0
0
0
0
0
0
0
0
0
0
0
0
0
0
0
0
0
0
0
0
0
0
0
0
0
0
0
0
0
0
0
0
0
0
0
0
0
0
0
0
0
0
0
0
0
0
0
0
0
0
0
0
0
0
0
0
0
0
0
0
0
0
0
0
0
0
0
0
0
0
0
0
0
0
0
0
0
0
0
0
0
0
0
0
0
0
0
0
0
0
0
0
0
0
0
0
0
0
0
0
0
0
0
0
0
0
0
0
0
0
0
0
0
0
0
0
1
0
0
0
0
0
0
0
0
0
0
0
0
0
0
0
0
0
0
0
0
0
0
0
0
0
0
0
0
0
0
0
0
0
0
0
0
0
0
0
0
0
0
0
0
0
0
0
0
0
0
0
0
0
0
0
0
0
0
0
0
0
0
0
0
0
0
0
0
0
0
0
0
0
0
0
0
0
0
0
0
0
0
0
0
0
0
0
0
0
0
0
0
0
0
0
0
0
0
0
0
0
0
0
0
0
0
0
0
0
0
0
0
0
0
0
0
0
0
0
0
0
0
0
0
0
0
0
0
0
0
0
0
0
0
0
0
0
0
0
0
0
0
0
0
0
0
0
0
0
0
0
0
0
0
0
0
0
0
0
0
0
0
0
0
0
0
0
0
0
0
0
0
0
0
0
0
0
0
0
0
0
0
0
0
0
0
0
0
0
0
0
0
0
0
0
0
0
0
0
0
0
0
0
0
0
0
0
0
0
0
0
0
0
0
0
0
0
0
0
