0
0
0
0
0
0
0
0
0
0
70919
97673
97116
96194
95375
95309
94019
93716
92603
92583
91291
91270
91045
90807
90588
90381
89598
89711
89114
88545
88325
88003
88090
86824
87051
86896
86510
86237
86241
85666
85570
85702
84547
84580
84201
83761
83302
83417
83467
83066
83246
82229
82032
81708
81679
81766
80618
80679
80439
80346
80152
80615
79403
78906
79148
78827
78171
78364
77524
78136
78009
77249
77053
76497
76617
76349
76447
75707
75651
75463
74927
75350
74120
74560
74258
73872
73367
73111
73292
73201
72385
72691
72542
71349
72027
71780
71040
71027
70827
71027
70278
70421
70283
69787
69412
69468
69543
69364
69172
68673
68108
68145
67676
67801
67436
67541
67102
67334
66561
66127
66116
66083
66040
65293
65682
65538
65173
65273
64272
64114
64424
63964
63645
63546
63610
62892
62833
62676
62279
62404
62672
62366
61531
61669
61462
61652
61219
61187
61215
60401
60766
59750
59878
59583
59701
59566
59213
58793
58861
59025
58559
57891
58644
57504
57748
57771
57805
57241
57097
56793
56758
56341
56573
56208
55852
56089
55281
55158
55465
55233
54998
54859
54347
54318
54083
53731
53621
54042
53400
53335
53440
53352
53238
52803
52672
52858
52135
52414
52174
51590
51738
51546
51278
50797
50830
50695
50582
50561
49906
49772
49891
50104
49624
49863
49274
48999
48904
49209
48638
48933
48063
48305
48329
48116
47607
47435
47776
47380
47286
47086
46844
46952
46660
46794
46258
45977
46530
46550
46242
45478
45467
45231
45376
45089
45164
44886
44738
44730
44408
44657
44184
44142
43483
43627
43802
43248
43607
42997
42801
42905
42914
42761
42788
42748
42514
42254
41763
41684
41512
41586
41489
41141
41132
41240
41025
40601
40946
40049
40509
40013
40261
39812
39834
40013
39582
39331
39530
39487
39250
39590
39206
38806
38722
38513
38432
38226
38422
38229
38284
37816
37681
37532
37434
37443
37454
37256
37006
36752
36861
36884
36877
36598
36421
36209
36529
36081
35809
35713
35460
35907
35238
35255
35186
35145
35170
34815
34349
34746
34728
34745
34236
34049
34443
34087
33506
33655
33915
33605
33787
33627
33472
33029
32918
32992
32783
32625
32814
32557
32511
32359
32526
32097
32048
32090
31642
31609
31836
31702
31656
31669
31608
31239
31229
30991
30958
30926
31025
30764
30613
30298
30333
30058
29894
30090
29875
29876
29994
30037
29501
29638
29575
29523
29273
29379
28969
28734
28790
28675
28944
28809
28644
28510
28352
28156
28165
28394
28150
28140
27749
27669
27561
27464
27428
27402
27174
27316
27367
26741
26686
26836
26646
26431
26745
26628
26197
26337
26161
26398
25992
26145
25971
26139
25708
25757
25637
25768
25428
25589
25528
25356
25179
24958
25089
24864
24761
24621
24625
24786
24499
24702
24257
24247
24081
24302
24116
24051
23679
23984
23655
23684
23737
23440
23744
23276
23284
23304
23328
23058
22998
22759
22896
22776
22581
22681
22480
22389
22473
22124
21927
22272
22205
21861
21984
21936
21895
21764
21623
21724
21811
21788
21384
21632
21348
21362
21398
21051
21158
21081
20918
21066
21076
20629
20855
20752
20520
20392
20535
20379
20469
20074
20317
19929
20214
20210
20036
20028
19909
19790
19619
19642
19850
19538
19475
19503
19361
19292
19423
19102
19148
18678
19105
19003
18696
18671
18627
18752
18569
18327
18360
18447
18568
18297
18525
18496
18017
18299
18085
18108
18008
17661
17837
17705
17421
17761
17533
17667
17319
17403
17427
17215
17463
17273
17168
17052
16853
17175
17065
16950
17059
16886
16793
16846
16685
16805
16480
16640
16409
16100
16338
16276
16238
16361
16011
16166
16053
15997
15839
15783
15826
15890
15802
15550
15681
15637
15589
15507
15402
15076
15284
15397
15417
15127
14897
14978
15100
14924
15097
14992
14979
14984
14784
14836
14595
14585
14576
14558
14685
14632
14324
14674
14401
14138
14158
14155
13994
14353
13983
14024
14077
13814
14110
13759
13734
13690
13611
13860
13695
13552
13504
13530
13588
13315
13293
13173
13270
13205
13129
13070
13074
13093
12987
13033
12971
12926
12742
12774
12964
12880
12730
12590
12831
12552
12373
12763
12346
12294
12325
12406
12454
12528
12238
12398
12301
12013
12274
11998
11848
12091
12110
11880
11900
11938
11868
11721
11925
11606
11646
11559
11568
11516
11556
11487
11256
11275
11291
11290
11310
11588
11327
11231
11148
11065
11092
10932
11140
11080
11012
10747
10973
10872
10808
10882
10850
10691
10656
10633
10615
10634
10466
10605
10661
10468
10594
10445
10496
10342
10197
10173
10272
10254
10069
10253
10120
10141
9951
9995
9979
9854
10051
9757
9796
9707
9691
9833
9692
9780
9729
9955
9694
9732
9559
9507
9420
9438
9560
9369
9387
9448
9147
9302
9096
9131
9245
9260
9200
9204
8915
8963
8942
8738
9238
8909
9004
9087
8811
8984
8773
8701
8813
8897
8566
8706
8587
8617
8673
8365
8518
8731
8310
8336
8510
8483
8377
8384
8336
8344
8236
8406
8116
8212
8145
8001
8133
8148
7919
8029
8048
7928
7962
7974
7771
7791
7970
7799
8040
7772
7754
7637
7672
7544
7735
7607
7635
7619
7704
7563
7766
7452
7508
7505
7424
7353
7251
7333
7419
7380
7329
7421
7350
7245
7180
7102
7209
7176
7154
7056
7137
7079
7123
7031
6865
7038
7062
6895
6941
6992
6879
6885
6711
6742
6777
6759
6882
6650
6584
6684
6621
6619
6535
6438
6628
6483
6608
6478
6446
6423
6463
6470
6342
6493
6367
6381
6441
6156
6234
6253
6232
6298
6338
6174
6062
6052
6281
6105
6109
6079
5905
6139
5962
5875
5974
5971
5901
6002
5892
5942
5756
5959
5779
5784
5795
5766
5768
5776
5703
5819
5652
5745
5751
5626
5652
5574
5545
5594
5570
5668
5560
5430
5436
5490
5506
5387
5495
5390
5336
5332
5129
5396
5202
5324
5341
5283
5113
5232
5194
5264
5231
5172
5111
5151
5043
4997
5161
5300
5075
4993
5007
5065
5024
5010
4961
4989
4800
4888
4805
5003
4906
4952
4839
4874
4831
4817
4770
4752
4781
4621
4691
4797
4666
4740
4785
4633
4733
4632
4489
4674
4562
4604
4486
4451
4479
4460
4572
4506
4350
4332
4346
4302
4414
4324
4442
4405
4484
4345
4419
4433
4352
4230
4248
4213
4263
4248
4334
4262
4244
4205
4154
4108
4105
4112
4279
4114
4145
4168
3962
4081
4165
4056
3990
3988
3995
4117
3918
3950
3953
4010
3950
4015
3866
3943
3777
3772
3810
3860
3833
3904
3814
3728
3780
3759
3671
3740
3717
3658
3639
3751
3699
3591
3585
3709
3581
3659
3577
3693
3571
3591
3674
3469
3545
3508
3619
3565
3535
3641
3447
3442
3404
3340
3478
3393
3310
3304
3270
3341
3425
3413
3297
3397
3350
3363
3237
3180
3280
3200
3281
3218
3180
3225
3230
3267
3153
3256
3253
3093
3117
3173
3205
3258
3125
3083
3034
3151
3035
2996
2989
2996
3057
3075
2978
3004
2998
3028
3054
2890
2981
2968
2948
3055
3007
2955
2937
2959
2850
2998
2862
2865
2856
2897
2881
2846
2825
2826
2720
2915
2844
2740
2704
2742
2703
2761
2747
2727
2681
2617
2666
2619
2704
2672
2646
2667
2694
2657
2686
2659
2575
2558
2650
2614
2540
2553
2588
2526
2540
2637
2572
2619
2475
2551
2579
2500
2494
2502
2458
2477
2539
2547
2538
2508
2401
2412
2484
2385
2396
2446
2326
2444
2383
2376
2297
2383
2275
2275
2346
2347
2325
2291
2356
2395
2259
2318
2309
2280
2290
2283
2172
2234
2258
2290
2248
2209
2172
2138
2111
2103
2138
2230
2225
2149
2150
2206
2089
2200
2201
2121
2067
2094
2119
2134
2021
2104
2036
2088
2100
2050
2018
1982
2054
2041
2026
2078
1980
2021
1974
2000
2015
1996
1979
1960
1981
1901
1995
1914
1954
1918
1943
1966
1931
1849
1848
1824
1850
1858
1875
1874
1839
1855
1827
1815
1873
1858
1780
1859
1758
1768
1856
1798
1814
1800
1740
1732
1750
1757
1732
1710
1748
1787
1690
1722
1711
1694
1700
1673
1745
1693
1720
1708
1707
1709
1651
1675
1692
1703
1616
1720
1695
1583
1654
1692
1609
1708
1569
1614
1614
1611
1612
1565
1623
1560
1545
1516
1612
1568
1518
1604
1578
1521
1538
1550
1543
1553
1546
1543
1531
1503
1526
1494
1437
1440
1402
1468
1500
1508
1481
1477
1482
1531
1520
1419
1446
1481
1425
1406
1408
1338
1463
1423
1416
1433
1416
1465
1310
1411
1423
1360
1423
1377
1363
1355
1326
1310
1358
1366
1332
1301
1289
1255
1362
1312
1268
1347
1271
1254
1317
1330
1283
1302
1265
1240
1264
1261
1214
1253
1245
1238
1267
1232
1229
1271
1187
1236
1215
1194
1308
1201
1229
1100
1098
1203
1151
1143
1155
1160
1196
1166
1196
1148
1132
1137
1157
1145
1173
1166
1232
1177
1091
1131
1106
1107
1118
1162
1039
1141
1161
1100
1088
1073
1075
1076
1063
1099
1034
1086
1061
1053
1106
1086
1070
1085
1007
997
987
1054
1051
1079
978
998
1055
1018
1021
1067
992
1051
995
1018
996
1014
998
969
1036
1008
1001
1018
984
1011
946
1007
929
976
1019
970
984
984
964
939
923
961
909
980
926
952
938
932
925
942
968
917
925
918
898
907
878
895
907
875
862
910
866
852
870
856
904
887
832
881
850
857
880
798
855
826
823
862
845
830
860
829
831
848
816
809
787
861
770
791
813
753
807
766
831
803
797
787
772
786
769
743
753
783
779
760
762
727
700
713
726
765
753
789
722
754
698
727
760
738
756
715
716
746
794
734
716
747
745
720
710
764
691
756
717
707
684
634
686
680
705
746
716
695
711
692
682
646
700
618
675
676
666
700
657
646
630
653
615
584
617
639
659
639
656
629
631
641
644
614
643
587
628
615
581
671
652
612
553
613
598
580
626
635
587
596
596
597
586
575
607
610
551
538
575
583
548
569
541
582
599
553
546
532
576
564
561
572
560
530
575
559
558
538
518
600
548
553
506
549
545
522
507
538
554
530
495
498
525
491
565
489
521
514
516
571
476
471
494
515
556
498
509
496
500
498
518
484
494
498
489
496
546
481
481
502
509
504
469
456
484
468
455
480
462
478
456
459
497
488
459
425
470
468
463
480
456
427
489
417
431
438
413
455
433
479
453
458
462
416
428
394
408
440
459
413
422
441
407
459
425
415
431
422
437
403
382
423
401
409
422
397
387
422
437
383
365
371
388
361
397
399
385
416
383
382
386
349
386
376
382
401
373
383
375
370
371
400
367
356
380
357
361
375
360
364
361
386
384
400
355
375
403
360
367
347
390
334
329
342
355
358
344
337
332
347
352
340
309
338
315
315
345
343
348
326
384
353
342
315
311
350
326
301
315
311
334
316
326
312
320
321
308
301
305
295
292
297
313
336
305
335
322
301
295
271
334
318
331
285
298
306
293
315
277
286
270
247
276
297
307
303
289
290
268
254
276
264
253
303
288
257
270
269
289
271
250
297
262
260
282
260
261
252
241
260
275
265
269
222
326
267
276
262
253
255
265
264
290
274
267
269
224
269
267
234
258
253
228
241
285
233
246
238
236
249
238
241
222
211
231
237
221
253
233
222
214
228
231
230
227
194
232
233
230
202
237
233
231
207
267
190
240
210
220
208
221
221
219
215
222
236
191
197
218
210
212
197
212
238
214
186
205
219
174
214
182
208
213
197
217
209
198
190
194
195
206
220
189
220
183
189
197
195
166
210
170
230
188
163
196
194
189
191
181
208
179
177
227
193
172
195
172
184
185
174
183
162
189
196
184
177
197
191
187
180
181
178
187
161
146
160
179
168
165
167
183
163
170
178
148
170
181
190
170
188
177
155
159
171
163
186
154
141
176
157
148
176
135
179
152
150
185
155
156
161
151
151
142
143
156
153
142
154
144
167
168
150
144
158
151
156
154
137
169
154
174
139
148
138
151
151
144
140
125
163
150
141
143
110
157
137
131
133
151
147
130
145
140
142
133
132
151
142
142
120
146
113
136
115
133
125
134
120
127
126
134
134
142
119
118
114
118
140
140
130
119
132
150
145
123
100
117
130
140
116
117
118
118
130
131
125
123
92
123
122
110
121
121
111
109
122
120
115
123
128
111
128
96
113
105
113
111
91
97
134
122
130
104
119
122
109
103
122
126
125
105
110
117
100
107
96
108
102
117
115
118
103
97
92
110
122
65
104
120
125
108
103
103
89
110
96
107
82
99
103
80
116
83
94
103
93
81
78
96
94
93
88
103
113
107
100
88
105
91
97
95
89
91
103
83
87
106
97
104
94
79
88
94
102
82
81
89
95
95
73
80
98
95
108
86
85
84
82
71
79
87
96
103
84
96
83
68
93
86
76
89
78
77
62
88
82
71
85
97
84
75
90
73
73
74
78
81
87
74
84
81
68
64
96
85
74
78
88
73
88
74
72
64
73
80
74
81
68
84
89
78
79
91
64
60
65
60
84
65
69
75
67
85
54
73
59
74
53
71
72
71
64
45
63
67
62
68
58
65
64
69
64
62
66
68
79
67
58
66
56
81
57
70
57
67
69
60
68
54
47
70
65
69
69
65
53
63
71
60
65
54
68
67
55
64
55
70
59
49
63
59
62
64
45
59
49
56
56
57
61
53
55
49
44
49
54
48
63
58
49
62
54
56
60
57
51
55
49
47
47
60
59
64
61
45
36
44
66
39
49
49
49
46
46
55
56
41
49
63
45
38
45
46
56
46
62
48
50
42
57
49
39
46
47
49
47
44
49
49
48
55
37
59
43
41
50
48
37
47
37
46
62
39
42
37
40
40
51
38
40
50
43
47
31
40
41
52
52
48
51
41
45
40
25
50
44
47
36
40
47
35
45
40
45
50
37
57
41
33
37
52
34
45
31
44
43
40
33
39
43
35
41
25
42
32
44
41
36
35
35
30
33
45
34
45
32
40
42
41
33
29
30
44
40
40
37
36
38
34
39
35
36
34
44
41
34
27
31
24
33
31
22
24
36
32
27
26
32
25
34
28
37
28
34
33
30
33
34
33
22
42
23
34
28
36
27
33
27
41
34
34
29
33
23
38
30
34
21
27
27
30
35
21
26
21
23
39
32
35
29
23
22
32
35
24
36
24
25
28
23
21
25
21
28
27
20
20
19
23
21
26
29
30
23
23
26
29
30
22
26
32
27
24
31
25
30
18
27
31
25
32
17
24
24
30
36
31
35
19
25
25
29
19
24
23
30
31
19
20
31
23
18
24
25
17
21
22
21
31
17
23
13
24
23
31
26
22
24
19
29
18
22
18
21
31
25
33
17
22
14
21
21
20
26
21
22
17
35
23
24
19
16
26
27
19
11
24
29
24
17
24
21
21
27
14
29
16
24
17
23
20
17
19
12
19
14
18
14
12
14
6
17
19
21
19
19
14
18
22
21
27
22
22
12
20
20
12
23
26
17
23
6
14
24
19
24
25
15
14
25
27
17
28
21
8
7
21
20
15
23
19
22
18
13
25
14
12
16
18
20
23
13
16
13
9
20
16
19
18
18
18
19
20
19
20
20
25
16
8
8
17
22
11
19
15
14
19
16
14
19
13
17
15
15
18
12
25
18
9
16
9
12
9
22
9
20
16
10
14
16
24
18
12
12
16
15
14
14
11
15
10
13
20
12
10
14
14
7
12
18
12
8
10
13
15
17
9
16
13
14
14
14
13
12
18
11
11
11
14
14
12
17
11
6
10
10
10
9
8
13
11
17
6
14
10
15
19
9
9
13
21
9
24
13
10
11
9
14
5
11
14
13
14
17
11
10
14
18
19
8
9
13
11
10
13
7
7
6
18
13
10
14
11
9
7
11
9
10
10
6
10
13
10
8
10
9
13
11
9
10
4
15
9
7
14
5
9
15
14
15
8
13
15
9
11
6
11
7
10
6
6
9
15
9
4
8
7
8
12
11
6
9
5
13
12
8
9
6
10
12
11
8
10
5
11
9
7
16
7
5
12
10
13
9
9
6
6
7
7
5
7
8
12
8
3
11
9
6
5
10
4
8
5
7
7
9
6
8
9
7
12
12
8
9
12
9
10
4
4
10
10
12
6
10
9
5
7
6
4
4
9
6
6
6
4
3
6
9
11
7
8
5
7
10
7
5
9
5
6
9
14
6
6
8
8
9
2
4
10
5
9
10
7
3
6
8
8
5
7
5
12
5
6
6
8
8
8
9
7
4
5
5
9
6
11
9
6
3
3
4
4
9
8
9
11
5
4
8
4
10
10
7
11
5
6
6
4
3
6
8
3
5
2
6
6
9
7
7
6
7
5
5
5
4
8
11
4
2
9
6
9
10
3
4
5
9
8
1
8
5
10
4
2
6
5
8
3
3
8
4
9
7
8
5
6
2
4
4
4
5
8
7
8
4
1
6
11
1
2
9
7
7
2
4
5
2
4
2
7
5
7
3
4
9
5
8
4
4
5
8
5
5
4
0
7
3
2
4
7
4
6
5
8
2
5
1
2
8
4
4
2
6
2
5
2
1
4
4
4
6
2
6
5
2
3
3
4
3
2
1
2
3
4
8
4
6
3
7
3
4
2
5
0
2
5
4
2
1
3
5
4
6
5
2
7
5
6
4
3
5
3
5
3
7
7
4
6
0
3
6
4
2
5
4
3
3
7
1
1
5
3
2
1
2
2
3
1
5
1
3
6
2
5
3
2
3
3
1
3
1
3
6
2
7
8
2
1
10
3
5
2
3
3
4
3
3
4
1
3
2
2
0
1
3
4
2
2
3
2
3
3
3
3
3
2
3
2
6
2
5
4
1
1
2
3
1
3
2
1
2
4
3
0
3
2
5
4
3
3
1
6
3
1
1
1
3
3
3
4
2
0
3
4
3
2
3
1
6
2
4
2
0
3
3
5
6
1
1
3
4
1
3
1
2
2
3
0
0
4
4
1
1
2
1
0
2
1
2
1
1
1
1
1
1
3
2
3
1
1
2
0
1
5
2
3
2
3
3
2
3
1
0
3
2
1
2
5
1
3
1
3
3
4
4
2
1
4
2
1
1
3
1
2
2
4
2
2
1
2
1
1
3
4
2
0
0
0
0
3
3
3
1
1
2
1
4
4
1
1
4
2
3
2
3
3
1
0
2
2
2
2
0
1
2
0
3
2
2
2
3
1
2
3
2
3
2
0
4
3
2
1
2
1
2
2
0
1
2
2
0
2
3
2
0
2
2
0
0
0
1
3
2
4
1
0
3
1
3
0
1
2
3
0
0
0
1
0
0
0
2
1
1
1
0
4
2
2
2
1
2
1
1
0
0
1
3
5
0
1
2
2
1
6
1
3
1
1
0
0
1
2
0
0
2
1
1
2
1
0
4
1
2
1
0
0
0
0
4
3
0
3
1
2
3
2
2
0
3
1
3
1
2
3
0
0
1
1
2
0
1
0
1
3
1
1
2
1
0
2
1
1
1
1
0
1
0
1
0
2
1
2
0
0
3
0
1
2
0
2
1
2
1
2
1
1
3
1
1
0
2
0
0
0
1
0
1
1
2
1
4
0
1
2
2
4
3
1
0
1
4
1
4
1
1
0
2
1
2
1
0
1
0
2
2
0
1
1
3
1
0
0
0
0
3
2
0
1
2
0
0
1
0
0
0
1
2
0
0
1
0
0
0
2
1
1
1
2
1
1
1
1
1
2
2
1
1
2
0
2
0
0
2
0
1
0
0
0
0
0
0
1
0
2
1
0
2
0
2
1
0
0
2
0
1
1
0
2
0
1
1
1
0
1
0
0
4
1
1
0
0
0
0
1
2
1
0
3
0
2
3
1
1
0
0
0
2
1
2
0
0
0
0
1
0
0
0
0
3
1
0
3
1
0
1
2
0
0
1
1
1
0
1
0
0
1
1
1
0
3
1
0
1
1
1
0
0
0
1
1
0
0
1
0
0
0
1
0
0
1
0
0
1
0
1
2
0
1
0
2
1
1
1
1
0
1
1
0
0
0
0
0
0
2
0
1
0
0
1
1
2
0
0
0
0
0
0
0
0
2
2
0
0
0
0
0
1
1
1
0
0
0
0
0
0
0
0
0
1
0
0
0
1
0
0
0
0
0
0
0
2
1
0
1
0
0
0
1
3
0
0
0
2
0
1
0
0
1
0
1
0
0
1
0
1
1
1
0
0
0
0
2
1
0
0
1
1
1
1
1
0
0
0
0
0
0
0
0
0
2
0
1
0
0
0
0
0
0
0
0
1
0
0
0
1
1
1
0
0
0
0
0
1
0
0
0
0
2
1
0
0
0
0
0
1
1
0
0
0
0
2
0
1
1
1
0
0
0
0
0
0
1
0
0
0
0
1
1
0
2
0
3
0
1
0
0
0
0
0
0
0
0
0
0
0
4
1
1
1
1
0
0
0
0
1
0
0
0
0
1
0
0
0
0
1
0
0
0
1
0
1
0
0
0
0
0
0
1
0
0
0
0
1
0
1
0
0
2
0
0
0
0
0
0
0
0
0
0
0
1
1
0
0
0
1
0
1
0
0
0
0
2
0
1
0
0
0
0
1
0
0
1
0
0
0
0
1
0
0
2
0
0
0
0
0
0
0
0
1
0
0
0
0
0
0
0
0
0
0
1
0
0
0
1
2
0
0
0
0
1
0
0
0
0
0
0
2
0
0
0
1
0
1
0
0
0
0
0
0
0
0
0
0
0
1
0
0
0
0
1
0
0
3
0
0
0
0
0
0
0
0
0
1
0
0
0
0
1
0
1
0
0
0
0
0
1
1
0
0
0
0
0
0
0
1
0
0
1
0
0
0
0
0
0
1
1
0
0
0
0
0
0
0
0
0
0
1
0
0
0
0
0
1
0
0
0
0
0
0
0
0
1
0
0
0
0
0
0
1
0
0
0
0
0
0
0
0
1
0
1
0
0
0
0
0
1
1
0
0
0
0
0
0
0
0
0
0
0
0
0
0
0
0
0
0
0
0
0
0
0
0
0
0
0
1
0
1
0
1
0
0
0
0
0
0
0
2
0
0
0
0
0
0
0
0
0
0
0
0
0
0
0
0
0
0
0
0
0
1
0
0
0
0
0
0
0
0
0
0
0
1
0
0
0
0
0
0
0
0
0
0
0
0
0
0
0
0
0
1
0
0
0
0
0
0
0
0
0
0
0
0
0
0
0
0
0
1
1
0
0
0
0
0
0
0
0
1
0
0
0
1
0
0
0
0
0
0
0
0
0
0
0
0
1
0
0
1
0
0
0
1
0
1
0
0
0
0
0
0
0
0
0
1
0
1
1
0
0
0
0
0
0
1
0
0
0
1
0
0
0
0
1
1
0
0
0
0
0
0
0
0
0
0
0
0
0
0
0
0
0
0
0
0
0
0
0
0
1
0
0
0
0
0
0
0
0
0
0
0
0
0
0
0
0
0
0
0
0
0
0
0
0
0
0
0
0
0
0
0
0
0
0
0
0
0
1
0
0
0
0
0
0
0
0
0
0
0
0
0
1
0
0
0
0
0
1
0
0
0
0
0
0
0
0
0
0
0
0
0
0
0
0
0
0
0
0
0
0
0
0
1
0
1
0
0
0
0
0
1
0
0
0
1
0
0
0
0
0
0
0
0
0
1
0
0
0
0
0
0
0
0
0
0
0
0
0
0
0
0
0
0
0
0
0
0
0
0
0
0
0
0
0
0
0
0
0
0
1
0
0
0
0
0
0
0
0
0
0
0
0
1
0
0
0
0
0
0
0
1
0
1
0
0
0
0
0
0
0
0
0
0
0
1
0
0
0
0
0
0
0
0
0
0
0
0
0
0
0
0
0
0
0
0
0
0
0
0
0
0
0
0
0
0
0
1
0
0
0
0
0
0
0
0
0
0
0
0
0
0
0
0
0
0
0
0
0
0
0
1
1
0
0
0
0
0
0
0
0
0
0
0
0
0
1
0
0
0
0
0
0
1
0
0
0
0
0
0
0
0
0
0
0
0
0
0
0
0
0
0
0
0
0
0
0
0
0
0
0
0
0
0
0
0
0
0
0
0
0
0
0
0
0
0
0
0
0
0
0
0
0
0
0
0
0
0
0
0
0
0
0
0
0
0
0
0
0
0
0
0
0
0
0
0
0
0
0
0
0
0
0
0
0
0
0
0
0
0
0
0
0
0
0
0
0
0
0
0
0
0
0
0
0
0
0
0
0
0
0
0
0
0
0
0
0
0
0
0
0
0
0
0
0
0
0
0
0
0
0
0
0
0
0
0
0
0
0
0
0
0
0
1
0
0
0
0
0
0
0
0
0
0
0
0
0
0
0
0
0
0
0
0
0
0
0
0
1
0
0
0
0
0
0
0
0
0
1
0
0
0
0
0
0
0
0
0
0
0
0
0
1
0
0
0
0
0
0
0
0
0
0
0
1
0
0
0
0
0
0
0
0
1
0
0
0
0
0
1
0
0
0
0
0
0
0
0
0
0
0
0
0
0
0
0
0
0
0
0
1
0
0
0
0
0
0
0
0
0
0
0
0
0
0
0
0
0
0
0
0
0
0
0
0
0
0
0
0
0
0
0
0
0
0
0
0
0
0
0
0
0
0
0
0
0
0
0
0
0
0
0
0
0
0
0
0
0
0
0
0
0
0
0
0
0
0
0
0
0
0
1
0
0
0
0
0
0
0
0
0
0
0
0
0
0
0
0
0
0
0
0
0
0
0
0
0
0
0
0
0
0
0
0
0
0
0
0
0
0
0
0
0
0
0
0
0
0
0
0
0
0
0
0
0
0
0
0
0
1
0
0
0
0
1
0
0
0
0
0
0
0
0
0
0
0
0
0
0
0
0
0
0
0
0
0
0
0
0
0
0
0
0
0
0
0
0
0
0
0
0
0
0
0
0
0
0
0
0
0
0
0
0
1
0
0
0
0
0
0
0
0
0
0
0
0
0
0
0
0
0
0
0
0
0
0
0
0
0
0
0
0
0
0
0
0
0
0
0
0
0
0
0
0
0
0
0
0
0
0
0
0
0
0
0
0
0
0
0
0
0
0
0
0
0
0
0
0
0
0
0
0
0
0
0
0
0
0
0
0
0
0
0
0
0
0
0
0
0
0
0
0
0
0
0
0
0
0
0
0
0
0
0
0
0
0
0
0
0
0
0
0
0
0
0
0
0
0
0
0
0
0
0
0
0
0
0
0
0
0
0
0
0
0
0
0
0
0
0
0
0
0
0
0
0
0
0
0
0
0
0
0
0
0
0
0
0
0
0
0
0
0
0
0
0
0
0
0
0
0
0
0
0
0
0
0
0
0
0
0
0
0
0
0
0
0
0
0
0
0
0
0
0
0
0
0
0
0
0
0
0
0
0
0
0
0
0
0
0
0
0
0
0
0
0
0
0
0
0
0
0
0
0
0
0
0
0
0
0
0
0
0
0
0
0
0
0
0
0
0
0
0
0
0
0
0
0
0
0
0
0
0
0
0
0
0
0
0
0
0
0
0
0
0
0
0
0
0
0
0
0
0
0
0
0
0
0
0
0
0
0
0
0
0
0
0
0
0
0
0
0
0
0
0
0
0
0
0
0
0
0
0
0
0
0
0
0
0
0
0
0
1
0
0
0
0
0
0
0
0
0
0
0
0
0
0
0
0
0
0
0
0
0
0
0
0
0
0
0
0
0
0
0
0
0
0
0
0
0
0
0
0
0
0
0
0
0
0
0
0
0
0
0
0
0
0
0
0
0
0
0
0
0
0
0
0
0
0
0
0
0
0
0
0
0
0
0
0
0
0
0
0
0
0
0
0
0
0
0
0
0
0
0
0
0
0
0
0
0
0
0
0
0
0
0
0
0
0
0
0
0
0
0
0
0
0
0
0
0
0
0
0
0
0
0
0
0
0
0
0
0
0
0
0
0
0
0
0
0
0
0
0
0
0
0
0
0
0
0
0
0
0
0
0
0
0
0
0
0
0
0
0
0
0
0
0
0
0
0
0
0
0
0
0
0
0
0
0
0
0
0
0
0
0
0
0
0
0
0
0
0
0
0
0
0
0
0
0
0
0
0
0
0
0
0
0
0
0
0
0
0
0
0
0
0
0
0
0
0
0
0
0
0
0
0
0
0
0
0
0
0
0
0
0
0
0
0
0
0
0
0
0
0
0
0
0
0
0
0
0
0
0
0
0
0
0
0
0
0
0
0
0
0
0
0
0
0
0
0
0
0
0
0
0
0
0
0
0
0
0
0
0
0
0
0
0
0
0
0
0
0
0
0
0
0
0
0
0
0
0
0
0
0
0
0
0
0
0
0
0
0
0
0
0
0
0
0
0
0
0
0
0
0
0
0
0
0
0
0
0
0
0
0
0
0
0
0
0
0
0
0
0
0
0
0
0
0
0
0
0
0
0
0
0
1
0
0
0
0
0
0
0
0
0
0
0
1
0
0
0
0
0
0
0
0
0
0
0
0
0
0
0
0
0
0
0
0
0
0
0
0
0
0
0
0
0
0
0
0
0
0
0
0
0
0
0
0
0
0
0
0
0
0
0
0
0
0
0
0
0
0
0
0
0
0
0
0
0
0
0
0
0
0
0
0
0
0
0
0
0
0
0
0
0
0
0
0
0
0
0
0
0
0
0
0
0
0
0
0
0
0
0
0
0
0
0
0
0
0
0
0
0
0
0
0
0
0
0
0
0
0
0
0
0
0
0
0
0
0
0
0
0
0
0
0
0
0
0
0
0
0
0
0
0
0
0
0
0
0
0
0
0
0
0
0
0
0
0
0
0
0
0
0
0
0
0
0
0
0
0
0
0
0
0
0
0
0
0
0
0
0
0
0
0
0
0
0
0
0
0
0
0
0
0
0
0
0
0
0
0
0
0
0
0
0
0
0
0
0
0
0
0
0
0
0
0
0
0
0
0
0
0
0
0
0
0
0
0
0
0
0
0
0
0
0
0
0
0
0
0
0
0
0
0
0
0
0
0
0
0
0
0
0
0
0
0
0
0
0
0
0
0
0
0
0
0
0
0
0
0
0
0
0
0
0
0
0
0
0
0
0
0
0
0
0
0
0
0
0
0
0
0
0
0
0
0
0
0
0
0
0
0
0
0
0
0
0
0
0
0
0
0
0
0
0
0
0
0
0
0
0
0
0
0
0
0
0
0
0
0
0
0
0
0
0
0
0
0
0
0
0
0
0
0
0
0
0
0
0
0
0
0
0
0
0
0
0
0
0
0
0
0
0
0
0
0
0
0
0
0
0
0
0
0
0
0
0
0
0
0
0
0
0
0
0
0
0
0
0
0
0
0
0
0
0
0
0
0
0
0
0
0
0
0
0
0
0
0
0
0
0
0
0
0
0
0
0
0
0
0
0
0
0
0
0
0
0
0
0
0
0
0
0
0
0
0
0
0
0
0
0
0
0
0
0
0
0
0
0
0
0
0
0
0
0
0
0
0
0
0
0
0
0
0
0
0
0
0
0
0
0
0
0
0
0
0
0
0
0
0
0
0
0
0
0
0
0
0
0
0
0
0
0
0
0
0
0
0
0
0
0
0
0
0
0
0
0
0
0
0
0
0
0
0
0
0
0
0
0
0
0
0
0
0
0
0
0
0
0
0
0
0
0
0
0
0
0
0
0
0
0
0
0
0
0
0
0
0
0
0
0
0
0
0
0
0
0
0
0
0
0
0
0
0
0
0
0
0
0
0
0
0
0
0
0
0
0
0
0
0
0
0
0
0
0
0
0
0
0
0
0
0
0
0
0
0
0
0
0
0
0
0
0
0
0
0
0
0
0
0
0
0
0
0
0
0
0
0
0
0
0
0
0
0
0
0
0
0
0
0
0
0
0
0
0
0
0
0
0
0
0
0
0
0
0
0
0
0
0
0
0
0
0
0
0
0
0
0
0
0
0
0
0
0
0
0
0
0
0
0
0
0
0
0
0
0
0
0
0
0
0
0
0
0
0
0
0
0
0
0
0
0
0
0
0
0
0
0
0
0
0
0
0
0
0
0
0
0
0
0
0
0
0
0
0
0
0
0
0
0
0
0
0
0
0
0
0
0
0
0
0
0
0
0
0
0
0
0
0
0
0
0
0
0
0
0
0
0
0
0
0
0
0
0
0
0
0
0
0
0
0
0
0
0
0
0
0
0
0
0
0
0
0
0
0
0
0
0
0
0
0
0
0
0
0
0
0
0
0
0
0
0
0
0
0
0
0
0
0
0
0
0
0
0
0
0
0
0
0
0
0
0
0
0
0
0
0
0
0
0
0
0
0
0
0
0
0
0
0
0
0
0
0
0
0
0
0
0
0
0
0
0
0
0
0
0
0
0
0
0
0
0
0
0
0
0
0
0
0
0
0
0
0
0
0
0
0
0
0
0
0
0
0
0
0
0
0
0
0
0
0
0
0
0
0
0
0
0
0
0
0
0
0
0
0
0
0
0
0
0
0
0
0
0
0
0
0
0
0
0
0
0
0
0
0
0
0
0
0
0
0
0
0
0
0
0
0
0
0
0
0
0
0
0
0
0
0
0
0
0
0
0
0
0
0
0
0
0
0
0
0
0
0
0
0
0
0
0
0
0
0
0
0
0
0
0
0
0
0
0
0
0
0
0
0
0
0
0
0
0
0
0
0
0
0
0
0
0
0
0
0
0
0
0
0
0
0
0
0
0
0
0
0
0
0
0
0
0
0
0
0
0
0
0
0
0
0
0
0
0
0
0
0
0
0
0
0
0
0
0
0
0
0
0
0
0
0
0
0
0
0
0
0
0
0
0
0
0
0
0
0
0
0
0
0
0
0
0
0
0
0
0
0
0
0
0
0
0
0
0
0
0
0
0
0
0
0
0
0
0
0
0
0
0
0
0
0
0
0
0
0
0
0
0
0
0
0
0
0
0
0
0
0
0
0
0
0
0
0
0
0
0
0
0
0
0
0
0
0
0
0
0
0
0
0
0
0
0
0
0
0
0
0
0
0
0
0
0
0
0
0
0
0
0
0
0
0
0
0
0
0
0
0
0
0
0
0
0
0
0
0
0
0
0
0
0
0
0
0
0
0
0
0
0
0
0
0
0
0
0
0
0
0
0
0
0
0
0
0
0
0
0
0
0
0
0
0
0
0
0
0
0
0
0
0
0
0
0
0
0
0
0
0
0
0
0
0
0
0
0
0
0
0
0
0
0
0
0
0
0
0
0
0
0
0
0
0
0
0
0
0
0
0
0
0
0
0
0
0
0
0
0
0
0
0
0
0
0
0
0
0
0
0
0
0
0
0
0
0
0
0
0
0
0
0
0
0
0
0
0
0
0
0
0
0
0
0
0
0
0
0
0
0
0
0
0
0
0
0
0
0
0
0
0
0
0
0
0
0
0
0
0
0
0
0
0
0
0
0
0
0
0
0
0
0
0
0
0
0
0
0
0
0
0
0
0
0
0
0
0
0
0
0
0
0
0
0
0
0
0
0
0
0
0
0
0
0
0
0
0
0
0
0
0
0
0
0
0
0
0
0
0
0
0
0
0
0
0
0
0
0
0
0
0
0
0
0
0
0
0
0
0
0
0
0
0
0
0
0
0
0
0
0
0
0
0
0
0
0
0
0
0
0
0
0
0
0
0
0
0
0
0
0
0
0
0
0
0
0
0
0
0
0
0
0
0
0
0
0
0
0
0
0
0
0
0
0
0
0
0
0
0
0
0
0
0
0
0
0
0
0
0
0
0
0
0
0
0
0
0
0
0
0
0
0
0
0
0
0
0
0
0
0
0
0
0
0
0
0
0
0
0
0
0
0
0
0
0
0
0
0
0
0
0
0
0
0
0
0
0
0
0
0
0
0
0
0
0
0
0
0
0
0
0
0
0
0
0
0
0
0
0
0
0
0
0
0
0
0
0
0
0
0
0
0
0
0
0
0
0
0
0
0
0
0
0
0
0
0
0
0
0
0
0
0
0
0
0
0
0
0
0
0
0
0
0
0
0
0
0
0
0
0
0
0
0
0
0
0
0
0
0
0
0
0
0
0
0
0
0
0
0
0
0
0
0
0
0
0
0
0
0
0
0
0
0
0
0
0
0
0
0
0
0
0
0
0
0
0
0
0
0
0
0
0
0
0
0
0
0
0
0
0
0
0
0
0
0
0
0
0
0
0
0
0
0
0
0
0
0
0
0
0
0
0
0
0
0
0
0
0
0
0
0
0
0
0
0
0
0
0
0
0
0
0
0
0
0
0
0
0
0
0
0
0
0
0
0
0
0
0
0
0
0
0
0
0
0
0
0
0
0
0
0
0
0
0
0
0
0
0
0
0
0
0
0
0
0
0
0
0
0
0
0
0
0
0
0
0
0
0
0
0
0
0
0
0
0
0
0
0
0
0
0
0
0
0
0
0
0
0
0
0
0
0
0
0
0
0
0
0
0
0
0
0
0
0
0
0
0
0
0
0
0
0
0
0
0
0
0
0
0
0
0
0
0
0
0
0
0
0
0
0
0
0
0
0
0
0
0
0
0
0
0
0
0
0
0
0
0
0
0
0
0
0
0
0
0
0
0
0
0
0
0
0
0
0
0
0
0
0
0
0
0
0
0
0
0
0
0
0
0
0
0
0
0
0
0
0
0
0
0
0
0
0
0
0
0
0
0
0
0
0
0
0
0
0
0
0
0
0
0
0
0
0
0
0
0
0
0
0
0
0
0
0
0
0
0
0
0
0
0
0
0
0
0
0
0
0
0
0
0
0
0
0
0
0
0
0
0
0
0
0
0
0
0
0
0
0
0
0
0
0
0
0
0
0
0
0
0
0
0
0
0
0
0
0
0
0
0
0
0
0
0
0
0
0
0
0
0
0
0
0
0
0
0
0
0
0
0
0
0
0
0
0
0
0
0
0
0
0
0
0
0
0
0
0
0
0
0
0
0
0
0
0
0
0
0
0
0
0
0
0
0
0
0
0
0
0
0
0
0
0
0
0
0
0
0
0
0
0
0
0
0
0
0
0
0
0
0
0
0
0
0
0
0
0
0
0
0
0
0
0
0
0
0
0
0
0
0
0
0
0
0
0
0
0
0
0
0
0
0
0
0
0
0
0
0
0
0
0
0
0
0
0
0
0
0
0
0
0
0
0
0
0
0
0
0
0
0
0
0
0
0
0
0
0
0
0
0
0
0
0
0
0
0
0
0
0
0
0
0
0
0
0
0
0
0
0
0
0
0
0
0
0
0
0
0
0
0
0
0
0
0
0
0
0
0
0
0
0
0
0
0
0
0
0
0
0
0
0
0
0
0
0
0
0
0
0
0
0
0
0
0
0
0
0
0
0
0
0
0
0
0
0
0
0
0
0
0
0
0
0
0
0
0
0
0
0
0
0
0
0
0
0
0
0
0
0
0
0
0
0
0
0
0
0
0
0
0
0
0
0
0
0
0
0
0
0
0
0
0
0
0
0
0
0
0
0
0
0
0
0
0
0
0
0
0
0
0
0
0
0
0
0
0
0
0
0
0
0
0
0
0
0
0
0
0
0
0
0
0
0
0
0
0
0
0
0
0
0
0
0
0
0
0
0
0
0
0
0
0
0
0
0
0
0
0
0
0
0
0
0
0
0
0
0
0
0
0
0
0
0
0
0
0
0
0
0
0
0
0
0
0
0
0
0
0
0
0
0
0
0
0
0
0
0
0
0
0
0
0
0
0
0
0
0
0
0
0
0
0
0
0
0
0
0
0
0
0
0
0
0
0
0
0
0
0
0
0
0
0
0
0
0
0
0
0
0
0
0
0
0
0
0
0
0
0
0
0
0
0
0
0
0
0
0
0
0
0
0
0
0
0
0
0
0
0
0
0
0
0
0
0
0
0
0
0
0
0
0
0
0
0
0
0
0
0
0
0
0
0
0
0
0
0
0
0
0
0
0
0
0
0
0
0
0
0
0
0
0
0
0
0
0
0
0
0
0
0
0
0
0
0
0
0
0
0
0
0
0
0
0
0
0
0
0
0
0
0
0
0
0
0
0
0
0
0
0
0
0
0
0
0
0
0
0
0
0
0
0
0
0
0
0
0
0
0
0
0
0
0
0
0
0
0
0
0
0
0
0
0
0
0
0
0
0
0
0
0
0
0
0
0
0
0
0
0
0
0
0
0
0
0
0
0
0
0
0
0
0
0
0
0
0
0
0
0
0
0
0
0
0
0
0
0
0
0
0
0
0
0
0
0
0
0
0
0
0
0
0
0
0
0
0
0
0
0
0
0
0
0
0
0
0
0
0
0
0
0
0
0
0
0
0
0
0
0
0
0
0
0
0
0
0
0
0
0
0
0
0
0
0
0
0
0
0
0
0
0
0
0
0
0
0
0
0
0
0
0
0
0
0
0
0
0
0
0
0
0
0
0
0
0
0
0
0
0
0
0
0
0
0
0
0
0
0
0
0
0
0
0
0
0
0
0
0
0
0
0
0
0
0
0
0
0
0
0
0
0
0
0
0
0
0
0
0
0
0
0
0
0
0
0
0
0
0
0
0
0
0
0
0
0
0
0
0
0
0
0
0
0
0
0
0
0
0
0
0
0
0
0
0
0
0
0
0
0
0
0
0
0
0
0
0
0
0
0
0
0
0
0
0
0
0
0
0
0
0
0
0
0
0
0
0
0
0
0
0
0
0
0
0
0
0
0
0
0
0
0
0
0
0
0
0
0
0
0
0
0
0
0
0
0
0
0
0
0
0
0
0
0
0
0
0
0
0
0
0
0
0
0
0
0
0
0
0
0
0
0
0
0
0
0
0
0
0
0
0
0
0
0
0
0
0
0
0
0
0
0
0
0
0
0
0
0
0
0
0
0
0
0
0
0
0
0
0
0
0
0
0
0
0
0
0
0
0
0
0
0
0
0
0
0
0
0
0
0
0
0
0
0
0
0
0
0
0
0
0
0
0
0
0
0
0
0
0
0
0
0
0
0
0
0
0
0
0
0
0
0
0
0
0
0
0
0
0
0
0
0
0
0
0
0
0
0
0
0
0
0
0
0
0
0
0
0
0
0
0
0
0
0
0
0
0
0
0
0
0
0
0
0
0
0
0
0
0
0
0
0
0
0
0
0
0
0
0
0
0
0
0
0
0
0
0
0
0
0
0
0
0
0
0
0
0
0
0
0
0
0
0
0
0
0
0
0
0
0
0
0
0
0
0
0
0
0
0
0
0
0
0
0
0
0
0
0
0
0
0
0
0
0
0
0
0
0
0
0
0
0
0
0
0
0
0
0
0
0
0
0
0
0
0
0
0
0
0
0
0
0
0
0
0
0
0
0
0
0
0
0
0
0
0
0
0
0
0
0
0
0
0
0
0
0
0
0
0
0
0
0
0
0
0
0
0
0
0
0
0
0
0
0
0
0
0
0
0
0
0
0
0
0
0
0
0
0
0
0
0
0
0
0
0
0
0
0
0
0
0
0
0
0
0
0
0
0
0
0
0
0
0
0
0
0
0
0
0
0
0
0
0
0
0
0
0
0
0
0
0
0
0
0
0
0
0
0
0
0
0
0
0
0
0
0
0
0
0
0
0
0
0
0
0
0
0
0
0
0
0
0
0
0
0
0
0
0
0
0
0
0
0
0
0
0
0
0
0
0
0
0
0
0
0
0
0
0
0
0
0
0
0
0
0
0
0
0
0
0
0
0
0
0
0
0
0
0
0
0
0
0
0
0
0
0
0
0
0
0
0
0
0
0
0
0
0
0
0
0
0
0
0
0
0
0
0
0
0
0
0
0
0
0
0
0
0
0
0
0
0
0
0
0
0
0
0
0
0
0
0
0
0
0
0
0
0
0
0
0
0
0
0
0
0
0
0
0
0
0
0
0
0
0
0
0
0
0
0
0
0
0
0
0
0
0
0
0
0
0
0
0
0
0
0
0
0
0
0
0
0
0
0
0
0
0
0
0
0
0
0
0
0
0
0
0
0
0
0
0
0
0
0
0
0
0
0
0
0
0
0
0
0
0
0
0
0
0
0
0
0
0
0
0
0
0
0
0
0
0
0
0
0
0
0
0
0
0
0
0
0
0
0
0
0
0
0
0
0
0
0
0
0
0
0
0
0
0
0
0
0
0
0
0
0
0
0
0
0
0
0
0
0
0
0
0
0
0
0
0
0
0
0
0
0
0
0
0
0
0
0
0
0
0
0
0
0
0
0
0
0
0
0
0
0
0
0
0
0
0
0
0
0
0
0
0
0
0
0
0
0
0
0
0
0
0
0
0
0
0
0
0
0
0
0
0
0
0
0
0
0
0
0
0
0
0
0
0
0
0
0
0
0
0
0
0
0
0
0
0
0
0
0
0
0
0
0
0
0
0
0
0
0
0
0
0
0
0
0
0
0
0
0
0
0
0
0
0
0
0
0
0
0
0
0
0
0
0
0
0
0
0
0
0
0
0
0
0
0
0
0
0
0
0
0
0
0
0
0
0
0
0
0
0
0
0
0
0
0
0
0
0
0
0
0
0
0
0
0
0
0
0
0
0
0
0
0
0
0
0
0
0
0
0
0
0
0
0
0
0
0
0
0
0
0
0
0
0
0
0
0
0
0
0
0
0
0
0
0
0
0
0
0
0
0
0
0
0
0
0
0
0
0
0
0
0
0
0
0
0
0
0
0
0
0
0
0
0
0
0
0
0
0
0
0
0
0
0
0
0
0
0
0
0
0
0
0
0
0
0
0
0
0
0
0
0
0
0
0
0
0
0
0
0
0
0
0
0
0
0
0
0
0
0
0
0
0
0
0
0
0
0
0
0
0
0
0
0
0
0
0
0
0
0
0
0
0
0
0
0
0
0
0
0
0
0
0
0
0
0
0
0
0
0
0
0
0
0
0
0
0
0
0
0
0
0
0
0
0
0
0
0
0
0
0
0
0
0
0
0
0
0
0
0
0
0
0
0
0
0
0
0
0
0
0
0
0
0
0
0
0
0
0
0
0
0
0
0
0
0
0
0
0
0
0
0
0
0
0
0
0
0
0
0
0
0
0
0
0
0
0
0
0
0
0
0
0
0
0
0
0
0
0
0
0
0
0
0
0
0
0
0
0
0
0
0
0
0
0
0
0
0
0
0
0
0
0
0
0
0
0
0
0
0
0
0
0
0
0
0
0
0
0
0
0
0
0
0
0
0
0
0
0
0
0
0
0
0
0
0
0
0
0
0
0
0
0
0
0
0
0
0
0
0
0
0
0
0
0
0
0
0
0
0
0
0
0
0
0
0
0
0
0
0
0
0
0
0
0
0
0
0
0
0
0
0
0
0
0
0
0
0
0
0
0
0
0
0
0
0
0
0
0
0
0
0
0
0
0
0
0
0
0
0
0
0
0
0
0
0
0
0
0
0
0
0
0
0
0
0
0
0
0
0
0
0
0
0
0
0
0
0
0
0
0
0
0
0
0
0
0
0
0
0
0
0
0
0
0
0
0
0
0
0
0
0
0
0
0
0
0
0
0
0
0
0
0
0
0
0
0
0
0
0
0
0
0
0
0
0
0
0
0
0
0
0
0
0
0
0
0
0
0
0
0
0
0
0
0
0
0
0
0
0
0
0
0
0
0
0
0
0
0
0
0
0
0
0
0
0
0
0
0
0
0
0
0
0
0
0
0
0
0
0
0
0
0
0
0
0
0
0
0
0
0
0
0
0
0
0
0
0
0
0
0
0
0
0
0
0
0
0
0
0
0
0
0
0
0
0
0
0
0
0
0
0
0
0
0
0
0
0
0
0
0
0
0
0
0
0
0
0
0
0
0
0
0
0
0
0
0
0
0
0
0
0
0
0
0
0
0
0
0
0
0
0
