943284
3.38649e+06
6.90326e+06
7.7145e+06
5.43936e+06
2.82549e+06
1.20359e+06
448310
152301
48172
14844
4395
1491
634
405
303
268
288
240
267
279
298
264
234
255
272
244
261
266
267
244
278
260
296
248
259
249
287
285
261
274
284
289
279
258
293
218
267
293
247
275
245
261
241
280
263
243
259
254
291
237
269
255
243
244
261
241
274
272
258
282
254
262
245
238
284
244
276
230
268
265
224
248
266
248
234
272
237
244
251
250
284
277
254
237
292
280
242
254
241
238
263
256
246
237
239
266
251
245
261
213
260
237
243
272
240
225
267
214
260
236
230
251
225
250
227
242
248
254
240
256
250
241
240
240
232
250
228
219
223
243
238
241
234
251
235
238
236
255
224
253
239
252
252
231
251
234
253
243
204
220
206
263
223
244
211
175
254
241
221
228
226
243
226
226
227
240
265
216
232
212
223
234
263
253
234
226
241
213
255
213
204
210
249
225
233
215
233
251
233
238
252
205
243
236
237
228
236
237
247
200
198
204
223
233
209
196
230
201
245
253
222
241
211
249
224
216
187
230
214
217
231
229
220
218
195
208
214
205
231
221
231
227
214
245
223
211
237
208
207
243
214
235
226
200
250
226
216
217
219
217
227
216
219
217
216
184
233
238
226
237
228
206
225
245
188
227
207
232
232
213
214
230
234
174
233
211
259
243
246
221
192
217
221
235
235
231
232
232
217
219
236
236
210
219
207
200
221
218
227
216
219
219
218
227
222
216
251
210
215
238
227
202
219
234
219
218
219
255
238
242
187
234
219
202
219
214
237
216
215
219
221
213
226
209
244
229
221
199
247
235
209
207
232
245
239
225
255
234
239
213
229
210
209
219
217
219
215
215
225
232
194
212
199
235
181
198
218
220
217
230
214
232
228
227
210
264
219
245
194
243
235
202
241
203
224
209
216
241
221
256
211
225
233
211
212
210
237
214
209
206
240
202
237
211
212
226
214
217
235
236
219
203
249
242
222
231
195
233
222
221
229
225
247
218
209
241
212
239
252
216
252
214
224
224
220
258
211
219
218
228
211
205
221
241
224
209
243
218
222
247
241
216
227
233
222
252
234
209
258
235
247
209
225
228
259
234
260
258
226
227
219
212
235
232
208
227
216
234
231
262
232
238
237
235
207
220
235
229
253
216
209
217
241
244
226
221
220
247
240
221
231
245
228
250
242
244
219
257
226
224
251
241
209
256
215
230
236
204
221
270
219
256
219
228
220
230
263
224
227
224
248
231
211
232
231
256
256
245
238
234
217
261
245
218
233
256
233
229
219
212
237
259
220
256
212
251
264
222
239
240
256
250
268
236
225
270
215
246
237
234
236
226
220
270
237
232
253
264
246
258
256
233
269
227
252
274
261
242
242
284
253
229
237
244
256
259
252
223
287
261
234
235
232
254
269
208
282
247
259
297
261
270
253
233
257
240
237
248
239
231
247
244
262
256
258
242
227
253
239
257
281
253
268
252
278
270
261
288
238
280
243
253
243
238
262
273
267
249
269
225
279
234
259
272
236
259
279
276
269
248
251
285
247
250
273
265
245
230
256
257
257
252
259
258
256
284
233
263
268
234
269
261
251
256
257
228
256
231
257
233
284
244
241
212
227
268
287
240
274
259
259
246
231
264
219
231
248
258
280
256
268
215
269
258
237
248
266
261
282
258
244
265
234
233
237
257
244
229
258
244
250
252
249
239
266
247
224
270
256
284
250
265
277
256
259
265
271
219
239
259
275
292
264
278
285
253
272
235
256
267
259
266
266
245
237
254
281
297
257
252
247
274
268
274
281
264
285
299
297
289
261
286
242
289
274
283
290
301
294
281
243
294
312
287
274
294
288
267
291
338
307
290
305
294
313
319
286
290
282
286
332
313
298
316
296
285
287
327
305
284
306
349
335
337
331
307
314
313
303
347
323
344
326
367
317
311
333
294
334
334
326
320
306
360
328
353
322
331
367
337
361
337
332
360
337
308
361
320
320
369
374
339
329
313
360
353
327
345
334
329
353
367
334
293
320
371
322
365
324
359
361
325
359
372
342
363
367
338
379
355
378
348
319
340
376
343
359
361
345
355
364
328
362
345
344
362
318
357
330
353
344
364
348
337
398
326
352
346
353
368
362
327
367
348
342
343
334
359
362
351
351
320
365
286
367
319
335
321
300
338
313
339
342
304
305
315
310
321
314
344
331
335
336
364
292
340
329
366
292
331
335
343
323
349
302
329
329
330
352
314
328
293
326
334
322
330
302
314
338
329
335
325
342
314
319
319
314
337
327
301
329
308
318
328
317
358
334
354
346
339
331
326
303
311
322
294
277
301
336
319
315
319
324
345
327
300
325
323
312
346
318
303
339
327
303
291
348
296
311
320
322
327
315
302
302
357
332
312
297
340
348
312
324
337
306
332
326
313
305
315
294
308
324
281
330
297
317
314
292
310
309
322
300
344
331
341
295
305
291
338
310
296
300
312
329
318
272
268
299
289
302
299
307
317
308
281
325
334
304
285
331
306
301
296
319
267
298
316
320
297
319
293
299
279
314
305
297
301
279
275
286
293
287
271
288
283
305
303
293
299
295
276
305
316
284
278
283
279
301
298
293
294
304
288
261
279
301
278
302
283
276
268
265
278
265
266
286
277
287
284
276
262
273
290
307
306
289
286
297
291
252
272
291
253
287
272
295
269
284
280
297
268
316
296
266
276
300
269
281
294
277
281
293
305
302
289
295
293
304
270
313
296
293
318
285
283
287
333
276
267
299
267
293
259
290
254
231
269
267
286
266
277
264
249
282
261
271
316
284
281
279
266
278
266
270
237
264
296
293
258
272
283
248
297
284
274
298
297
279
289
267
279
273
299
287
261
267
294
276
278
278
262
236
268
311
271
236
290
253
270
265
280
276
301
270
263
286
266
257
265
241
248
244
250
259
286
276
268
302
257
232
275
263
259
272
303
271
254
266
267
265
288
259
273
263
285
273
238
278
282
272
279
242
241
257
250
300
273
278
261
269
267
261
280
275
256
280
260
258
263
291
265
242
259
296
258
242
255
248
247
262
283
241
247
260
244
265
257
271
263
282
256
270
275
241
256
269
272
277
268
260
293
310
268
270
263
257
288
250
250
274
296
299
278
242
264
281
281
269
254
278
282
258
262
271
292
251
277
280
293
271
256
250
285
262
257
254
272
290
300
248
270
252
260
275
267
270
254
294
290
256
274
274
302
277
279
284
274
272
258
266
258
278
259
302
266
272
283
306
282
282
266
286
286
306
269
305
257
250
257
275
287
271
298
281
282
267
287
278
271
290
261
267
269
291
264
267
287
315
292
285
309
294
298
268
277
272
289
258
281
268
260
278
277
270
317
270
291
309
289
311
302
267
276
294
275
260
287
274
263
298
308
278
259
313
302
275
282
253
255
262
290
280
266
232
288
293
271
271
279
253
278
282
278
249
264
268
275
289
274
258
286
281
301
244
276
262
264
262
283
258
276
297
265
299
259
270
294
265
301
292
298
291
286
277
248
286
263
282
292
272
274
275
273
285
276
248
283
284
270
264
249
275
255
260
326
289
246
273
266
272
307
259
268
272
257
269
245
275
260
259
270
277
250
271
252
278
255
261
299
280
248
275
255
293
245
263
271
259
276
278
250
245
244
251
226
247
236
265
276
299
260
278
254
250
242
251
230
253
283
273
250
245
231
248
253
245
265
254
235
235
247
220
248
260
244
251
228
228
214
209
262
216
235
249
234
231
240
213
219
220
215
223
248
222
240
229
232
219
234
185
211
236
243
195
227
210
221
217
194
207
200
229
198
233
206
200
212
196
196
218
217
208
226
208
196
186
201
185
185
168
203
197
182
193
193
202
162
189
205
177
167
181
171
186
176
190
183
195
176
172
160
179
181
168
182
173
157
182
160
178
173
156
168
156
180
163
191
188
148
158
162
141
156
163
175
152
143
157
152
158
158
161
160
143
143
145
142
160
171
141
157
148
174
120
109
139
145
143
136
128
131
149
143
139
150
125
141
137
149
127
157
150
125
140
144
149
129
144
161
123
116
116
147
158
139
135
135
147
103
142
115
116
141
129
123
126
142
148
114
115
122
123
124
126
152
118
130
133
132
110
122
119
146
127
132
134
153
103
129
147
147
129
119
133
122
136
130
130
126
139
140
128
120
120
124
139
119
112
131
130
116
114
120
134
126
124
130
105
130
124
122
135
104
147
113
128
124
103
127
133
139
130
113
130
118
123
122
125
122
125
133
116
124
124
143
125
128
120
122
123
147
127
114
138
120
103
109
127
126
131
131
121
126
134
129
134
124
135
152
127
138
139
127
131
128
110
125
126
135
113
123
122
112
129
113
114
136
132
152
121
136
112
129
141
137
155
137
140
131
146
128
130
123
126
141
121
141
123
143
159
129
152
138
151
147
128
136
146
131
142
141
127
143
134
142
151
133
145
165
137
146
141
150
152
165
155
147
179
175
154
153
158
174
156
155
167
186
170
160
177
182
190
173
166
160
172
207
179
174
187
205
158
216
167
208
188
186
202
186
205
204
211
218
201
183
220
220
239
240
212
214
221
214
227
212
230
245
259
219
223
214
226
217
254
216
252
273
252
248
239
253
255
243
227
261
259
287
257
294
272
271
286
314
263
293
299
304
312
297
297
274
289
287
306
337
314
311
340
345
349
335
357
340
381
351
352
366
384
349
401
398
391
358
396
379
422
421
417
417
443
445
443
462
492
479
464
474
478
528
523
547
551
537
528
607
562
591
564
540
595
560
586
622
657
625
604
687
678
672
721
712
701
807
736
735
754
761
775
766
791
793
824
896
801
841
825
852
849
858
920
959
931
975
1001
998
1037
1024
1025
1077
1059
1084
1139
1060
1106
1144
1152
1142
1182
1205
1164
1238
1261
1230
1272
1260
1301
1313
1373
1347
1326
1352
1345
1373
1373
1432
1433
1479
1461
1436
1450
1500
1479
1551
1494
1487
1480
1487
1502
1497
1554
1516
1541
1590
1550
1556
1570
1513
1675
1575
1579
1578
1582
1602
1584
1578
1633
1687
1602
1661
1630
1578
1690
1713
1642
1584
1601
1662
1628
1670
1620
1626
1610
1586
1601
1553
1567
1595
1564
1573
1530
1486
1548
1577
1589
1414
1529
1494
1451
1507
1503
1420
1462
1474
1466
1381
1374
1350
1346
1339
1373
1298
1295
1293
1308
1263
1269
1260
1253
1226
1185
1179
1155
1150
1134
1171
1133
1093
1083
1010
1045
1037
981
1011
1024
960
948
943
943
913
876
938
903
852
839
787
782
784
721
742
759
758
704
700
665
700
664
626
637
634
629
615
612
571
567
581
548
528
545
498
445
492
465
499
456
408
451
419
398
368
430
413
379
360
355
346
372
357
349
322
294
306
347
295
284
275
285
270
273
276
270
263
253
230
242
237
215
214
190
217
201
220
197
218
190
178
178
169
182
158
154
154
136
166
166
154
162
154
138
126
163
146
121
136
144
137
137
134
120
132
117
117
110
127
108
102
128
119
101
86
96
107
98
119
108
103
94
101
94
104
104
104
88
94
99
120
90
97
97
106
117
98
93
100
78
104
111
94
101
96
102
85
97
92
88
76
105
89
83
88
98
97
83
92
94
90
105
98
99
105
94
121
103
107
101
93
92
99
84
111
94
91
110
89
84
89
103
87
127
98
81
105
80
87
90
96
116
88
96
92
89
94
84
95
81
89
120
98
92
108
95
100
93
106
79
78
106
91
86
87
83
86
90
101
96
102
90
88
81
94
100
93
104
83
97
77
83
90
108
95
91
90
96
87
91
99
87
93
86
101
78
85
97
88
88
92
94
98
89
98
69
100
100
91
106
91
93
84
111
109
86
96
94
102
86
101
95
90
90
92
99
99
85
84
90
104
82
99
83
99
107
82
93
104
99
80
92
98
82
92
93
87
96
90
98
99
70
85
91
85
90
94
106
87
86
86
108
81
93
77
99
79
97
88
83
102
93
99
72
89
97
106
95
100
95
78
75
90
76
104
76
77
87
95
88
78
94
92
80
82
79
97
86
90
72
93
89
116
88
75
81
78
93
89
90
80
97
89
86
79
79
72
86
86
87
85
93
89
95
96
81
97
83
82
86
89
80
116
70
92
94
77
82
99
86
97
74
83
85
97
86
100
79
86
89
90
89
92
99
69
76
87
92
87
84
83
89
101
90
91
96
75
92
74
86
86
88
87
73
104
92
88
98
94
84
86
98
83
88
85
102
96
76
89
75
93
73
81
83
73
79
94
78
94
96
82
99
86
83
75
96
80
101
97
79
86
82
73
105
76
69
101
95
86
82
90
91
86
80
78
89
85
96
81
96
85
99
73
88
84
78
88
80
91
95
88
86
86
86
89
97
74
76
91
85
99
80
82
87
75
109
74
71
79
87
76
97
85
74
87
92
89
83
79
83
79
81
103
83
86
88
82
79
90
70
97
81
99
80
85
91
93
82
88
98
90
99
87
77
90
81
88
82
88
78
86
87
85
87
77
64
86
94
102
76
86
88
97
84
83
81
83
85
82
83
90
83
98
87
83
78
60
93
75
83
90
76
87
100
77
94
86
77
75
84
95
73
77
77
80
66
69
77
79
86
98
81
78
76
76
82
86
83
95
94
90
100
83
93
73
81
74
67
70
88
67
90
78
69
85
78
86
75
70
86
81
83
78
83
89
82
76
90
90
92
74
76
84
87
85
86
87
85
83
92
105
97
103
81
94
78
74
76
85
90
88
80
81
91
84
78
82
80
91
64
94
90
86
86
79
81
99
100
88
74
84
90
86
79
76
75
89
86
76
86
71
84
80
86
76
78
94
88
90
63
76
78
94
63
84
84
98
82
87
81
84
85
74
83
72
85
77
75
70
70
64
86
79
80
79
81
95
78
61
84
88
89
94
87
94
81
92
69
84
71
89
88
80
78
98
87
82
79
83
81
70
73
85
94
76
84
87
80
102
90
89
90
88
98
94
78
89
81
93
93
71
82
87
85
98
83
83
96
85
69
93
79
77
79
75
88
82
88
87
91
106
85
82
96
77
85
64
94
81
95
98
101
82
90
94
76
74
77
86
83
77
89
77
87
90
95
82
81
88
88
91
97
100
90
91
82
73
82
83
96
94
101
98
100
108
101
85
90
84
87
69
77
101
95
100
70
97
80
89
61
93
77
77
84
94
95
72
94
98
71
84
101
96
99
87
88
86
89
102
84
76
93
85
86
91
91
102
101
100
76
83
89
81
97
99
83
87
96
81
92
104
94
86
89
97
101
98
99
83
94
92
75
83
91
95
103
102
90
83
102
101
101
84
84
78
112
111
113
97
83
69
100
96
95
91
78
89
98
110
67
112
96
71
100
102
94
94
79
72
86
104
93
91
88
114
103
99
91
91
104
97
96
102
96
87
89
89
96
103
101
90
102
96
101
116
81
103
95
101
101
98
105
104
101
130
93
110
99
99
91
99
94
96
103
96
97
104
117
103
89
92
96
115
111
96
107
107
102
101
96
92
101
81
79
110
97
110
108
102
89
119
86
106
100
102
99
101
93
95
110
96
100
100
108
101
102
96
111
100
111
110
104
103
100
102
102
113
109
87
112
110
105
101
114
102
106
113
109
102
105
105
111
104
108
114
116
87
107
135
105
106
95
87
108
99
110
100
115
87
100
111
99
98
106
108
103
102
114
99
110
126
97
104
95
107
102
114
104
100
99
90
95
116
107
80
103
112
109
100
101
92
97
99
91
90
106
102
115
108
101
95
88
81
89
94
112
95
77
95
78
92
102
105
89
91
104
80
94
76
102
83
74
73
110
80
93
85
95
100
85
82
71
62
56
83
86
82
92
55
48
74
61
69
71
68
62
60
61
64
75
56
61
65
51
67
71
59
63
63
68
54
60
61
67
46
66
55
46
56
52
58
42
46
41
48
50
52
34
54
47
52
38
54
43
45
36
33
34
38
41
43
37
29
36
28
29
34
34
37
32
25
35
23
21
24
35
22
28
22
29
27
32
22
20
21
30
30
22
14
22
25
25
23
19
31
18
13
24
16
18
19
24
16
19
28
19
14
20
24
20
12
20
20
19
16
14
18
10
19
15
13
13
20
20
14
17
22
20
14
12
15
21
18
12
18
17
14
8
25
26
21
21
23
10
16
7
17
15
17
18
16
21
18
19
16
11
21
18
15
15
17
21
17
19
23
29
16
27
15
23
24
29
20
25
43
25
31
31
22
33
34
30
30
40
34
47
44
39
33
52
54
53
53
39
56
58
60
59
57
66
72
63
78
66
78
58
71
93
62
78
89
65
102
79
85
101
98
101
133
122
119
129
111
116
114
127
113
122
143
153
154
133
158
173
157
182
172
182
179
174
185
199
204
205
178
210
217
218
218
208
233
242
200
231
257
239
283
264
277
219
207
233
265
266
289
273
250
256
271
263
252
274
241
283
288
303
263
294
304
258
269
245
251
307
247
304
283
240
275
290
311
282
285
264
263
244
269
256
234
250
210
239
248
200
218
236
204
214
200
217
172
205
182
197
175
175
183
171
181
161
151
145
174
149
138
161
112
111
109
113
107
101
105
95
98
93
91
85
76
81
80
54
66
71
68
62
55
57
59
48
54
40
49
33
41
56
46
25
39
31
35
30
29
20
25
30
23
22
23
19
22
23
20
11
18
13
17
5
6
9
11
7
7
5
6
5
12
11
5
4
8
2
6
5
3
4
4
3
3
3
2
4
0
3
3
2
2
0
3
3
2
3
3
1
3
3
1
1
3
0
1
2
2
1
2
2
1
4
1
3
2
2
3
3
1
2
1
0
4
1
1
1
2
2
5
2
2
0
4
3
2
0
0
0
3
0
1
3
1
2
0
1
2
2
1
0
2
0
0
2
3
1
1
2
1
1
0
1
1
1
1
0
1
2
2
0
2
2
2
1
1
2
3
1
1
0
1
1
1
1
1
1
0
1
3
0
1
1
1
1
1
1
0
1
4
0
1
2
1
2
1
0
2
0
0
2
1
2
0
1
1
1
3
1
2
2
1
2
4
0
0
0
4
0
1
1
2
1
2
3
3
2
1
2
2
5
0
1
0
1
2
0
1
0
2
2
1
2
0
0
1
0
0
0
0
0
0
0
0
1
2
2
1
0
1
1
0
0
1
0
0
1
3
1
0
1
1
0
2
0
0
0
2
0
0
0
0
1
1
1
0
0
1
0
0
1
2
0
1
0
2
0
0
2
3
1
1
2
1
0
1
1
0
3
2
1
3
3
1
0
4
2
8
1
4
1
3
3
2
4
0
2
4
4
5
5
2
11
2
3
4
1
2
1
6
5
7
7
2
2
6
5
4
5
2
3
2
4
0
5
2
4
4
6
3
2
3
0
3
