1.10298e+06
3.61816e+06
7.05018e+06
7.93996e+06
5.79412e+06
3.12276e+06
1.37401e+06
525319
181598
58660
18061
5310
1775
696
444
395
325
345
302
300
338
305
298
306
334
323
331
326
303
325
309
353
328
332
309
339
325
334
313
316
328
313
284
296
316
305
305
297
297
293
310
333
300
291
309
325
301
303
339
321
285
332
284
313
283
307
283
313
308
306
313
285
307
285
299
277
269
287
295
275
304
300
315
324
321
302
318
305
329
296
330
274
290
297
272
312
277
285
288
280
352
292
312
292
283
267
285
300
286
302
281
283
300
314
297
296
275
271
284
303
319
308
283
263
277
268
293
281
299
286
308
289
293
274
279
304
277
274
267
302
281
278
294
284
288
270
266
287
269
261
266
256
284
280
307
296
244
266
308
291
290
273
292
279
277
301
237
278
295
268
292
270
265
283
310
290
299
269
268
300
289
279
254
298
274
257
253
282
268
271
254
285
279
264
295
261
299
258
269
272
275
270
270
255
251
254
294
265
242
261
251
234
292
261
257
244
266
279
257
271
277
250
268
262
279
275
256
275
279
280
298
259
225
252
264
244
274
245
278
284
251
260
247
268
276
258
286
273
266
253
249
248
265
258
284
291
247
268
268
237
277
248
292
275
260
254
234
273
245
278
255
254
264
255
273
260
248
272
243
261
261
260
283
273
255
289
263
268
303
257
272
273
307
283
240
250
261
271
255
264
274
253
270
282
271
256
300
243
246
273
279
280
248
232
265
250
263
235
276
237
262
275
269
275
268
286
248
245
248
259
225
274
272
259
281
263
250
239
249
293
241
259
247
268
252
285
257
271
235
253
249
273
249
241
247
261
249
260
272
257
264
263
273
275
271
299
262
232
252
246
255
274
265
273
248
246
265
245
247
282
265
269
259
278
267
250
271
272
260
227
284
261
262
265
274
279
243
232
236
253
267
266
238
244
268
254
263
246
275
265
292
272
262
285
260
274
261
244
274
265
281
264
270
267
246
241
258
274
243
257
243
245
239
260
241
269
243
248
275
226
245
294
244
251
276
269
249
261
270
260
248
264
243
243
263
267
267
284
233
281
267
253
280
257
265
280
261
256
271
254
279
283
254
267
241
252
281
278
253
277
239
272
281
271
233
257
290
237
259
263
296
266
237
277
276
277
269
254
264
268
285
283
304
278
300
278
252
249
282
298
294
277
259
249
267
247
259
275
284
278
237
267
304
292
296
260
245
301
230
277
287
283
293
261
260
276
272
252
282
263
241
279
288
277
278
257
248
277
261
256
267
273
301
278
270
254
283
278
267
262
305
283
278
252
277
273
287
315
281
251
298
252
276
292
252
297
275
287
267
297
265
292
294
276
280
271
253
284
266
262
284
299
237
276
288
297
268
312
274
265
253
283
270
271
282
303
264
287
284
297
260
294
274
286
294
274
287
262
313
295
263
294
267
338
298
315
281
281
291
247
289
311
280
295
283
276
277
268
267
275
298
302
285
297
287
283
272
306
265
312
290
272
296
294
292
314
285
275
282
272
287
275
300
292
266
304
254
282
271
302
294
263
297
289
286
279
307
286
291
311
282
273
294
292
311
281
281
303
312
305
278
292
284
281
298
286
280
320
284
271
303
280
293
305
281
311
295
312
314
281
283
272
292
290
290
289
270
286
284
276
297
271
287
296
285
317
265
287
266
268
285
299
290
254
277
275
301
307
313
271
295
327
303
305
307
264
303
285
283
298
309
290
284
254
279
290
316
309
279
307
287
304
318
280
291
275
308
318
309
324
301
310
285
307
330
268
279
264
312
295
316
310
298
309
279
305
299
310
290
308
310
317
306
337
309
329
303
290
335
340
320
340
325
313
290
349
339
324
325
311
331
327
338
327
295
335
350
330
297
341
329
340
344
341
369
323
339
327
338
297
328
349
351
347
359
364
346
361
339
356
376
346
352
354
332
359
384
393
360
404
411
376
356
378
365
386
388
364
362
373
374
397
387
371
369
384
392
388
390
394
364
390
421
395
383
415
417
395
442
394
378
396
370
401
385
367
426
414
382
377
367
387
398
417
401
391
418
421
414
392
424
410
384
393
432
389
432
420
408
433
415
411
407
436
406
418
376
391
382
437
407
380
410
390
382
420
443
388
419
392
388
409
415
370
405
409
383
395
380
404
425
414
423
405
415
399
398
418
404
380
375
416
386
374
349
371
362
412
364
376
371
425
399
406
403
370
400
405
412
382
398
367
415
377
390
395
431
371
347
362
376
384
345
420
384
366
389
383
372
395
355
386
324
396
376
382
394
393
391
361
376
377
350
362
369
390
343
377
358
361
385
338
361
346
347
372
350
350
344
358
368
367
346
382
379
365
399
401
354
359
343
359
328
359
362
345
361
361
372
347
333
366
343
353
374
362
356
376
366
372
339
341
328
372
351
360
317
328
356
330
328
350
316
362
359
339
341
363
337
360
329
338
358
304
350
342
383
336
357
339
366
319
321
360
326
325
341
342
344
351
354
327
326
323
376
376
362
340
354
324
294
345
352
340
355
378
316
343
368
321
349
359
341
372
332
353
319
308
356
322
294
329
352
330
313
343
333
337
349
359
308
318
292
347
348
334
355
334
352
350
328
307
336
332
327
321
327
309
335
330
362
359
353
364
313
310
328
348
340
327
318
331
329
340
322
329
342
315
325
300
332
334
330
291
335
334
302
333
317
323
338
329
326
293
327
302
275
330
320
324
315
297
304
335
303
300
310
326
325
342
316
301
351
291
336
334
313
300
276
334
348
280
322
309
309
330
335
342
317
313
327
276
334
316
338
320
342
293
331
331
316
315
304
292
306
308
314
317
343
332
307
288
302
311
299
323
305
304
300
312
329
323
302
317
310
338
318
295
312
302
324
308
322
303
324
309
303
316
308
295
337
298
306
341
303
280
301
311
273
288
320
321
287
293
291
324
308
340
325
319
313
315
318
301
301
342
312
291
282
333
266
333
296
298
324
323
311
309
266
329
297
285
305
298
320
317
283
321
317
329
270
319
288
303
282
307
296
273
301
307
302
314
315
307
326
287
308
281
271
304
311
298
268
307
312
307
272
322
314
286
294
298
304
315
319
301
338
301
298
315
318
293
308
305
311
279
338
313
313
332
323
291
264
300
296
295
284
315
320
298
285
345
332
290
292
307
294
281
306
296
296
326
308
310
282
278
314
319
321
267
293
331
336
330
322
299
323
315
334
345
309
332
277
320
322
260
334
319
312
299
322
285
350
317
313
308
351
313
332
340
291
313
310
295
287
293
304
313
293
309
319
298
289
322
288
317
293
334
329
293
288
355
289
318
291
320
289
322
325
317
299
304
320
313
300
319
308
321
320
323
340
323
309
342
277
343
313
331
328
312
290
313
299
329
320
313
310
361
322
297
340
287
319
362
308
296
337
303
313
332
341
343
304
328
310
356
293
313
316
277
314
319
289
310
320
317
334
328
361
317
321
323
314
309
324
319
299
297
333
313
299
335
327
321
324
319
305
321
310
315
319
338
314
339
333
323
289
361
310
347
333
316
339
310
344
289
329
284
252
253
311
294
288
331
289
311
329
337
305
295
315
327
313
329
299
338
306
300
326
316
334
311
319
303
302
335
315
318
295
295
313
283
321
314
309
286
289
319
299
310
318
315
316
312
315
266
333
306
287
302
286
318
328
284
280
320
309
305
282
294
269
313
305
297
290
325
308
295
308
295
297
279
310
279
316
270
285
277
323
300
309
289
293
266
296
266
280
310
259
293
293
262
299
293
293
304
302
270
276
285
264
278
280
275
281
293
271
270
257
285
253
281
232
260
278
251
285
251
236
269
266
243
230
274
260
240
228
252
253
245
249
272
214
247
254
233
241
229
219
244
255
240
213
229
227
246
216
209
230
211
201
204
243
221
241
221
229
236
200
184
218
215
211
216
197
207
233
218
176
222
190
214
185
222
208
204
209
177
197
218
196
215
195
183
171
202
198
189
197
185
193
200
197
184
182
168
176
181
176
197
152
192
151
169
187
176
165
161
168
184
182
179
196
157
172
165
134
152
139
138
158
158
152
173
155
145
145
153
163
171
145
156
131
147
150
152
141
150
143
150
174
140
143
159
141
143
150
142
132
142
174
161
148
171
152
142
152
161
143
155
139
156
161
138
132
140
136
139
151
152
129
112
133
137
144
128
150
133
143
134
144
123
161
147
141
168
134
154
164
147
156
141
120
137
143
131
142
150
151
153
122
133
133
143
143
119
137
158
146
153
137
136
157
152
123
148
132
124
129
136
141
123
132
154
129
157
107
134
155
154
119
157
142
131
120
136
141
160
150
143
123
151
162
150
134
131
151
147
177
137
124
156
144
153
139
136
147
152
141
123
127
133
141
136
140
148
147
139
159
127
142
138
151
129
154
126
157
161
139
149
173
150
151
152
164
169
160
155
166
174
151
152
154
168
164
158
167
135
192
150
171
175
165
150
196
158
187
157
149
161
181
170
179
176
170
179
173
163
198
171
192
170
167
194
161
165
197
193
213
178
199
214
183
202
202
190
189
183
191
211
222
226
223
222
214
212
230
255
235
186
204
230
232
232
221
230
215
288
247
237
240
227
230
248
245
254
257
256
263
259
257
258
283
257
256
276
282
305
274
278
264
307
268
301
279
302
293
288
321
277
334
318
292
327
370
330
335
341
318
303
373
341
338
354
384
354
365
379
392
343
400
385
394
383
355
379
415
402
401
392
403
415
407
442
454
451
432
410
434
424
424
497
465
510
463
476
457
491
509
496
559
538
482
562
537
521
547
562
571
565
577
653
623
597
611
657
599
678
668
678
669
706
686
638
748
729
774
747
777
814
832
746
853
773
856
833
823
903
905
911
943
982
940
910
1024
916
1009
1030
1074
1053
1104
1109
1051
1130
1083
1152
1186
1220
1206
1171
1199
1213
1253
1225
1249
1371
1312
1330
1324
1386
1416
1431
1458
1421
1474
1470
1511
1545
1557
1543
1549
1586
1557
1563
1633
1637
1663
1658
1655
1676
1671
1715
1724
1727
1794
1735
1787
1804
1785
1867
1773
1875
1854
1853
1873
1860
1824
1839
1905
1963
1852
1906
1915
1878
1869
1942
1889
1965
1993
1942
1963
1880
1911
1877
2024
1975
1903
2018
1918
1896
1902
1882
1971
2016
1958
1983
1990
1954
1852
1847
1880
1864
1861
1942
1848
1873
1837
1792
1820
1761
1827
1782
1768
1757
1766
1698
1805
1694
1658
1626
1607
1667
1566
1611
1571
1578
1552
1527
1544
1474
1524
1502
1491
1392
1397
1385
1341
1359
1362
1327
1315
1230
1275
1219
1238
1174
1188
1140
1154
1138
1139
1094
1055
1081
982
1026
983
963
937
962
943
894
890
829
830
864
796
830
778
797
749
794
746
689
697
641
664
616
575
588
622
549
585
539
554
485
530
477
537
478
478
461
505
471
409
380
404
374
370
369
385
342
359
349
360
335
325
290
296
304
262
278
275
267
278
255
276
233
247
215
244
224
221
172
178
189
214
176
186
203
165
174
195
192
177
164
158
171
156
160
151
168
144
146
141
126
125
121
155
153
131
148
131
137
129
129
139
122
131
128
109
101
143
115
102
125
120
106
124
107
124
102
106
118
138
128
94
105
104
95
111
113
121
121
120
117
95
105
88
116
103
115
109
122
98
109
104
116
104
88
96
94
101
107
104
100
97
92
107
104
103
92
99
99
126
99
111
104
100
97
112
92
103
86
106
93
86
111
120
99
103
103
119
96
108
92
110
100
94
118
105
101
117
101
91
94
87
101
108
93
107
109
120
94
112
98
97
105
90
105
89
109
92
103
109
99
86
92
103
113
87
100
99
100
110
115
117
96
106
107
106
100
91
115
113
98
109
96
90
84
92
80
95
96
110
105
93
88
107
84
93
110
109
92
105
79
98
106
85
92
99
120
101
98
91
96
111
81
94
107
101
99
101
81
88
105
96
116
110
109
90
95
103
112
86
93
121
102
99
109
91
97
87
92
105
98
93
86
91
105
106
113
111
111
97
88
103
91
93
97
94
104
90
88
96
95
92
101
115
99
97
95
114
95
110
95
106
109
106
105
108
94
97
103
97
103
98
105
89
106
104
99
98
101
85
83
96
110
77
117
96
87
100
100
104
98
99
97
78
100
104
104
89
107
108
97
105
81
98
105
85
115
84
84
82
107
99
102
87
99
99
109
114
102
83
83
111
76
107
99
98
101
106
106
81
101
89
107
100
121
109
108
110
96
96
92
99
93
116
101
85
85
103
91
95
103
95
77
120
79
111
100
84
99
108
96
93
89
76
93
91
110
90
106
104
92
91
88
86
87
103
92
107
87
103
105
100
97
70
107
108
75
100
102
76
98
119
93
100
118
102
99
85
92
105
64
102
100
114
86
105
104
114
96
106
113
97
102
102
98
95
97
108
96
97
101
70
108
117
84
105
85
106
93
94
85
92
100
90
101
100
81
104
124
121
93
100
100
91
104
91
86
94
90
105
104
96
91
97
92
93
94
113
86
97
113
96
77
105
80
85
100
102
98
107
95
110
101
89
92
84
102
92
103
100
97
103
80
96
107
87
107
99
92
93
93
106
101
91
99
104
76
96
98
87
87
97
103
106
77
95
91
119
85
92
97
91
80
100
102
99
83
114
89
92
117
90
95
108
89
82
92
91
117
91
95
92
91
92
88
107
105
95
108
94
102
116
91
106
87
110
102
94
84
101
95
107
81
98
95
100
106
104
100
96
94
108
95
96
94
87
114
91
110
120
99
96
111
105
91
104
86
103
94
89
87
102
117
88
65
92
97
99
76
93
88
99
100
93
91
109
105
106
100
107
101
92
93
100
81
99
99
87
105
96
104
95
101
101
95
93
96
89
83
108
120
93
102
84
102
99
101
113
83
105
105
88
94
74
113
85
105
102
90
94
86
89
101
97
88
97
90
98
94
118
100
92
104
111
97
80
88
96
101
97
89
91
98
111
94
96
86
106
116
101
115
90
99
101
99
105
105
101
103
85
92
97
92
109
103
119
95
105
105
94
93
88
114
98
99
91
101
102
102
105
115
95
103
97
81
105
96
103
102
93
98
94
97
104
102
93
98
89
105
110
113
104
103
95
77
94
100
115
97
92
101
95
134
113
102
107
99
124
101
121
108
107
113
106
96
103
83
95
104
99
109
107
94
99
99
99
81
111
107
105
90
109
97
102
90
98
92
108
110
95
101
113
101
115
87
97
116
122
120
112
111
119
93
86
109
102
119
94
101
86
119
95
109
90
96
111
112
106
88
114
78
87
96
90
113
107
105
103
114
96
110
119
104
100
103
119
103
94
126
100
98
114
106
95
110
119
124
135
104
95
104
94
110
105
113
115
105
122
79
115
110
89
107
101
125
94
126
86
120
119
125
91
113
108
111
116
116
104
94
116
129
90
123
116
120
108
102
125
117
127
118
117
107
123
112
116
118
100
99
135
112
116
119
110
115
114
115
99
120
118
128
121
91
132
111
125
134
117
113
105
121
105
113
124
118
113
102
118
117
126
118
131
111
118
130
104
104
122
113
123
110
106
118
113
128
125
129
127
140
112
106
117
104
137
123
124
115
137
119
126
117
113
117
119
109
132
123
116
102
103
121
108
130
104
122
129
127
130
146
116
99
129
119
152
123
107
122
124
135
130
106
124
118
116
114
119
117
135
122
126
110
133
109
129
127
119
126
127
115
126
149
124
123
128
124
110
119
122
96
139
133
112
122
122
132
128
146
114
119
128
123
112
113
124
124
96
133
118
108
109
131
122
128
124
135
125
114
112
106
147
115
124
117
98
136
118
128
103
101
95
99
121
113
102
104
114
111
112
106
103
89
102
108
111
111
115
94
95
104
82
109
99
98
116
105
67
90
93
91
93
113
101
69
90
73
86
103
73
91
86
81
89
87
71
68
89
79
73
73
82
76
63
70
95
79
76
69
58
57
57
83
61
64
49
65
63
63
73
64
63
54
48
47
48
61
53
45
55
44
55
57
37
38
55
47
41
45
57
47
35
38
29
57
33
32
35
36
34
46
38
36
32
33
33
34
32
29
28
21
45
27
26
27
27
31
26
35
22
28
26
18
21
19
30
18
30
28
24
20
19
21
20
28
25
30
32
23
17
21
28
20
17
23
19
25
24
23
15
28
14
20
20
20
20
23
15
30
21
21
24
24
24
29
22
17
18
33
20
29
21
25
23
29
30
24
24
28
31
24
22
31
32
27
40
41
33
38
46
44
31
44
34
41
35
35
50
47
30
46
50
48
52
52
46
56
49
68
54
56
60
64
63
56
72
65
63
63
88
81
70
67
85
85
93
80
91
108
94
108
111
103
114
103
101
123
119
111
121
105
133
121
125
122
142
165
148
140
141
166
193
174
166
168
186
195
185
190
209
204
203
207
200
214
216
203
211
213
227
256
271
248
277
251
300
300
248
272
272
285
267
300
294
290
315
266
317
311
307
323
323
315
321
318
334
323
296
332
324
334
340
326
316
324
320
317
328
326
308
307
322
311
306
316
300
311
326
297
290
278
282
285
296
299
234
281
262
292
266
276
261
246
254
252
242
236
215
220
197
230
191
190
191
189
157
164
169
176
136
132
170
129
138
125
134
119
130
109
111
97
105
85
103
90
60
80
67
84
50
75
60
63
50
45
46
43
28
41
44
23
38
31
35
18
30
29
31
10
16
17
15
13
11
17
11
6
7
9
11
10
10
12
5
2
2
2
5
9
5
8
6
6
2
2
4
3
0
1
0
4
1
2
3
4
1
3
2
3
6
1
2
4
4
3
4
4
0
4
4
4
0
0
1
2
4
0
2
3
0
4
2
4
2
1
5
3
1
1
1
0
1
4
3
5
1
4
0
3
2
4
0
0
2
1
1
4
3
2
1
1
3
2
3
3
1
3
3
3
2
1
3
3
3
3
5
1
3
1
2
1
1
5
1
1
3
4
3
0
1
4
1
6
2
2
1
1
4
5
4
3
3
3
1
2
2
1
3
3
3
1
3
3
5
1
1
2
2
1
0
3
8
2
0
1
1
3
2
2
6
2
3
1
3
2
3
4
2
5
0
1
1
5
2
2
3
0
2
0
0
4
2
0
2
4
0
0
0
3
1
1
0
1
1
2
0
3
2
2
2
1
1
3
0
0
1
1
3
1
1
2
0
2
2
3
1
0
4
2
0
0
2
0
1
0
0
2
0
2
2
1
0
0
2
2
1
1
0
1
2
3
1
3
0
1
1
2
0
1
2
2
1
2
0
1
1
4
5
2
2
4
5
4
6
4
4
5
5
4
10
4
2
5
9
6
8
3
4
10
4
5
4
5
2
5
7
5
4
8
3
4
7
5
2
6
5
2
4
3
3
5
3
3
1
6
4
3
3
2
1
3
1
