0
0
0
0
0
0
0
0
0
0
80597
111558
109292
107983
107969
107046
105984
106164
104858
103907
103776
102370
102833
102096
101602
101754
100945
100848
100730
99385
98683
98273
98805
97981
98267
97673
97576
97202
96514
96316
96241
95592
94749
94651
94368
94284
94032
93814
93520
93207
92832
92204
92013
91708
91405
90638
90864
90626
89716
90275
89365
89760
89235
88989
88364
87088
87552
87620
87417
87015
86605
86363
86582
85752
85340
84789
84916
84635
84097
83951
84058
83244
83003
82787
82337
82374
82382
81535
81283
81094
81117
80300
80990
79832
80072
79604
78899
78944
78526
78957
78287
78315
77524
77712
77841
76854
76794
76733
76615
75891
75472
75453
74717
75247
74997
74753
74665
74125
73625
74023
72967
72564
73099
72946
72035
72160
71393
71163
71443
71130
70280
70760
70533
70235
69784
69456
69707
69350
69278
68383
68572
68264
67962
67852
67441
67137
66942
66864
66712
66317
66251
66008
65658
65764
65609
65396
64876
65081
64228
64227
64532
63548
63749
63531
63339
62968
62843
62449
62025
62037
62446
61702
61901
61354
60990
61039
60787
61107
60433
60166
60312
59856
59151
59302
59509
58859
58241
58563
58351
58250
57943
57655
57374
57398
57421
56883
57366
56739
56494
56317
56023
55794
55610
55424
55316
54914
54582
54623
54452
54835
54291
53722
53983
53917
53770
53835
53259
52940
52957
52883
52107
52164
52099
52152
51816
51610
51895
51440
51502
50940
50870
50619
50223
50372
50361
50041
49790
49402
49811
49247
49253
48869
48884
48545
48461
48157
47773
47506
47507
47921
47280
47416
47584
47026
47006
46996
46857
46322
46581
46088
45809
46063
45673
45743
45399
45595
44911
44571
44541
44876
44358
44240
44084
43993
43795
43978
43780
42777
43154
43308
43074
42964
43072
42688
42173
42317
42113
42190
41791
41391
41828
41968
41244
41181
40981
41090
40643
40640
40481
40310
40503
40388
39942
39602
39638
39670
39723
39523
39238
39007
39096
38743
38543
38832
38323
38609
38478
37800
38025
37654
37684
37756
37853
37214
37381
37469
37032
37279
36825
36337
36442
36754
36200
35756
35989
35820
35859
35530
35836
35401
35158
35367
34903
34819
35112
34822
34583
34403
34174
34533
34013
34193
33828
33561
33805
33504
33124
33304
32988
32999
32732
33298
32802
32860
32460
32575
32279
32169
32195
31985
31764
31743
31723
31328
31611
31399
31009
31437
30822
31073
30995
30528
30432
30291
30502
30423
30257
30316
30102
29840
29999
29994
29784
29388
29599
29499
29172
29223
29139
29234
28982
29115
28917
28719
28731
28698
28207
28553
28151
27892
27910
27592
27690
27724
27159
27477
27441
27118
27321
27191
27401
27000
26861
26753
27153
26514
26343
26231
26582
26388
26280
25897
26010
25863
25541
25934
25820
25578
25591
25556
25361
25108
25284
24988
24965
24967
24950
24674
24385
24697
24591
24494
24357
24086
24019
23802
24264
23927
23704
23757
23694
23767
23198
23504
23385
23256
22989
23462
22851
22972
23005
22972
22701
22419
22481
22791
22529
22350
22260
22123
21928
21816
21746
22164
21711
21787
21880
21596
21482
21546
21405
21138
21622
21303
21174
20879
20985
20860
20766
20697
20683
20557
20754
20415
20384
20426
20268
20287
20027
20000
20021
19932
20006
19929
19774
19653
19658
19695
19285
19362
19461
19274
19294
19195
19238
19026
18912
18997
18879
18915
18700
18510
18628
18656
18484
18639
18483
18155
18551
18332
18108
18024
18026
17951
17872
17662
17763
17586
17800
17718
17543
17562
17511
17230
17280
17318
17148
17171
17074
16808
16885
16866
16858
16645
16905
16542
16592
16690
16485
16643
16553
16237
16277
16236
16220
16055
16277
15877
15817
15895
15833
15740
15683
15607
15778
15467
15403
15496
15519
15373
15236
15329
15593
15313
15186
15149
14776
14874
14828
15018
14815
14922
14792
14672
14522
14515
14471
14628
14418
14343
14412
14389
14292
13999
13908
13903
14203
13989
13894
13783
13699
13560
13990
13920
13694
13677
13553
13474
13379
13616
13560
13524
13476
13049
13213
13044
13274
13295
13213
12784
12942
13000
12878
12862
12853
12790
12706
12863
12678
12558
12551
12547
12533
12463
12442
12429
12369
12076
12288
12232
11950
12055
12112
12061
11931
11904
11964
11794
11747
12076
11745
11599
11741
11923
11494
11472
11583
11510
11517
11577
11271
11294
11211
11356
11376
11263
11301
11038
11175
11259
10807
11023
10767
10662
10762
11025
10832
10771
10837
10640
10550
10552
10709
10573
10518
10383
10492
10316
10297
10487
10383
10254
10252
10335
10177
10157
10251
10282
10008
10082
9911
9855
9983
9894
9812
9773
9737
9956
9541
9626
9627
9470
9784
9500
9569
9569
9670
9472
9355
9324
9374
9447
9277
9354
9234
9054
9137
9049
9159
9131
9039
9013
8864
8820
8897
8708
8965
8756
8750
8654
8736
8747
8683
8581
8580
8565
8681
8546
8507
8491
8301
8395
8332
8258
8241
8268
8262
8195
8316
8163
8041
8089
8229
8165
8131
7972
7963
7986
8096
7872
7935
7965
7934
7859
7776
7869
7702
7879
7768
7691
7733
7581
7646
7520
7554
7575
7510
7605
7349
7441
7343
7304
7307
7435
7196
7217
7200
7271
7121
7060
7249
7017
7249
7055
7183
7030
7015
6960
6943
6907
6946
6917
7066
6910
6909
6875
6766
6789
6746
6620
6835
6712
6552
6669
6670
6545
6479
6568
6714
6522
6436
6506
6404
6471
6360
6401
6216
6305
6263
6259
6314
6242
6255
6264
6162
6066
6078
6056
6223
6018
6030
5972
5996
6135
5868
6013
5877
5931
5779
5787
5800
5799
5797
5698
5768
5714
5776
5777
5719
5766
5635
5669
5543
5672
5701
5541
5561
5507
5529
5422
5469
5366
5369
5489
5419
5304
5453
5417
5344
5223
5355
5290
5370
5308
5242
5191
5286
5176
5277
5173
5103
5133
5065
5015
4990
5059
5039
5041
5046
4888
5010
4906
4934
5069
4805
4992
4873
4791
4826
4941
4728
4900
4837
4821
4617
4672
4747
4675
4599
4676
4605
4643
4556
4654
4610
4513
4582
4599
4529
4519
4522
4534
4325
4417
4329
4406
4483
4447
4449
4345
4237
4317
4275
4403
4357
4362
4264
4227
4365
4102
4236
4290
4171
4086
4068
4258
4145
4188
4076
4075
4023
4038
3990
3966
3969
3977
3982
3963
3884
3903
3897
3988
3923
3992
3906
3861
3821
3766
3780
3841
3904
3746
3691
3892
3793
3720
3817
3756
3770
3757
3712
3644
3658
3607
3676
3655
3607
3605
3507
3659
3556
3570
3568
3473
3492
3521
3473
3493
3469
3484
3402
3364
3382
3379
3416
3364
3323
3350
3372
3373
3242
3377
3377
3305
3308
3220
3170
3247
3210
3254
3225
3192
3253
3205
3128
3058
3144
3126
3175
3115
3127
3119
3069
3006
3057
3049
2996
3106
3023
3087
3108
2988
3053
3020
2924
2960
2961
2976
2912
3000
2955
2956
2896
2865
2876
2839
2943
2938
2846
2792
2831
2787
2814
2878
2884
2786
2819
2691
2740
2770
2749
2688
2640
2667
2621
2753
2721
2615
2689
2708
2686
2621
2672
2658
2565
2624
2532
2546
2503
2487
2532
2533
2533
2597
2510
2405
2507
2523
2522
2410
2542
2499
2444
2462
2354
2424
2456
2451
2411
2350
2400
2445
2443
2372
2303
2346
2329
2370
2264
2320
2347
2335
2300
2248
2293
2200
2263
2268
2187
2253
2212
2266
2255
2135
2275
2156
2191
2165
2155
2202
2182
2144
2153
2073
2156
2177
2127
2091
2162
2212
2121
2028
2022
2112
2021
2011
2077
2000
2043
1966
2033
2138
1983
2000
1971
2029
1967
1992
2009
2007
2058
1909
1924
1953
1856
1911
1933
1868
1929
1877
1879
1893
1887
1835
1924
1918
1882
1878
1809
1907
1880
1850
1836
1832
1744
1761
1857
1892
1800
1745
1817
1767
1797
1670
1716
1797
1732
1817
1755
1796
1769
1729
1669
1675
1726
1754
1665
1658
1717
1718
1628
1582
1577
1601
1554
1617
1647
1621
1642
1590
1677
1588
1587
1606
1560
1612
1603
1585
1540
1644
1563
1530
1578
1517
1581
1552
1577
1474
1568
1486
1456
1491
1555
1501
1475
1512
1462
1436
1407
1444
1405
1393
1451
1419
1438
1422
1378
1388
1469
1444
1379
1428
1401
1404
1346
1454
1414
1382
1386
1382
1361
1340
1365
1315
1342
1370
1287
1364
1313
1353
1359
1361
1333
1288
1289
1270
1341
1229
1284
1263
1242
1222
1281
1307
1247
1311
1268
1220
1231
1218
1285
1228
1239
1189
1199
1150
1272
1160
1176
1206
1233
1126
1250
1140
1191
1215
1175
1191
1167
1166
1153
1167
1159
1140
1157
1166
1172
1126
1101
1079
1105
1091
1114
1140
1082
1051
1073
1111
1078
1104
1058
1089
1039
1003
1086
1110
1074
1090
1011
1110
1053
1078
1042
1077
1028
1026
1037
1040
1032
981
967
971
945
1032
989
963
982
1028
1030
1016
968
953
985
920
1015
965
981
952
1019
955
969
975
942
944
905
899
873
983
913
955
918
881
865
895
902
946
880
881
866
846
910
916
913
865
869
906
860
849
830
853
905
858
856
836
785
883
827
858
828
855
835
833
825
841
829
849
773
765
794
770
773
866
781
757
779
842
768
798
785
769
731
786
751
761
752
690
796
738
738
720
740
738
743
761
746
735
702
709
717
687
700
698
731
703
684
680
704
728
688
655
664
661
681
675
690
707
661
670
708
692
634
646
695
695
646
714
656
635
643
628
699
657
614
680
668
651
660
607
606
671
670
598
611
631
616
589
620
648
593
583
606
653
612
648
584
607
538
576
598
586
579
591
558
593
597
552
642
592
580
573
614
557
593
600
584
595
554
560
584
514
517
491
566
585
538
579
556
545
533
562
529
538
493
540
542
555
577
548
507
476
554
543
526
511
502
549
532
506
533
480
567
473
524
491
503
508
499
472
459
471
513
508
536
473
513
491
460
455
475
505
506
511
432
473
440
485
439
462
453
477
456
481
457
474
401
442
433
458
468
406
444
427
457
434
422
414
475
426
438
419
397
476
421
434
393
405
405
427
425
436
390
399
418
411
401
455
427
398
411
390
400
429
378
415
422
408
407
367
417
421
363
389
360
396
362
349
373
367
415
382
373
412
378
364
367
406
405
371
359
380
367
350
342
347
357
331
342
381
339
347
356
345
384
331
363
341
383
341
363
372
386
361
345
348
365
357
305
337
335
342
330
312
303
305
374
333
325
320
327
313
335
338
300
303
277
331
315
307
335
282
322
318
294
282
298
307
284
300
294
277
352
302
307
319
296
289
288
284
293
283
303
295
300
304
296
290
297
295
271
261
265
278
263
287
280
265
279
284
265
266
265
263
249
300
268
255
275
247
276
257
246
286
253
257
224
241
242
249
237
275
246
261
278
249
254
245
223
257
260
234
246
239
245
248
255
219
228
243
244
235
237
246
256
224
253
256
242
246
225
231
217
206
195
231
240
226
236
219
224
216
250
228
217
217
221
207
217
254
208
218
212
214
239
202
217
241
210
223
216
202
218
201
182
191
176
191
197
221
181
198
198
177
194
214
199
201
206
192
194
181
225
207
202
211
188
210
172
207
200
170
180
186
190
161
208
170
197
181
178
171
193
179
172
186
199
163
196
166
178
189
167
172
193
180
173
192
156
175
166
178
163
182
149
170
156
140
158
171
143
181
161
159
166
167
157
158
148
160
159
149
147
162
165
146
177
156
169
136
164
160
141
139
167
137
159
141
187
157
132
134
159
157
141
164
174
147
139
136
156
163
131
132
155
145
138
136
143
122
133
123
147
127
124
162
128
132
177
113
129
119
151
150
121
139
133
132
130
141
116
121
154
147
129
125
138
109
130
118
144
143
114
139
139
104
112
150
137
130
116
138
140
121
108
126
118
104
127
116
115
121
105
114
99
116
111
106
114
113
116
132
100
115
110
95
125
122
105
104
110
117
100
105
102
115
109
107
114
113
90
95
101
83
97
79
99
120
103
116
107
110
107
97
109
113
100
98
109
112
97
101
118
107
96
102
100
96
97
99
86
110
106
91
106
92
85
89
91
104
76
90
91
92
94
76
97
98
103
105
93
94
95
81
80
83
86
90
64
110
80
108
73
105
94
90
82
113
90
88
100
71
98
87
75
92
80
85
88
79
86
83
72
77
98
69
65
80
82
90
75
76
82
98
64
75
65
80
71
91
70
77
58
84
91
89
69
77
65
76
86
78
71
63
72
84
71
59
72
79
66
73
64
80
84
80
71
77
66
61
60
65
70
61
77
66
73
82
69
73
64
62
60
64
57
70
73
51
63
58
58
69
54
61
60
81
49
65
56
65
44
52
66
65
66
60
68
62
63
64
60
65
50
58
57
54
65
55
52
55
67
60
43
62
61
51
59
56
51
54
61
55
61
72
55
68
34
45
50
50
72
56
48
55
50
56
61
46
55
48
59
69
54
52
53
51
71
50
47
43
57
46
42
51
52
57
59
62
51
53
47
41
60
49
47
46
52
52
50
47
56
58
43
52
48
54
59
53
47
46
54
51
57
62
38
42
46
52
44
36
45
38
54
62
46
55
45
37
48
49
42
45
41
41
44
53
53
49
32
36
44
46
39
45
31
48
33
54
31
39
37
40
33
36
33
36
29
45
31
47
31
43
44
36
46
43
39
40
37
39
19
40
44
36
37
30
33
33
45
47
39
36
38
37
36
29
38
35
34
39
36
33
41
39
34
29
43
32
36
29
34
38
38
28
40
29
33
30
37
38
40
34
38
33
29
29
31
34
25
28
40
47
35
31
35
37
28
27
35
26
26
29
38
37
39
34
31
33
41
23
27
31
32
40
40
33
24
24
33
32
33
27
28
33
32
23
29
26
47
38
27
30
27
32
24
29
30
35
33
18
36
19
23
31
24
23
22
29
28
26
22
25
25
31
35
20
24
16
28
24
29
23
22
20
33
24
30
27
26
29
30
23
24
24
19
25
18
23
25
18
33
26
27
22
23
29
25
18
25
19
20
23
24
24
23
27
19
24
15
26
20
18
24
21
21
23
28
25
27
19
29
21
23
23
19
20
25
28
18
21
29
16
17
22
16
21
18
16
18
17
33
25
17
28
20
23
23
27
23
26
13
29
9
15
22
24
9
20
19
18
19
23
20
26
9
19
26
20
19
20
22
25
17
19
24
11
20
15
14
13
13
18
19
27
21
24
19
19
16
15
15
20
22
14
18
14
14
28
13
18
17
16
15
17
18
9
22
17
19
22
8
11
21
13
9
16
12
13
13
10
14
16
12
13
23
14
17
17
13
14
15
11
23
16
13
20
14
11
18
14
15
19
14
8
16
19
17
14
11
18
18
19
15
11
17
11
15
15
17
13
17
13
8
10
14
13
14
8
16
13
14
12
16
12
10
15
13
9
16
11
12
15
20
11
13
9
11
16
13
19
9
16
13
6
16
15
17
24
8
13
20
8
13
13
12
10
7
11
8
12
6
12
12
14
9
12
12
15
14
9
17
12
14
16
7
16
13
14
7
13
16
11
11
10
9
11
13
10
14
13
18
17
10
10
9
20
15
9
12
6
5
12
11
14
7
11
11
9
8
10
8
15
13
5
9
22
13
16
3
10
10
9
7
5
14
7
4
15
10
12
10
11
7
10
8
11
10
9
11
11
10
10
7
7
7
6
6
7
12
9
2
8
9
9
11
3
9
7
8
7
8
11
13
12
6
6
11
8
3
6
14
9
8
6
6
10
13
5
13
12
4
13
6
5
7
8
7
9
3
5
5
9
5
8
5
6
7
5
10
11
4
8
10
5
8
4
8
7
4
12
12
6
12
10
3
5
3
5
7
9
4
5
8
10
8
4
8
6
10
6
8
3
5
8
7
4
5
12
8
7
2
3
11
3
6
5
5
4
3
8
5
4
7
7
9
5
8
5
7
6
5
2
4
5
7
4
7
6
12
3
4
4
8
3
6
10
5
6
7
8
7
7
11
5
10
1
5
7
2
7
1
7
6
4
1
2
4
6
7
6
3
4
6
10
6
5
4
7
7
9
7
3
6
6
4
6
12
3
7
2
1
10
3
5
5
5
5
8
6
5
5
4
6
6
12
0
8
1
2
6
5
7
6
3
3
7
6
8
3
3
3
11
2
4
8
6
2
5
4
8
6
3
4
5
4
4
4
3
2
4
4
6
6
3
5
1
1
3
4
4
2
8
8
5
5
5
7
4
6
6
6
2
2
6
2
2
3
7
1
5
6
2
1
2
4
2
3
3
6
4
2
0
4
3
2
2
1
8
6
0
3
3
2
2
5
8
2
6
5
2
5
1
4
3
3
3
4
4
3
2
3
1
1
0
3
3
3
5
2
1
1
4
0
5
5
5
2
5
1
5
3
5
5
0
4
3
2
1
2
5
2
1
4
2
4
3
3
2
3
5
3
4
3
4
6
0
1
5
0
6
4
3
4
1
2
3
2
3
3
2
7
2
2
5
1
4
3
4
2
2
2
4
0
3
1
3
1
3
5
5
1
1
2
3
6
2
3
2
2
1
3
2
2
3
3
2
1
2
2
1
1
4
2
2
4
0
2
2
1
2
1
2
3
1
2
3
3
0
4
1
2
2
2
0
1
1
2
3
0
3
2
2
2
1
1
3
2
1
1
1
2
1
1
4
1
3
5
3
4
2
1
6
3
4
5
3
2
2
0
1
5
3
0
3
2
1
2
0
2
1
1
2
5
0
1
4
1
1
2
5
1
2
3
3
1
1
2
1
2
1
2
3
1
1
0
0
3
2
2
1
1
3
1
3
1
1
1
3
0
1
2
2
1
3
4
7
1
0
2
0
0
3
3
2
1
0
2
2
0
1
1
2
2
3
3
1
0
0
0
1
2
3
0
4
0
1
2
1
2
1
0
2
0
2
3
1
3
2
3
1
1
1
0
0
3
0
0
1
1
1
0
2
0
2
3
0
2
1
1
2
1
0
1
0
1
2
0
1
3
1
0
2
1
0
1
3
1
0
3
1
1
2
1
0
4
0
1
0
1
2
0
3
1
1
3
4
3
1
0
3
0
3
1
2
2
1
0
2
0
2
0
1
4
3
1
1
2
0
1
2
2
0
1
1
2
0
0
2
0
0
0
0
1
1
4
0
1
0
1
1
2
0
0
1
2
1
2
1
1
2
1
0
0
1
2
2
0
0
1
0
2
0
1
2
2
2
2
1
3
2
0
3
2
0
0
2
1
0
0
0
1
0
2
0
2
0
2
1
1
0
1
0
1
1
2
0
1
0
0
1
1
0
0
3
2
0
1
0
1
0
0
2
4
0
0
0
1
1
1
0
0
0
2
1
1
1
2
2
0
0
1
1
1
1
1
1
2
0
0
1
1
0
0
0
0
0
1
0
0
1
2
1
4
0
0
0
1
1
1
0
0
2
0
1
2
2
1
1
0
0
3
1
0
1
0
0
0
2
1
1
0
0
0
0
0
0
0
0
1
2
1
1
0
1
1
0
0
1
2
1
0
0
0
0
0
0
1
3
1
1
0
2
1
1
0
1
0
1
0
2
0
1
1
1
1
0
2
1
1
0
1
0
1
1
1
1
0
0
1
1
0
2
0
0
0
1
0
0
2
1
0
0
1
0
0
0
0
1
0
1
1
1
0
0
1
0
0
0
0
1
1
0
0
0
1
0
1
2
1
0
2
2
0
1
0
2
1
1
1
4
0
1
0
0
1
0
0
2
1
0
0
0
0
1
1
0
0
0
0
3
0
1
1
0
0
1
0
0
1
0
0
0
1
1
1
0
1
0
0
1
0
0
0
0
0
1
0
0
0
1
0
1
1
2
0
0
0
0
0
0
0
0
0
0
0
2
0
0
1
1
0
0
0
1
0
0
0
0
0
0
0
1
1
1
0
2
1
0
0
0
1
0
0
0
1
0
0
0
0
0
0
0
0
0
2
2
0
1
1
0
0
0
0
1
0
0
0
0
0
0
1
0
0
0
0
0
0
0
0
0
0
0
0
0
0
0
0
0
1
0
1
0
0
0
0
0
0
1
0
0
0
0
0
0
1
0
1
0
2
0
0
1
0
0
0
0
1
0
0
0
1
0
0
0
0
0
0
0
0
0
0
0
0
0
0
0
0
0
0
0
0
0
0
0
0
1
1
0
0
1
0
0
0
0
0
0
0
0
0
0
0
0
0
0
0
1
0
0
0
0
0
0
0
0
0
1
0
0
1
0
0
1
1
0
0
0
0
1
1
0
0
0
0
0
0
0
0
0
1
0
0
0
0
0
0
0
0
0
1
0
0
0
2
0
0
0
2
0
0
0
0
0
0
0
0
0
0
0
0
1
0
0
0
0
0
0
0
0
0
0
0
0
0
0
0
0
0
0
0
0
0
0
0
0
0
0
0
0
0
0
1
0
0
0
0
0
0
0
0
0
0
0
0
1
0
0
0
0
0
0
0
1
1
0
0
0
1
0
0
0
0
0
0
0
0
0
0
0
0
0
1
0
0
0
0
0
0
1
0
0
1
0
0
0
0
0
0
0
0
1
1
0
1
0
0
1
0
0
1
0
0
0
0
0
1
0
0
0
1
0
0
0
0
0
0
0
0
0
0
0
0
0
0
0
0
1
0
0
1
0
0
0
0
0
0
0
0
0
0
0
0
0
0
0
0
0
0
1
0
0
1
0
0
0
0
0
0
1
0
0
0
0
0
0
0
0
0
0
2
0
0
0
0
0
1
0
1
0
0
0
0
0
0
0
0
0
0
0
0
0
0
0
0
0
0
0
0
0
0
1
1
0
0
0
0
0
1
1
0
0
0
0
0
0
0
0
0
0
1
0
0
0
0
0
0
0
0
0
0
0
0
0
0
0
0
0
0
0
0
0
1
0
0
0
0
0
0
0
0
0
0
0
0
0
0
0
0
0
1
0
0
0
0
1
0
0
0
0
0
0
0
1
0
0
0
0
0
0
0
0
0
0
0
0
0
0
0
0
0
0
0
0
0
0
0
0
0
0
0
0
0
0
0
0
0
0
0
0
0
0
0
0
0
0
1
0
0
1
0
0
0
0
0
0
0
0
0
0
0
0
0
0
0
0
0
0
0
0
0
0
0
0
0
0
0
0
0
0
0
0
0
0
0
0
0
0
0
0
0
0
1
0
0
0
0
0
0
0
0
0
0
0
0
0
1
0
0
0
1
0
0
0
0
0
0
0
0
0
0
0
0
0
0
0
0
0
0
0
0
0
0
0
0
0
0
0
0
0
0
0
0
0
0
0
0
0
0
0
0
0
0
0
0
0
0
0
0
1
0
0
0
0
0
0
0
0
0
0
0
0
1
0
0
0
1
0
0
0
0
0
0
0
0
0
0
0
0
0
0
0
0
0
0
0
0
0
0
0
0
0
0
0
0
0
0
0
0
0
1
0
0
0
0
0
0
0
0
0
0
0
0
0
0
0
0
0
0
0
0
0
1
0
0
1
0
0
0
0
0
0
0
0
0
0
0
0
0
0
0
0
0
0
0
0
0
0
1
0
0
0
0
0
0
0
0
0
0
1
0
0
0
0
0
0
0
0
0
0
0
0
0
0
0
0
0
0
0
0
0
0
0
0
0
0
0
0
0
0
0
0
0
0
0
0
0
0
0
0
0
0
0
0
0
0
0
0
0
0
0
0
0
0
0
0
0
0
0
0
0
0
0
0
0
0
0
0
0
0
0
0
0
0
0
0
0
1
0
0
1
0
0
0
0
0
0
0
0
0
0
0
0
0
0
0
0
0
0
0
0
0
0
0
0
0
0
0
0
0
0
0
0
0
0
0
0
0
0
0
0
0
0
0
0
0
0
0
0
1
0
0
0
0
0
0
0
0
0
0
0
0
0
0
0
0
0
0
0
0
0
0
0
0
0
0
0
0
0
0
0
0
0
0
0
0
0
0
0
0
0
0
0
0
0
0
0
0
0
0
0
0
0
0
0
0
0
0
0
0
0
0
0
0
0
0
0
0
0
0
0
0
1
0
0
0
0
0
1
0
0
0
0
0
0
0
0
0
0
0
0
0
0
0
0
0
0
0
0
0
0
0
0
0
0
0
0
0
0
0
0
0
0
0
0
0
0
0
0
0
0
0
0
0
0
0
0
0
0
0
0
1
0
0
0
0
0
0
0
0
0
0
0
0
0
0
0
0
0
0
0
0
0
0
0
0
0
0
0
0
0
0
0
0
0
0
0
0
0
0
0
0
1
0
0
0
0
0
0
0
0
0
0
0
0
0
0
0
0
0
0
0
0
0
0
0
0
1
0
0
0
0
0
0
0
0
0
0
1
0
0
0
0
0
0
0
0
0
0
0
0
0
0
0
0
0
0
0
0
0
0
0
0
0
1
0
0
0
0
0
0
0
0
0
0
0
0
0
0
0
0
0
0
0
0
0
0
1
0
0
0
0
0
0
0
0
0
0
0
0
0
0
0
0
0
0
0
0
0
0
0
0
0
1
0
0
0
0
0
0
0
0
0
0
0
0
0
0
0
0
0
0
0
0
0
0
0
0
0
0
0
0
0
0
0
0
0
0
0
0
0
0
0
0
0
0
0
0
0
0
0
0
0
0
0
0
0
0
0
0
0
0
0
0
0
0
0
0
0
0
0
0
0
0
0
0
0
0
0
0
0
0
0
0
0
0
0
0
0
0
0
0
0
0
0
0
0
0
0
0
0
0
0
1
0
0
0
0
0
0
0
0
0
0
0
0
0
0
0
0
0
0
0
0
0
0
0
0
0
0
0
0
0
0
0
0
0
0
0
0
0
0
0
0
0
0
0
0
0
0
0
0
0
0
0
0
0
0
0
0
0
0
0
0
0
0
0
0
0
0
0
0
0
0
0
0
0
0
0
0
0
0
0
0
0
0
0
0
0
0
0
0
0
0
0
0
0
0
0
0
0
0
0
0
0
0
0
0
0
0
0
0
0
0
0
0
0
0
0
0
0
0
0
0
0
0
0
0
0
0
0
0
0
0
0
0
0
0
0
0
0
0
0
0
0
0
0
0
0
0
0
0
0
0
0
0
0
0
0
0
0
0
0
0
0
0
0
0
0
0
0
0
0
0
0
0
0
0
0
0
0
0
0
0
0
0
0
0
0
0
0
0
0
0
0
0
0
0
0
0
0
0
0
0
0
0
0
0
0
0
0
0
0
0
0
0
0
0
0
0
0
0
0
0
0
0
0
0
0
0
0
0
0
0
0
0
0
0
0
0
0
0
0
0
0
0
0
0
0
0
0
0
0
0
0
0
0
0
0
0
0
0
0
0
0
0
0
0
0
0
0
0
0
0
0
0
0
0
0
0
0
0
0
0
0
0
0
0
0
0
0
0
0
0
0
0
0
0
0
0
0
0
0
0
0
0
0
0
0
0
0
0
0
0
0
0
0
0
0
0
0
0
0
0
0
0
0
0
0
0
0
0
0
0
0
0
0
0
0
0
0
0
0
0
0
0
0
0
0
0
0
0
0
0
0
0
0
0
0
0
0
0
0
0
0
0
0
0
0
0
0
0
0
0
0
0
0
0
0
0
0
0
0
0
0
0
0
0
0
0
0
0
0
0
0
0
0
0
0
0
0
0
0
0
0
1
0
0
0
0
0
0
0
0
0
0
0
0
0
0
0
0
0
0
0
0
0
0
0
0
0
0
0
0
0
0
0
0
0
0
0
0
0
0
0
0
0
0
0
0
0
0
0
0
0
0
0
0
0
0
0
0
0
0
0
0
0
0
0
0
0
0
0
0
0
0
0
0
0
0
0
0
0
0
0
0
0
0
0
0
0
0
0
0
0
0
0
0
0
0
0
0
0
0
0
0
0
0
0
0
0
0
0
0
0
0
0
0
0
0
0
0
0
0
0
0
0
0
0
0
0
0
0
0
0
0
0
0
0
0
0
0
0
0
0
0
0
0
0
0
0
0
0
0
0
0
0
0
0
0
0
0
0
0
0
0
0
0
0
0
0
0
0
0
0
0
0
0
0
0
0
0
0
0
0
0
0
0
0
0
0
0
0
0
0
0
0
0
0
0
0
0
0
0
0
0
0
0
0
0
1
0
0
0
0
0
0
0
0
0
0
0
0
0
0
0
0
0
0
0
0
0
0
0
0
0
0
0
0
0
0
0
0
0
0
0
0
0
0
0
0
0
0
0
0
0
0
0
0
0
0
0
0
0
0
0
0
0
0
0
0
0
0
0
0
0
0
0
0
0
0
0
0
0
0
0
0
0
0
0
0
0
0
0
0
0
0
0
0
0
0
0
0
0
0
0
0
0
0
0
0
0
0
0
0
0
0
0
0
0
0
0
0
0
0
0
0
0
0
0
0
0
0
0
0
0
0
0
0
0
0
0
0
0
0
0
0
0
0
0
0
0
0
0
0
0
0
0
0
0
0
0
0
0
0
0
0
0
0
0
0
0
0
0
0
0
0
0
0
0
0
0
0
0
0
0
0
0
0
0
0
0
0
0
0
0
0
0
0
0
0
0
0
0
0
0
0
0
0
0
0
0
0
0
0
0
0
0
0
0
0
0
0
0
0
0
0
0
0
0
0
0
0
0
0
0
0
0
0
0
0
0
0
0
0
0
0
0
0
0
0
0
0
0
0
0
0
0
0
0
0
0
0
0
0
0
0
0
0
0
0
0
0
0
0
0
0
0
0
0
0
0
0
0
0
0
0
0
0
0
0
0
0
0
0
0
0
0
0
0
0
0
0
0
0
0
0
0
0
0
0
0
0
0
0
0
0
0
0
0
0
0
0
0
0
0
0
0
0
0
0
0
0
0
0
0
0
0
0
0
0
0
0
0
0
0
0
0
0
0
0
0
0
0
0
0
0
0
0
0
0
0
0
0
0
0
0
0
0
0
0
0
0
0
0
0
0
0
0
0
0
0
0
0
0
0
0
0
0
0
0
0
0
0
0
0
0
0
0
0
0
0
0
0
0
0
0
0
0
0
0
0
0
0
0
0
0
0
0
0
0
0
0
0
0
0
0
0
0
0
0
0
0
0
0
0
0
0
0
0
0
0
0
0
0
0
0
0
0
0
0
0
0
0
0
0
0
0
0
0
0
0
0
0
0
0
0
0
0
0
0
0
0
0
0
0
0
0
0
0
0
0
0
0
0
0
0
0
0
0
0
0
0
0
0
0
0
0
0
0
0
0
0
0
0
0
0
0
0
0
0
0
0
0
0
0
0
0
0
0
0
0
0
0
0
0
0
0
0
0
0
0
0
0
0
0
0
0
0
0
0
0
0
0
0
0
0
0
0
0
0
0
0
0
0
0
0
0
0
0
0
0
0
0
0
0
0
0
0
0
0
0
0
0
0
0
0
0
0
0
0
0
0
0
0
0
0
0
0
0
0
0
0
0
0
0
0
0
0
0
0
0
0
0
0
0
0
0
0
0
0
0
0
0
0
0
0
0
0
0
0
0
0
0
0
0
0
0
0
0
0
0
0
0
0
0
0
0
0
0
0
0
0
0
0
0
0
0
0
0
0
0
0
0
0
0
0
0
0
0
0
0
0
0
0
0
0
0
0
0
0
0
0
0
0
0
0
0
0
0
0
0
0
0
0
0
0
0
0
0
0
0
0
0
0
0
0
0
0
0
0
0
0
0
0
0
0
0
0
0
0
0
0
0
0
0
0
0
0
0
0
0
0
0
0
0
0
0
0
0
0
0
0
0
0
0
0
0
0
0
0
0
0
0
0
0
0
0
0
0
0
0
0
0
0
0
0
0
0
0
0
0
0
0
0
0
0
0
0
0
0
0
0
0
0
0
0
0
0
0
0
0
0
0
0
0
0
0
0
0
0
0
0
0
0
0
0
0
0
0
0
0
0
0
0
0
0
0
0
0
0
0
0
0
0
0
0
0
0
0
0
0
0
0
0
0
0
0
0
0
0
0
0
0
0
0
0
0
0
0
0
0
0
0
0
0
0
0
0
0
0
0
0
0
0
0
0
0
0
0
0
0
0
0
0
0
0
0
0
0
0
0
0
0
0
0
0
0
0
0
0
0
0
0
0
0
0
0
0
0
0
0
0
0
0
0
0
0
0
0
0
0
0
0
0
0
0
0
0
0
0
0
0
0
0
0
0
0
0
0
0
0
0
0
0
0
0
0
0
0
0
0
0
0
0
0
0
0
0
0
0
0
0
0
0
0
0
0
0
0
0
0
0
0
0
0
0
0
0
0
0
0
0
0
0
0
0
0
0
0
0
0
0
0
0
0
0
0
0
0
0
0
0
0
0
0
0
0
0
0
0
0
0
0
0
0
0
0
0
0
0
0
0
0
0
0
0
0
0
0
0
0
0
0
0
0
0
0
0
0
0
0
0
0
0
0
0
0
0
0
0
0
0
0
0
0
0
0
0
0
0
0
0
0
0
0
0
0
0
0
0
0
0
0
0
0
0
0
0
0
0
0
0
0
0
0
0
0
0
0
0
0
0
0
0
0
0
0
0
0
0
0
0
0
0
0
0
0
0
0
0
0
0
0
0
0
0
0
0
0
0
0
0
0
0
0
0
0
0
0
0
0
0
0
0
0
0
0
0
0
0
0
0
0
0
0
0
0
0
0
0
0
0
0
0
0
0
0
0
0
0
0
0
0
0
0
0
0
0
0
0
0
0
0
0
0
0
0
0
0
0
0
0
0
0
0
0
0
0
0
0
0
0
0
0
0
0
0
0
0
0
0
0
0
0
0
0
0
0
0
0
0
0
0
0
0
0
0
0
0
0
0
0
0
0
0
0
0
0
0
0
0
0
0
0
0
0
0
0
0
0
0
0
0
0
0
0
0
0
0
0
0
0
0
0
0
0
0
0
0
0
0
0
0
0
0
0
0
0
0
0
0
0
0
0
0
0
0
0
0
0
0
0
0
0
0
0
0
0
0
0
0
0
0
0
0
0
0
0
0
0
0
0
0
0
0
0
0
0
0
0
0
0
0
0
0
0
0
0
0
0
0
0
0
0
0
0
0
0
0
0
0
0
0
0
0
0
0
0
0
0
0
0
0
0
0
0
0
0
0
0
0
0
0
0
0
0
0
0
0
0
0
0
0
0
0
0
0
0
0
0
0
0
0
0
0
0
0
0
0
0
0
0
0
0
0
0
0
0
0
0
0
0
0
0
0
0
0
0
0
0
0
0
0
0
0
0
0
0
0
0
0
0
0
0
0
0
0
0
0
0
0
0
0
0
0
0
0
0
0
0
0
0
0
0
0
0
0
0
0
0
0
0
0
0
0
0
0
0
0
0
0
0
0
0
0
0
0
0
0
0
0
0
0
0
0
0
0
0
0
0
0
0
0
0
0
0
0
0
0
0
0
0
0
0
0
0
0
0
0
0
0
0
0
0
0
0
0
0
0
0
0
0
0
0
0
0
0
0
0
0
0
0
0
0
0
0
0
0
0
0
0
0
0
0
0
0
0
0
0
0
0
0
0
0
0
0
0
0
0
0
0
0
0
0
0
0
0
0
0
0
0
0
0
0
0
0
0
0
0
0
0
0
0
0
0
0
0
0
0
0
0
0
0
0
0
0
0
0
0
0
0
0
0
0
0
0
0
0
0
0
0
0
0
0
0
0
0
0
0
0
0
0
0
0
0
0
0
0
0
0
0
0
0
0
0
0
0
0
0
0
0
0
0
0
0
0
0
0
0
0
0
0
0
0
0
0
0
0
0
0
0
0
0
0
0
0
0
0
0
0
0
0
0
0
0
0
0
0
0
0
0
0
0
0
0
0
0
0
0
0
0
0
0
0
0
0
0
0
0
0
0
0
0
0
0
0
0
0
0
0
0
0
0
0
0
0
0
0
0
0
0
0
0
0
0
0
0
0
0
0
0
0
0
0
0
0
0
0
0
0
0
0
0
0
0
0
0
0
0
0
0
0
0
0
0
0
0
0
0
0
0
0
0
0
0
0
0
0
0
0
0
0
0
0
0
0
0
0
0
0
0
0
0
0
0
0
0
0
0
0
0
0
0
0
0
0
0
0
0
0
0
0
0
0
0
0
0
0
0
0
0
0
0
0
0
0
0
0
0
0
0
0
0
0
0
0
0
0
0
0
0
0
0
0
0
0
0
0
0
0
0
0
0
0
0
0
0
0
0
0
0
0
0
0
0
0
0
0
0
0
0
0
0
0
0
0
0
0
0
0
0
0
0
0
0
0
0
0
0
0
0
0
0
0
0
0
0
0
0
0
0
0
0
0
0
0
0
0
0
0
0
0
0
0
0
0
0
0
0
0
0
0
0
0
0
0
0
0
0
0
0
0
0
0
0
0
0
0
0
0
0
0
0
0
0
0
0
0
0
0
0
0
0
0
0
0
0
0
0
0
0
0
0
0
0
0
0
0
0
0
0
0
0
0
0
0
0
0
0
0
0
0
0
0
0
0
0
0
0
0
0
0
0
0
0
0
0
0
0
0
0
0
0
0
0
0
0
0
0
0
0
0
0
0
0
0
0
0
0
0
0
0
0
0
0
0
0
0
0
0
0
0
0
0
0
0
0
0
0
0
0
0
0
0
0
0
0
0
0
0
0
0
0
0
0
0
0
0
0
0
0
0
0
0
0
0
0
0
0
0
0
0
0
0
0
0
0
0
0
0
0
0
0
0
0
0
0
0
0
0
0
0
0
0
0
0
0
0
0
0
0
0
0
0
0
0
0
0
0
0
0
0
0
0
0
0
0
0
0
0
0
0
0
0
0
0
0
0
0
0
0
0
0
0
0
0
0
0
0
0
0
0
0
0
0
0
0
0
0
0
0
0
0
0
0
0
0
0
0
0
0
0
0
0
0
0
0
0
0
0
0
0
0
0
0
0
0
0
0
0
0
0
0
0
0
0
0
0
0
0
0
0
0
0
0
0
0
0
0
0
0
0
0
0
0
0
0
0
0
0
0
0
0
0
0
0
0
0
0
0
0
0
0
0
0
0
0
0
0
0
0
0
0
0
0
0
0
0
0
0
0
0
0
0
0
0
0
0
0
0
0
0
0
0
0
0
0
0
0
0
0
0
0
0
0
0
0
0
0
0
0
0
0
0
0
0
0
0
0
0
0
0
0
0
0
0
0
0
0
0
0
0
0
0
0
0
0
0
0
0
0
0
0
0
0
0
0
0
0
0
0
0
0
0
0
0
0
0
0
0
0
0
0
0
0
0
0
0
0
0
0
0
0
0
0
0
0
0
0
0
0
0
0
0
0
0
0
0
0
0
0
0
0
0
0
0
0
0
0
0
0
0
0
0
0
0
0
0
0
0
0
0
0
0
0
0
0
0
0
0
0
0
0
0
0
0
0
0
0
0
0
0
0
0
0
0
0
0
0
0
0
0
0
0
0
0
0
0
0
0
0
0
0
0
0
0
0
0
0
0
0
0
0
0
0
0
0
0
0
0
0
0
0
0
0
0
0
0
0
0
0
0
0
0
0
0
0
0
0
0
0
0
0
0
0
0
0
0
0
0
0
0
0
0
0
0
0
0
0
0
0
0
0
0
0
0
0
0
0
0
0
0
0
0
0
0
0
0
0
0
0
0
0
0
0
0
0
0
0
0
0
0
0
0
0
0
0
0
0
0
0
0
0
0
0
0
0
0
0
0
0
0
0
0
0
0
0
0
0
0
0
0
0
0
0
0
0
0
0
0
0
0
0
0
0
0
0
0
0
0
0
0
0
0
0
0
0
0
0
0
0
0
0
0
0
0
0
0
0
0
0
0
0
0
0
0
0
0
0
0
0
0
0
0
0
0
0
0
0
0
0
0
0
0
0
0
0
0
0
0
0
0
0
0
0
0
0
0
0
0
0
0
0
0
0
0
0
0
0
0
0
0
0
0
0
0
0
0
0
0
0
0
0
0
0
0
0
0
0
0
0
0
0
0
0
0
0
0
0
0
0
0
0
0
0
0
0
0
0
0
0
0
0
0
0
0
0
0
0
0
0
0
0
0
0
0
0
0
0
0
0
0
0
0
0
0
0
0
0
0
0
0
0
0
0
0
0
0
0
0
0
0
0
0
0
0
0
0
0
0
0
0
0
0
0
0
0
0
0
0
0
0
0
0
0
0
0
0
0
0
0
0
0
0
0
0
0
0
0
0
0
0
0
0
0
0
0
0
0
0
0
0
0
0
0
0
0
0
0
0
0
0
0
0
0
0
0
0
0
0
0
0
0
0
0
0
0
0
0
0
0
0
0
0
0
0
0
0
0
0
0
0
0
0
0
0
0
0
0
0
0
0
0
0
0
0
0
0
0
0
0
0
0
0
0
0
0
0
0
0
0
0
0
0
0
0
0
0
0
0
0
0
0
0
0
0
0
0
0
0
0
0
0
0
0
0
0
0
0
0
0
0
0
0
0
0
0
0
0
0
0
0
0
0
0
0
0
0
0
0
0
0
0
0
0
0
0
0
0
0
0
0
0
0
0
0
0
0
0
0
0
0
0
0
0
0
0
0
0
0
0
0
0
0
0
0
0
0
0
0
0
0
0
0
0
0
0
0
0
0
0
0
0
0
0
0
0
0
0
0
0
0
0
0
0
0
0
0
0
0
0
0
0
0
0
0
0
0
0
0
0
0
0
0
0
0
0
0
0
0
0
0
0
0
0
0
0
0
0
0
0
0
0
0
0
0
0
0
0
0
0
0
0
0
0
0
0
0
0
0
0
0
0
0
0
0
0
0
0
0
0
0
0
0
0
0
0
0
0
0
0
0
0
0
0
0
0
0
0
0
0
0
0
0
0
0
0
0
0
0
0
0
0
0
0
0
0
0
0
0
0
0
0
0
0
0
0
0
0
0
0
0
0
0
0
0
0
0
0
0
0
0
0
0
0
0
0
0
0
0
0
0
0
0
0
0
0
0
0
0
0
0
0
0
0
0
0
0
0
0
0
0
0
0
0
0
0
0
0
0
0
0
0
0
0
0
0
0
0
0
0
0
0
0
0
0
0
0
0
0
0
0
0
0
0
0
0
0
0
0
0
0
0
0
0
0
0
0
0
0
0
0
0
0
0
0
0
0
0
0
0
0
0
0
0
0
0
0
0
0
0
0
0
0
0
0
0
0
0
0
0
0
0
0
0
0
0
0
0
0
0
0
0
0
0
0
0
0
0
0
0
0
0
0
0
0
0
0
0
0
0
0
0
0
0
0
0
0
0
0
0
0
0
0
0
0
0
0
0
0
0
0
0
0
0
0
0
0
0
0
0
0
0
0
0
0
0
0
0
0
0
0
0
0
0
0
0
0
0
0
0
0
0
0
0
0
0
0
0
0
0
0
0
0
0
0
0
0
0
0
0
0
0
0
0
0
0
0
0
0
0
0
0
0
0
0
0
0
0
0
0
0
0
0
0
0
0
0
0
0
0
0
0
0
0
0
0
0
0
0
0
0
0
0
0
0
0
0
0
0
0
0
0
0
0
0
0
0
0
0
0
0
0
0
0
0
0
0
0
0
0
0
0
0
0
0
0
0
0
0
0
0
0
0
0
0
0
0
0
0
0
0
0
0
0
0
0
0
0
0
0
0
0
0
0
0
0
0
0
0
0
0
0
0
0
0
0
0
0
0
0
0
0
0
0
0
0
0
0
0
0
0
0
0
0
0
0
0
0
0
0
0
0
0
0
0
0
0
0
0
0
0
0
0
0
0
0
0
0
0
0
0
0
0
0
0
0
0
0
0
0
0
0
0
0
0
0
0
0
0
0
0
0
0
0
0
0
0
0
0
0
0
0
0
0
0
0
0
0
0
0
0
0
0
0
0
0
0
0
0
0
0
0
0
0
0
0
0
0
0
0
0
0
0
0
0
0
0
0
0
0
0
0
0
0
0
0
0
0
0
0
0
0
0
0
0
0
0
0
0
0
0
0
0
0
0
0
0
0
0
0
0
0
0
0
0
0
0
0
0
0
0
0
0
0
0
0
0
0
0
0
0
0
0
0
0
0
0
0
0
0
0
0
0
0
0
0
0
0
0
0
0
0
0
0
0
0
0
0
0
0
0
0
0
0
0
0
0
0
0
0
0
0
0
0
0
0
0
0
0
0
0
0
0
0
0
0
0
0
0
0
0
0
0
0
0
0
0
0
0
0
0
0
0
0
0
0
0
0
0
0
0
0
0
0
0
0
0
0
0
0
0
0
0
0
0
0
0
0
0
0
0
0
0
0
0
0
0
0
0
0
0
0
0
0
0
0
0
0
0
0
0
0
0
0
0
0
0
0
0
0
0
0
0
0
0
0
0
0
0
0
0
0
0
0
0
0
0
0
0
0
0
0
0
0
0
0
0
0
0
0
0
0
0
0
0
0
0
0
0
0
0
0
0
0
0
0
0
0
0
0
0
0
0
0
0
0
0
0
0
0
0
0
0
0
0
0
0
0
0
0
0
0
0
0
0
0
0
0
0
0
0
0
0
0
0
0
0
0
0
0
0
0
0
0
0
0
0
0
0
0
0
0
0
0
0
0
0
0
0
0
0
0
0
0
0
0
0
0
0
0
0
0
0
0
0
0
0
0
0
0
0
0
0
0
0
0
0
0
0
0
0
0
0
0
0
0
0
0
0
0
0
0
0
0
0
0
0
0
0
0
0
0
0
0
0
0
0
0
0
0
0
0
0
0
0
0
0
0
0
0
0
0
0
0
0
0
0
0
0
0
0
0
0
0
0
0
0
0
0
0
0
0
0
0
0
0
0
0
0
0
0
0
0
0
0
0
0
0
0
0
0
0
0
0
0
0
0
0
0
0
0
0
0
0
0
0
0
0
0
0
0
0
0
0
0
0
0
0
0
0
0
0
0
0
0
0
0
0
0
0
0
0
0
0
0
0
0
0
0
0
0
0
0
0
0
0
0
0
0
0
0
0
0
0
0
0
0
0
0
0
0
0
0
0
0
0
0
0
0
0
0
0
0
0
0
0
0
0
0
0
0
0
0
0
0
0
0
0
0
0
0
0
0
0
0
0
0
0
0
0
0
0
0
0
0
0
0
0
0
0
0
0
0
0
0
0
0
0
0
0
0
0
0
0
0
0
0
0
0
0
0
0
0
0
0
0
0
0
0
0
0
0
0
0
0
0
0
0
0
0
0
0
0
0
0
0
0
0
0
0
0
0
0
0
0
0
0
0
0
0
0
0
0
0
0
0
0
0
0
0
0
0
0
0
0
0
0
0
0
0
0
0
0
0
0
0
0
0
0
0
0
0
0
0
0
0
0
0
0
0
0
0
0
0
0
0
0
0
0
0
0
0
0
0
0
0
0
0
0
0
0
0
0
0
0
0
0
0
0
0
0
0
0
0
0
0
0
0
0
0
0
0
0
0
0
0
0
0
0
0
0
0
0
0
0
0
0
0
0
0
0
0
0
0
0
0
0
0
0
0
0
0
0
0
0
0
0
0
0
0
0
0
0
0
0
0
0
0
0
0
0
0
0
0
0
0
0
0
0
0
0
0
0
0
0
0
0
0
0
0
0
0
0
0
0
0
0
0
0
0
0
0
0
0
0
0
0
0
0
0
0
0
0
0
0
0
0
0
0
0
0
0
0
0
0
0
0
0
0
0
0
0
0
0
0
0
0
0
0
0
0
0
0
0
0
0
0
0
0
0
0
0
0
0
0
0
0
0
0
0
0
0
0
0
0
0
0
0
0
0
0
0
0
0
0
0
0
0
0
0
0
0
0
0
0
0
0
0
0
0
0
0
0
0
0
0
0
0
0
0
0
0
0
0
0
0
0
0
0
0
0
0
0
0
0
0
0
0
0
0
0
0
0
0
0
0
0
0
0
0
0
0
