0
0
0
0
0
0
0
0
0
0
35357
49163
48241
48311
47305
47892
47227
47482
46528
46192
45972
46000
45710
46035
45810
45467
45905
45419
45126
44977
45054
45061
44882
44663
44542
44558
44596
44444
44307
44054
43936
43779
43508
43173
43317
43233
43307
43182
43087
42805
42841
42727
42573
42565
42126
42553
41961
42022
42053
42110
41589
41556
41261
40848
41123
41093
40963
40580
40613
40796
40633
39931
40829
40584
40244
40220
40160
40100
39717
39869
39498
39215
39574
39274
39490
39418
38879
38699
38802
38866
38622
38625
38729
38505
38083
38338
37987
38215
37858
37787
37854
37630
37677
37251
37462
37056
37099
36782
37198
36668
36775
36503
36450
36548
36646
36425
35656
35919
36095
36016
35917
35465
35632
35609
35323
35150
35561
35422
35365
34863
35088
34874
34841
35015
34724
34342
34549
34449
34359
34037
34076
33819
33962
33829
33493
33638
33453
33708
33090
33632
33351
33243
33416
33209
33274
33109
33287
32642
32775
32440
32477
32516
32703
31994
31968
32283
31982
32243
31605
31820
32000
31515
31588
31325
31487
31169
31541
30997
31261
30995
31128
30922
30773
30586
30837
30543
30362
30294
30166
30158
30317
30397
30039
29748
30015
30235
29613
29626
29665
29763
29369
29730
29434
29264
28938
29152
29326
28878
29064
29012
28761
28443
28782
28248
28362
28458
28349
28249
28071
28290
27903
27975
27959
28245
27726
27714
27599
27609
27230
27486
27552
27478
27365
27417
26942
27072
27107
26729
26680
27040
26826
26361
26453
26379
26458
26294
26263
26264
26519
25995
25933
25955
26043
25941
25569
25514
25688
25683
25518
25277
25505
25210
25242
25231
24943
25069
25054
24737
24965
24600
24712
24426
24700
24759
24687
24531
24317
24343
24202
23989
24398
24153
24162
24313
23892
23787
23896
23871
23479
23590
23700
23828
23496
23695
23530
23295
23348
23310
22849
23070
22843
23117
22818
22835
22946
22777
22716
22737
22466
22734
22574
22168
22583
22098
22301
22277
22280
22179
21856
21804
22136
21883
22015
21803
21813
21449
21435
21647
21687
21498
21550
21077
21471
21265
21401
21295
21110
20944
21009
20892
20746
20869
20816
20668
20573
20713
20544
20551
20432
20287
20108
20512
20057
20161
20200
19996
20079
20562
20130
19899
19934
20026
19694
19905
19547
19756
19509
19486
19550
19472
19505
19227
19036
19485
19108
19247
18990
19229
19270
19333
19025
18874
18850
18883
18489
18588
18744
18482
18717
18631
18465
18401
18410
18208
18313
18255
18242
18175
18111
18280
18155
18051
18258
18151
17789
17662
17782
17811
17683
17365
17551
17444
17581
17388
17533
17528
17277
17091
17340
17317
17093
16907
17155
17072
17173
17052
16708
17042
16817
16660
16647
16837
16636
16417
16754
16674
16394
16411
16465
16219
16452
16233
16184
16126
16169
16370
16136
16005
16151
15879
16084
15785
15790
15559
15947
15779
15710
15779
15689
15405
15696
15379
15463
15499
15307
15476
15467
15086
15188
15223
15311
15093
15229
14848
15156
15050
14845
14861
14823
14953
14820
14644
14465
14745
14626
14581
14517
14582
14515
14434
14590
14516
14543
14378
14220
14221
14117
14272
14256
14130
13936
14085
14066
13861
13994
13885
13995
14010
13823
13907
13556
13887
13557
13690
13541
13485
13462
13628
13470
13623
13514
13303
13348
13312
13290
13504
13220
13239
13478
13100
13227
13018
12947
13009
12899
13078
12986
12816
12852
12795
12896
12714
12998
12638
12639
12699
12500
12614
12567
12571
12480
12430
12496
12368
12361
12441
12209
12236
12257
12029
12204
11989
12219
11942
12092
11912
11925
12047
11878
11945
11932
11786
11851
11949
11703
11834
11827
11687
11673
11751
11302
11700
11618
11456
11381
11573
11391
11363
11476
11328
11454
11217
11342
11104
11225
11227
11026
10975
11214
10900
10994
11157
11038
10894
10832
10773
10832
10691
10688
10707
10772
10568
10718
10675
10583
10485
10626
10739
10760
10328
10394
10439
10368
10230
10577
10479
10288
10325
10329
10278
10116
10153
10432
10218
10166
10121
10108
10119
10030
10133
10088
9972
9811
10010
9847
9940
9626
9959
9869
9658
9515
9608
9840
9673
9760
9514
9622
9689
9632
9592
9575
9766
9491
9608
9320
9475
9266
9175
9494
9423
9271
9462
9120
9300
9271
9096
9097
8844
9163
9291
8991
9237
9028
9041
8903
9055
8905
8861
8947
8974
8927
8840
8943
8826
8886
8744
8745
8649
8545
8691
8493
8626
8502
8439
8557
8579
8532
8400
8512
8408
8544
8513
8487
8386
8438
8320
8142
8198
8416
8274
8293
8139
8343
8247
8161
8232
8135
8115
7838
8116
7945
8064
7944
8002
8103
7976
7938
7918
7866
8000
7814
7846
7710
7725
7732
7811
7651
7691
7629
7565
7587
7670
7536
7654
7631
7506
7500
7442
7419
7536
7492
7585
7465
7382
7300
7297
7278
7411
7298
7296
7188
7143
7287
7324
7117
7357
7227
7243
7090
7091
6994
7015
7188
7007
6984
6905
7009
6994
7149
6959
6860
6996
6996
6723
6822
6917
6968
6725
6947
6749
6730
6672
6708
6621
6620
6732
6673
6606
6513
6570
6585
6635
6473
6590
6623
6502
6458
6554
6383
6322
6374
6437
6338
6473
6268
6522
6413
6342
6274
6141
6239
6146
6328
6227
6206
6196
6243
6071
6215
6255
6113
6159
5926
6086
6110
6088
6007
6014
6001
6111
6060
5885
6014
6006
5863
6018
5905
5766
5850
5874
5754
5854
5858
5678
5703
5797
5527
5681
5563
5561
5868
5620
5729
5655
5703
5631
5588
5497
5630
5472
5456
5509
5538
5540
5487
5478
5466
5554
5544
5593
5372
5449
5442
5435
5283
5222
5219
5325
5346
5289
5359
5293
5298
5271
5245
5117
5175
5194
5255
5230
5110
5118
5240
5153
5153
5063
5069
4962
4961
5016
5048
5068
5065
4968
4962
5056
4883
4835
5036
4975
4952
4870
4758
4774
4922
4884
4782
4910
4771
4899
4624
4769
4839
4772
4860
4809
4649
4756
4718
4793
4703
4696
4613
4737
4538
4649
4625
4617
4672
4587
4481
4517
4566
4385
4505
4452
4510
4487
4409
4436
4385
4398
4339
4447
4435
4375
4474
4403
4373
4282
4340
4340
4241
4355
4357
4262
4227
4335
4312
4361
4305
4268
4138
4239
4174
4228
4070
4097
4193
4257
4062
4126
4166
4124
4103
4021
4097
4178
4139
3939
4003
4087
4102
4046
4003
3825
4020
3988
3933
3831
3979
3921
4043
3933
3962
3825
3778
3883
3966
3931
3848
3899
3918
3840
3785
3848
3733
3668
3881
3779
3720
3826
3788
3860
3742
3737
3640
3752
3597
3653
3531
3663
3565
3704
3561
3652
3528
3638
3526
3654
3653
3556
3604
3543
3570
3516
3589
3372
3475
3483
3344
3545
3440
3494
3451
3341
3421
3559
3407
3393
3421
3319
3409
3384
3456
3351
3300
3291
3186
3286
3281
3302
3233
3364
3282
3208
3208
3243
3183
3236
3320
3123
3269
3271
3210
3178
3233
3165
3229
3165
3175
3156
3231
3118
3126
3114
3113
3094
3069
3087
3076
3017
2976
3014
2940
3038
2993
2936
3045
2926
3040
2990
3068
2980
2979
3000
2965
2988
2951
2868
2965
2945
2936
2889
2843
2905
2835
2915
2902
2877
2877
2938
2854
2846
2723
2751
2861
2753
2753
2804
2854
2729
2672
2748
2782
2809
2678
2723
2802
2712
2708
2700
2680
2740
2828
2732
2744
2689
2706
2640
2654
2673
2627
2637
2560
2654
2715
2546
2656
2604
2544
2551
2656
2655
2522
2552
2609
2468
2571
2494
2501
2546
2496
2445
2537
2491
2469
2528
2530
2429
2455
2455
2533
2452
2528
2344
2378
2404
2497
2395
2369
2456
2385
2411
2409
2433
2334
2396
2284
2421
2282
2334
2312
2331
2316
2416
2295
2341
2278
2292
2306
2295
2354
2272
2255
2204
2259
2237
2358
2292
2211
2219
2310
2120
2130
2238
2135
2161
2247
2157
2226
2194
2184
2195
2211
2173
2133
2140
2165
2122
2112
2125
2076
2175
2151
2126
1928
2104
2124
2114
2072
2114
2036
2109
2088
2085
2015
2136
1986
2023
2088
2024
1974
1987
2037
1988
1887
2028
2007
1924
2020
2019
1983
1963
1896
1944
1893
2002
2025
1910
1965
1963
1986
1975
1921
1841
1850
1923
1867
1893
1955
1941
1864
1930
1867
1869
1851
1914
1772
1849
1821
1926
1768
1799
1837
1913
1823
1888
1827
1791
1760
1820
1750
1704
1809
1828
1796
1748
1734
1769
1835
1748
1711
1770
1755
1772
1714
1731
1729
1691
1727
1692
1753
1625
1742
1700
1791
1683
1709
1684
1683
1657
1617
1699
1562
1649
1678
1625
1677
1621
1641
1597
1593
1666
1640
1570
1572
1497
1591
1526
1650
1596
1578
1512
1600
1545
1535
1514
1576
1529
1515
1522
1549
1530
1566
1588
1485
1538
1519
1538
1557
1481
1442
1485
1496
1459
1526
1526
1538
1542
1513
1503
1455
1399
1434
1343
1368
1513
1441
1442
1478
1441
1417
1489
1446
1396
1403
1445
1490
1359
1455
1353
1422
1432
1353
1407
1408
1399
1427
1352
1375
1385
1278
1396
1451
1365
1331
1321
1352
1312
1361
1392
1404
1266
1384
1361
1325
1282
1264
1323
1321
1340
1222
1314
1307
1315
1298
1261
1280
1233
1314
1283
1191
1266
1278
1271
1274
1213
1247
1223
1311
1230
1234
1241
1250
1191
1214
1258
1218
1186
1258
1186
1219
1192
1198
1245
1232
1244
1215
1182
1169
1181
1164
1240
1191
1199
1140
1134
1130
1184
1172
1180
1151
1137
1135
1089
1145
1111
1126
1175
1136
1074
1121
1118
1095
1165
1090
1139
1135
1107
1088
1108
1058
1040
1132
1071
1117
1093
1065
1010
1087
1022
1099
955
1068
1075
1045
1040
1078
1035
1045
1064
1060
1047
1018
1041
1011
1007
999
1041
1033
1063
1004
1041
1005
1023
1023
1047
1004
986
1001
972
975
989
993
980
997
1023
946
995
1020
948
1025
959
990
976
903
976
1038
970
989
999
997
913
914
939
980
937
943
923
922
902
867
892
861
967
909
902
886
951
873
897
873
867
869
883
925
891
877
847
892
888
838
934
904
953
820
865
853
816
832
889
838
877
819
865
849
885
836
849
861
846
842
781
788
856
814
837
801
834
791
816
823
853
825
840
830
761
817
808
772
783
802
729
841
791
776
777
723
782
815
781
778
752
751
741
767
697
753
733
778
792
767
735
735
766
710
744
779
731
781
755
737
744
739
732
767
775
773
731
753
724
762
723
646
711
732
709
711
684
699
694
682
719
678
731
667
726
670
692
689
749
683
730
692
684
638
708
626
642
658
653
607
694
619
707
654
637
645
671
686
674
666
690
654
627
628
645
623
675
669
606
649
629
629
627
631
636
651
599
679
617
614
619
621
610
612
567
617
643
642
614
609
608
579
542
640
585
584
590
565
584
610
587
614
597
594
607
618
567
551
561
601
604
570
603
602
548
578
583
547
617
563
616
555
543
539
525
538
520
566
547
552
559
566
580
547
563
547
529
540
574
503
539
482
522
537
530
567
502
554
528
519
495
523
471
524
518
558
551
505
531
539
551
533
545
496
529
569
510
523
510
496
493
442
472
469
508
504
477
508
483
530
483
463
515
500
433
540
492
503
497
476
489
462
469
497
487
479
468
453
451
481
469
422
465
447
424
479
424
486
454
454
470
460
447
473
415
450
410
491
397
406
411
465
436
426
465
449
454
432
465
408
414
433
450
438
414
440
393
444
412
395
437
429
428
426
384
420
412
411
440
406
408
399
400
395
412
393
398
349
360
395
391
393
378
429
373
429
428
394
393
396
370
437
366
351
391
420
373
414
418
415
402
388
393
391
365
381
415
382
342
331
401
387
382
355
374
364
374
385
338
366
370
355
374
374
362
389
347
368
367
345
378
398
373
358
352
332
336
350
333
353
355
331
315
343
336
332
319
319
348
348
340
335
299
359
318
335
321
343
347
354
312
325
317
343
289
335
325
332
317
311
346
314
335
306
337
325
322
312
296
334
271
316
309
328
296
282
304
295
320
279
269
324
319
281
316
310
305
296
322
293
329
294
323
292
288
293
297
286
293
294
294
298
312
296
276
284
260
308
299
288
313
287
267
272
263
262
257
263
265
295
295
299
237
273
276
287
252
276
256
264
276
286
260
291
258
287
277
279
287
270
246
259
271
278
248
272
260
221
237
252
251
251
269
245
247
266
236
274
258
262
258
254
278
245
219
242
229
246
274
221
263
233
236
238
251
248
237
250
265
236
232
255
267
240
229
237
238
249
257
260
269
228
251
219
239
258
224
234
228
222
227
223
228
235
247
199
211
196
229
203
193
236
214
226
205
212
200
219
228
221
214
209
228
239
205
199
204
211
200
227
218
226
211
211
197
206
231
187
210
217
192
221
193
215
198
197
212
196
192
229
176
196
204
223
180
197
216
185
192
180
200
185
187
197
224
185
177
199
164
198
199
190
179
175
188
163
197
181
194
190
163
173
204
170
181
196
167
179
181
159
197
180
185
183
172
198
167
189
180
180
189
178
177
168
161
182
155
160
177
172
174
172
175
165
161
150
167
170
154
183
192
148
167
180
148
151
154
154
153
147
165
181
153
178
174
160
154
140
163
156
148
152
161
158
154
153
140
161
152
128
151
157
146
162
146
153
153
162
143
159
152
160
143
154
151
148
167
167
158
130
157
159
149
145
142
160
121
134
159
152
131
148
154
149
159
149
137
153
149
163
132
133
149
140
140
132
148
155
132
138
146
143
142
129
149
118
139
146
145
127
133
138
129
126
132
124
106
144
116
132
128
144
136
131
137
136
112
130
142
137
127
130
124
138
126
142
111
112
122
136
134
113
120
143
133
140
110
111
119
137
116
118
96
141
131
131
133
122
108
148
111
115
121
113
122
124
140
111
119
114
109
129
105
94
124
110
99
107
111
129
107
116
125
105
91
108
110
101
122
138
110
100
107
119
96
122
98
102
96
119
137
135
126
106
103
86
114
112
117
95
103
105
126
98
109
108
90
127
117
95
137
86
118
108
91
108
110
106
110
99
104
125
96
107
110
112
100
105
93
108
102
108
90
103
83
101
94
88
95
90
84
90
79
100
87
95
103
87
120
86
94
101
94
94
100
102
90
90
95
98
94
95
105
82
80
94
86
78
105
83
86
77
97
91
87
96
96
89
90
65
86
80
89
98
88
95
94
95
105
98
87
86
81
81
84
76
82
96
97
91
76
77
84
91
75
87
94
65
86
99
84
76
78
76
86
96
89
87
78
81
85
89
79
80
81
75
71
73
79
78
77
70
72
99
62
77
74
80
74
85
72
73
86
72
71
71
74
88
88
72
74
73
65
86
69
74
82
65
73
75
64
81
66
70
73
89
66
72
76
71
64
86
65
83
71
74
73
55
74
61
76
63
69
58
73
65
87
58
52
53
60
74
78
61
77
72
65
79
71
58
65
73
58
71
54
62
63
66
69
56
70
62
62
56
48
75
60
67
67
52
57
70
62
64
68
60
53
62
52
71
68
69
54
53
59
56
65
60
54
52
74
59
61
57
63
60
58
64
48
45
64
55
68
54
49
51
54
39
58
51
52
55
58
50
62
49
70
55
38
55
67
50
70
55
62
54
55
56
58
40
43
47
51
51
49
53
59
57
63
62
50
40
46
51
55
57
60
40
55
54
56
53
40
38
45
51
52
60
53
38
51
49
47
37
49
54
50
63
44
43
61
48
48
56
66
53
42
46
39
44
50
52
50
44
38
45
42
49
58
41
42
45
36
56
31
46
58
34
45
37
49
47
37
40
48
50
50
47
43
52
41
51
49
44
47
34
45
43
45
40
35
41
61
44
34
50
46
39
51
41
48
45
45
41
43
42
53
43
41
36
45
38
32
52
39
41
39
57
40
35
33
43
50
34
31
39
29
40
48
33
39
48
48
44
53
39
34
26
34
29
39
29
40
38
34
44
37
30
38
40
38
39
34
45
34
38
51
40
36
42
40
32
40
38
34
48
34
33
30
39
43
38
34
44
39
26
29
43
31
41
28
34
36
34
48
31
36
37
23
37
30
33
40
35
29
35
43
41
21
25
23
28
33
23
37
35
29
40
25
30
33
43
32
35
33
25
40
38
25
23
28
33
38
35
27
25
30
26
25
27
38
30
22
38
35
30
21
26
29
32
29
36
23
33
33
31
31
24
20
27
21
40
29
28
43
24
22
24
27
32
34
28
20
28
23
23
31
31
31
32
35
27
19
31
28
20
19
33
28
23
28
22
29
28
21
39
23
33
30
28
26
21
27
28
19
27
19
30
31
25
17
29
29
23
35
23
28
26
21
29
26
29
23
27
24
29
18
21
26
19
28
20
29
18
28
21
24
20
31
30
18
25
24
27
21
24
18
23
22
16
28
31
16
28
27
25
19
26
26
20
28
25
20
24
11
18
28
18
22
28
12
21
25
20
25
24
19
27
20
16
19
14
22
21
24
23
26
23
20
28
20
28
19
23
18
24
16
18
26
13
15
13
18
21
17
24
18
23
19
21
22
14
25
23
16
19
24
23
17
19
22
15
15
23
19
16
21
19
23
28
19
17
17
30
16
19
19
15
16
21
18
22
15
17
14
15
26
31
19
22
23
15
20
20
19
21
10
18
13
18
27
20
24
23
18
24
15
19
16
19
17
13
20
18
21
10
15
27
16
19
15
12
31
29
19
18
6
20
19
15
11
10
14
14
18
26
12
16
12
14
21
18
20
13
19
11
15
22
13
21
17
18
10
15
17
16
10
14
10
18
13
19
19
15
13
23
10
11
10
9
17
14
11
13
20
8
15
16
16
15
18
14
15
12
15
18
13
14
13
12
20
10
10
10
20
11
12
12
10
13
14
19
15
15
15
11
11
9
15
8
12
18
10
15
8
13
15
11
16
11
13
10
18
19
12
19
10
19
16
14
13
6
12
6
15
13
9
14
16
10
13
12
10
11
13
11
9
15
15
17
18
9
9
14
19
12
16
8
15
15
15
11
14
13
12
23
16
9
17
13
19
14
8
5
13
14
18
17
7
9
7
6
18
14
14
9
16
8
14
16
7
10
11
9
15
10
8
10
10
17
7
14
10
13
10
15
9
10
12
13
6
12
11
16
7
15
5
9
5
9
13
12
10
8
7
8
7
10
8
11
4
16
14
17
8
12
11
5
6
17
9
8
10
12
5
16
8
10
13
7
8
10
15
9
12
11
7
7
9
9
5
14
6
9
17
13
8
11
12
13
13
6
12
11
11
11
6
8
12
6
6
6
7
10
12
8
8
11
7
11
10
6
7
8
8
9
8
9
5
7
9
8
7
5
8
8
12
8
8
10
9
13
0
4
8
10
5
6
6
16
5
8
14
5
10
9
5
12
10
9
10
5
8
3
15
8
8
8
1
10
9
5
12
6
6
10
3
6
9
5
5
5
8
11
1
12
6
10
6
9
8
9
3
13
7
8
6
11
5
11
8
5
7
11
10
8
8
9
4
9
9
4
5
4
9
14
6
9
4
14
4
10
2
7
6
15
5
6
7
2
5
5
13
9
10
10
7
6
6
8
10
6
9
7
12
5
5
2
7
5
9
8
6
9
9
4
2
12
6
6
7
5
4
8
7
6
2
6
4
5
8
12
6
8
3
7
4
7
8
4
8
7
12
4
8
6
9
10
8
4
10
4
5
7
5
8
9
7
3
7
9
4
6
4
2
2
5
7
3
3
7
8
12
9
10
9
5
7
6
6
6
10
5
6
8
6
1
7
7
3
2
5
7
5
5
5
3
4
2
6
5
5
8
3
3
0
4
9
6
6
3
3
4
4
4
6
4
3
4
5
4
5
7
6
8
6
4
4
5
3
2
3
1
1
8
5
3
5
6
6
5
6
7
5
6
6
5
4
6
4
3
4
5
2
6
7
8
9
7
8
4
7
3
5
9
7
4
3
5
0
3
3
3
5
3
7
6
3
5
5
3
3
6
8
2
5
5
8
4
9
4
4
5
6
5
3
3
5
5
4
4
6
3
4
3
3
3
2
6
3
3
1
9
1
3
4
5
7
3
2
6
5
2
6
5
5
4
6
6
1
7
2
2
4
5
5
0
3
4
2
3
1
4
4
3
3
3
3
1
4
0
5
1
8
3
3
3
2
3
3
4
4
4
4
5
3
6
3
2
4
0
4
3
3
7
3
3
3
2
3
7
2
2
2
0
2
1
1
3
4
3
3
3
4
2
3
3
2
7
6
3
1
1
2
9
5
4
3
2
6
4
1
2
3
1
3
1
3
2
1
5
4
4
2
4
1
3
7
6
5
1
4
3
2
5
3
4
5
1
3
3
1
1
4
1
1
7
0
0
3
4
5
3
1
1
7
4
6
4
5
4
1
2
1
4
3
1
3
6
4
5
2
1
0
2
5
3
1
2
1
2
2
2
1
1
2
3
3
3
1
4
4
2
1
4
2
1
3
3
3
2
2
2
2
2
3
2
4
0
9
6
0
3
1
6
3
6
1
3
5
3
3
0
1
3
0
0
0
3
1
2
0
1
2
3
5
1
3
1
4
1
1
5
2
1
1
3
1
1
0
1
4
1
2
4
1
1
3
1
3
1
6
1
3
2
2
6
3
1
1
2
4
3
2
1
1
0
3
2
0
2
3
2
1
2
1
2
1
2
4
2
0
4
2
2
5
2
4
2
3
0
1
0
2
2
0
1
2
1
0
4
3
3
3
2
2
0
2
2
0
2
1
3
1
0
2
1
1
2
2
2
1
0
0
1
3
1
2
1
3
1
1
3
2
0
3
4
2
2
2
3
1
3
3
0
2
0
2
4
1
4
1
4
1
0
2
0
2
1
0
4
1
1
1
1
0
0
1
0
1
2
2
2
2
3
2
2
1
2
1
0
1
2
3
2
2
1
1
1
1
0
1
1
1
1
2
4
1
0
2
2
2
1
1
0
2
0
2
4
2
1
0
0
2
1
2
4
2
2
1
0
0
1
0
0
2
1
2
1
1
4
0
3
2
2
1
2
2
0
1
2
1
1
2
2
1
2
4
2
1
1
3
0
1
2
0
2
1
1
0
2
3
0
1
2
1
2
0
0
0
2
2
0
1
1
1
2
2
2
0
2
2
2
1
1
1
0
0
3
3
0
0
2
0
2
0
0
0
0
1
0
3
1
0
1
1
0
3
2
1
2
2
0
1
1
2
2
1
1
0
3
4
2
1
1
2
2
0
3
0
3
0
1
0
0
1
0
0
1
1
1
1
0
2
0
2
0
1
2
0
0
1
0
2
0
0
3
0
0
2
0
2
0
2
0
0
0
1
0
1
0
0
3
1
0
0
0
1
0
1
1
0
0
1
0
0
1
0
0
0
0
0
1
1
0
0
1
3
2
1
1
3
1
3
1
0
1
1
0
1
0
0
1
2
1
0
0
0
0
1
4
2
2
1
0
0
3
1
1
1
0
0
0
0
1
3
0
1
0
1
1
1
1
3
0
2
2
0
1
1
2
0
1
0
1
0
2
0
1
1
1
2
2
0
0
0
1
1
0
1
0
1
1
0
1
0
4
1
2
0
1
1
2
0
2
0
1
0
0
0
0
0
0
1
0
1
0
0
0
0
1
0
2
1
1
0
1
1
3
1
0
0
1
0
1
1
0
0
1
2
0
1
0
0
0
1
1
1
1
0
0
0
1
0
1
1
1
0
1
1
1
1
0
1
1
0
0
0
1
1
0
1
1
1
0
0
1
1
0
3
1
0
0
0
1
0
0
0
1
1
1
1
1
0
0
1
0
1
0
1
0
0
1
0
2
0
0
4
0
1
2
0
1
1
0
1
0
0
0
0
0
1
0
0
2
0
0
1
0
0
1
1
0
0
1
0
0
0
0
0
1
0
0
0
0
0
0
1
1
0
0
0
0
1
0
0
0
3
0
1
1
1
0
0
0
0
0
1
2
1
0
2
1
2
0
0
0
0
0
1
1
0
2
1
1
1
0
0
0
1
0
2
0
0
0
1
0
0
0
1
0
0
1
1
1
0
0
0
0
1
1
0
0
0
0
1
1
0
1
1
0
0
0
0
1
0
0
0
1
2
0
1
0
0
0
0
1
1
0
2
0
1
1
0
0
0
0
1
0
1
0
1
0
0
0
1
0
1
2
0
1
0
0
1
0
0
1
0
0
1
0
0
0
0
0
0
0
0
1
1
1
2
0
0
0
1
1
0
2
1
0
2
1
0
1
0
2
0
0
1
0
1
0
1
1
0
0
0
0
0
0
1
0
0
0
1
0
0
0
1
1
1
0
0
1
0
1
0
1
1
0
0
1
0
0
0
1
1
0
0
0
0
0
0
0
0
0
0
0
0
1
0
0
0
0
1
0
0
0
1
1
0
2
0
1
0
0
1
0
0
0
0
1
0
0
0
0
0
0
0
0
1
0
0
2
0
0
1
0
1
0
0
0
2
0
0
0
0
0
0
0
1
0
0
0
0
0
1
1
0
0
0
1
0
0
0
1
0
1
1
1
0
0
0
0
1
0
0
1
0
0
0
0
0
0
0
0
0
0
0
0
0
1
1
0
0
0
1
0
0
0
1
0
1
1
0
0
0
0
0
0
0
2
0
0
1
0
0
1
1
0
1
0
0
1
0
0
0
0
0
0
1
0
0
0
0
0
0
1
0
0
0
1
0
0
0
0
0
1
0
0
0
0
0
0
0
0
1
1
0
1
1
1
0
0
0
0
0
1
1
0
0
0
0
0
0
1
1
0
0
0
0
0
0
0
0
0
0
0
0
2
0
0
0
0
0
1
0
0
1
0
0
0
1
0
0
0
2
0
0
0
1
0
0
0
0
1
0
1
1
1
1
0
0
0
0
0
0
1
0
0
0
0
0
0
0
1
0
0
1
0
0
0
0
0
0
0
0
1
0
0
0
0
0
1
0
0
0
0
0
1
1
0
0
0
0
0
1
0
0
0
0
0
0
0
0
0
0
1
0
0
0
1
0
0
0
0
0
0
0
0
0
0
0
0
1
0
0
0
0
1
0
0
1
0
0
0
0
0
1
0
0
0
0
0
0
0
0
0
0
0
0
0
0
0
1
0
1
0
1
0
0
0
0
0
0
0
0
0
0
0
0
0
0
0
0
0
0
0
0
0
0
0
0
0
0
0
0
0
0
0
0
0
0
0
0
0
0
2
0
0
1
0
0
0
0
0
1
0
1
0
0
0
0
1
0
1
0
0
0
1
0
0
0
0
0
2
0
0
0
0
1
0
0
0
0
0
0
1
0
1
0
0
0
0
0
0
1
0
0
0
0
1
0
0
0
0
0
0
0
0
0
0
0
0
0
0
0
0
0
0
0
0
0
1
0
0
0
0
0
0
0
0
0
0
0
0
0
0
0
0
0
0
0
0
0
0
0
0
0
0
0
0
0
0
0
0
0
0
0
0
0
0
0
0
0
0
0
1
0
0
0
0
0
0
0
0
0
0
0
0
0
0
1
0
0
0
0
0
0
1
0
0
0
0
0
0
0
0
0
0
0
0
0
0
0
0
1
0
0
0
0
0
0
0
0
0
1
0
0
0
0
1
0
1
0
0
0
0
0
0
0
0
0
0
0
0
0
0
0
0
0
0
1
0
0
0
0
0
0
0
0
0
0
0
0
0
1
0
0
0
0
0
1
0
0
0
1
0
0
1
0
0
0
0
0
0
0
0
0
0
0
0
0
0
0
0
0
0
0
1
0
0
1
0
0
0
0
0
0
0
0
0
0
0
0
0
0
0
0
0
0
0
0
0
0
0
0
0
1
1
0
0
1
1
0
0
0
0
0
0
0
0
0
1
0
0
0
0
0
0
0
0
0
1
0
0
0
0
0
0
0
0
0
0
0
0
0
1
0
0
0
0
0
0
0
1
0
0
0
0
0
0
0
0
0
0
0
0
0
0
0
0
0
0
0
0
0
0
0
0
0
0
0
0
0
0
0
0
0
0
1
0
0
0
0
0
0
0
0
1
1
0
0
0
0
0
0
0
0
0
0
0
0
2
0
0
0
0
1
0
0
0
0
0
0
0
0
0
0
0
0
0
0
0
1
0
0
0
0
0
0
0
0
0
0
0
0
0
0
0
0
0
0
0
0
0
0
0
0
0
1
0
0
1
0
0
0
0
1
0
0
0
0
0
0
0
0
1
0
0
0
0
0
0
0
0
0
0
0
1
0
0
0
0
0
0
0
0
0
1
0
0
0
0
0
0
0
1
0
0
0
0
1
0
0
0
0
0
0
0
0
0
0
0
0
0
1
0
0
0
0
0
0
0
0
0
0
0
0
0
0
0
0
0
0
0
0
1
0
0
0
0
0
0
0
0
0
0
0
0
0
0
1
0
0
0
0
0
0
1
0
0
0
0
0
0
0
0
0
0
0
0
0
0
0
0
0
0
0
0
0
0
0
0
0
0
2
0
0
0
0
0
0
0
0
0
0
0
0
0
0
0
0
0
0
0
1
0
0
0
0
0
0
0
0
0
0
0
0
0
0
0
0
0
0
0
0
0
0
0
0
0
1
0
0
0
0
0
0
0
1
0
0
0
0
0
0
0
0
0
0
1
0
0
0
0
0
0
1
0
0
0
0
0
0
1
0
0
0
1
0
0
0
0
0
0
0
0
0
0
0
0
0
0
0
0
0
0
0
0
0
0
0
0
0
0
0
0
0
0
0
0
0
0
0
0
0
0
0
0
0
0
0
0
0
0
0
0
0
0
0
0
0
0
0
0
0
0
0
0
0
0
0
1
0
1
0
0
0
0
0
0
0
0
0
0
0
0
0
0
0
0
0
0
0
0
0
0
1
0
0
0
0
0
0
0
0
0
0
0
0
0
0
0
0
0
0
0
0
0
0
0
0
0
0
0
1
0
0
0
0
0
0
0
0
0
0
0
0
0
0
0
0
0
0
0
0
0
0
0
0
0
0
1
0
0
0
0
0
0
0
0
0
0
0
0
0
0
0
0
0
0
0
0
0
0
0
0
0
0
0
0
0
0
0
0
0
0
0
0
0
0
0
0
0
0
0
0
0
0
0
0
0
0
0
0
0
0
0
0
0
0
0
0
0
0
0
0
0
0
1
0
0
0
0
0
0
0
0
0
0
0
0
0
0
0
0
0
0
0
0
0
0
0
0
0
0
0
0
0
0
0
0
0
0
0
0
0
0
0
0
0
0
0
0
0
0
0
0
0
1
0
0
0
0
0
0
0
0
0
0
0
0
0
0
0
0
0
0
0
0
0
0
0
0
0
0
0
0
0
0
0
0
0
0
0
0
0
0
0
0
0
0
0
0
0
0
0
0
0
0
0
0
0
0
0
0
0
0
0
0
0
1
0
0
0
0
0
0
0
0
0
0
0
0
0
0
0
0
0
1
0
0
0
0
0
0
0
0
0
0
0
0
0
0
0
0
0
0
0
0
0
0
0
0
0
0
0
0
0
0
0
0
0
0
0
0
0
0
0
0
0
0
0
0
0
0
0
0
0
0
0
0
0
0
0
0
0
0
0
0
0
0
0
0
0
0
0
0
0
0
0
0
0
0
0
0
0
0
0
0
0
0
0
0
0
0
0
0
0
0
0
0
0
0
0
0
0
0
0
0
0
0
0
0
0
0
0
0
0
0
0
0
0
0
0
0
0
0
0
0
0
0
0
0
0
0
0
0
0
0
0
0
0
0
0
0
0
0
0
0
0
0
0
0
0
0
0
0
0
0
0
0
0
0
0
0
0
0
0
0
0
0
1
0
0
0
0
0
0
0
0
0
0
0
0
0
0
0
0
0
0
0
0
0
0
0
0
0
0
0
0
0
0
0
0
1
0
0
0
0
0
0
0
0
0
0
0
0
0
0
0
0
0
0
0
0
0
0
0
0
0
0
0
0
0
0
0
0
0
0
0
0
0
0
0
0
0
0
0
0
0
0
0
0
0
0
0
0
0
0
0
0
0
0
0
0
0
0
0
0
0
0
0
0
0
0
0
0
0
0
0
0
0
0
0
0
0
0
0
0
0
0
0
0
0
0
0
0
0
0
0
0
0
0
0
0
0
0
0
0
0
0
0
0
1
0
0
0
0
0
0
0
0
0
0
0
0
0
0
0
0
0
0
0
0
0
0
0
0
0
0
0
0
0
0
0
0
0
0
0
0
0
0
0
0
0
0
0
0
0
0
0
0
0
0
0
0
0
0
0
0
0
0
0
0
0
0
0
0
0
0
0
0
0
0
0
0
0
0
0
0
0
0
0
0
0
0
0
0
0
0
0
0
0
0
0
0
0
0
0
0
0
0
0
0
0
0
0
0
0
0
0
0
0
0
0
0
0
0
0
0
0
0
0
0
0
0
0
0
0
0
0
0
0
0
0
0
0
0
0
0
0
0
0
0
0
0
0
0
0
0
0
0
0
0
0
0
0
0
0
0
0
0
0
0
0
0
0
0
0
0
0
0
0
0
0
0
0
0
0
0
0
0
0
0
0
0
0
0
0
0
0
0
0
0
0
0
0
0
0
0
0
0
0
0
0
0
0
0
0
0
0
0
0
0
0
0
0
0
0
0
0
0
0
0
0
0
0
0
0
0
0
0
0
0
0
0
0
0
0
0
0
0
0
0
0
0
0
0
0
0
0
0
0
0
0
0
0
0
0
0
0
0
0
0
0
0
0
0
0
0
0
0
0
0
0
0
0
0
0
0
0
0
0
0
0
0
0
0
0
0
0
0
0
0
0
0
0
0
0
0
0
0
0
0
0
0
0
0
0
0
0
0
0
0
0
0
0
0
0
0
0
0
0
0
0
0
0
0
0
0
0
0
0
0
0
0
0
0
0
0
0
0
0
0
0
0
0
0
0
0
0
0
0
0
0
0
0
0
0
0
0
0
0
0
0
0
0
0
0
0
0
0
0
0
0
0
0
0
0
0
0
0
0
0
0
0
0
0
0
0
0
0
0
0
0
0
0
0
0
0
0
0
0
0
0
0
0
0
0
0
0
0
0
0
0
0
0
0
0
0
0
0
0
0
0
0
0
0
0
0
0
0
0
0
0
0
0
0
0
0
0
0
0
0
0
0
0
0
0
0
0
0
0
0
0
0
0
0
0
0
0
0
0
0
0
0
1
0
0
0
0
0
0
0
0
0
0
0
0
0
0
0
0
0
0
0
0
0
0
0
0
0
0
0
0
0
0
0
0
0
0
0
0
0
0
0
0
0
0
0
0
0
0
0
0
0
0
0
0
0
0
0
0
0
0
0
0
0
0
0
0
0
0
0
0
0
0
0
0
0
0
0
0
0
0
0
0
0
0
0
0
0
0
0
0
0
0
0
0
0
0
0
0
0
0
0
0
0
0
0
0
0
0
0
0
0
0
0
0
0
0
0
0
0
0
0
0
0
0
0
0
0
0
0
0
0
0
0
0
0
0
0
0
0
0
0
0
0
0
0
0
0
0
0
0
0
0
0
0
0
0
0
0
0
0
0
0
0
0
0
0
0
0
0
0
0
0
0
0
0
0
0
0
0
0
0
0
0
0
0
0
0
0
0
0
0
0
0
0
0
0
0
0
0
0
0
0
0
0
0
0
0
0
0
0
0
0
0
0
0
0
0
0
0
0
0
0
0
0
0
0
0
0
0
0
0
0
0
0
0
0
0
0
0
0
0
0
0
0
0
0
0
0
0
0
0
0
0
0
0
0
0
0
0
0
0
0
0
0
0
0
0
0
0
0
0
0
0
0
0
0
0
0
0
0
0
0
0
0
0
0
0
0
0
0
0
0
0
0
0
0
0
0
0
0
0
0
0
0
0
0
0
0
0
0
0
0
0
0
0
0
0
0
0
0
0
0
0
0
0
0
0
0
0
0
0
0
0
0
0
0
0
0
0
0
0
0
0
0
0
0
0
0
0
0
0
0
0
0
0
0
0
0
0
0
0
0
0
0
0
0
0
0
0
0
0
0
0
0
0
0
0
0
0
0
0
0
0
0
0
0
0
0
0
0
0
0
0
0
0
0
0
0
0
0
0
0
0
0
0
0
0
0
0
0
0
0
0
0
0
0
0
0
0
0
0
0
0
0
0
0
0
0
0
0
0
0
0
0
0
0
0
0
0
0
0
0
0
0
0
0
0
0
0
0
0
0
0
0
0
0
0
0
0
0
0
0
0
0
0
0
0
0
0
0
0
0
0
0
0
0
0
0
0
0
0
0
0
0
0
0
0
0
0
0
0
0
0
0
0
0
0
0
0
0
0
0
0
0
0
0
0
0
0
0
0
0
0
0
0
0
0
0
0
0
0
0
0
0
0
0
0
0
0
0
0
0
0
0
0
0
0
0
0
0
0
0
0
0
0
0
0
0
0
0
0
0
0
0
0
0
0
0
0
0
0
0
0
0
0
0
0
0
0
0
0
0
0
0
0
0
0
0
0
0
0
0
0
0
0
0
0
0
0
0
0
0
0
0
0
0
0
0
0
0
0
0
0
0
0
0
0
0
0
0
0
0
0
0
0
0
0
0
0
0
0
0
0
0
0
0
0
0
0
0
0
0
0
0
0
0
0
0
0
0
0
0
0
0
0
0
0
0
0
0
0
0
0
0
0
0
0
0
0
0
0
0
0
0
0
0
0
0
0
0
0
0
0
0
0
0
0
0
0
0
0
0
0
0
0
0
0
0
0
0
0
0
0
0
0
0
0
0
0
0
0
0
0
0
0
0
0
0
0
0
0
0
0
0
0
0
0
0
0
0
0
0
0
0
0
0
0
0
0
0
0
0
0
0
0
0
0
0
0
0
0
0
0
0
0
0
0
0
0
0
0
0
0
0
0
0
0
0
0
0
0
0
0
0
0
0
0
0
0
0
0
0
0
0
0
0
0
0
0
0
0
0
0
0
0
0
0
0
0
0
0
0
0
0
0
0
0
0
0
0
0
0
0
0
0
0
0
0
0
0
0
0
0
0
0
0
0
0
0
0
0
0
0
0
0
0
0
0
0
0
0
0
0
0
0
0
0
0
0
0
0
0
0
0
0
0
0
0
0
0
0
0
0
0
0
0
0
0
0
0
0
0
0
0
0
0
0
0
0
0
0
0
0
0
0
0
0
0
0
0
0
0
0
0
0
0
0
0
0
0
0
0
0
0
0
0
0
0
0
0
0
0
0
0
0
0
0
0
0
0
0
0
0
0
0
0
0
0
0
0
0
0
0
0
0
0
0
0
0
0
0
0
0
0
0
0
0
0
0
0
0
0
0
0
0
0
0
0
0
0
0
0
0
0
0
0
0
0
0
0
0
0
0
0
0
0
0
0
0
0
0
0
0
0
0
0
0
0
0
0
0
0
0
0
0
0
0
0
0
0
0
0
0
0
0
0
0
0
0
0
0
0
0
0
0
0
0
0
0
0
0
0
0
0
0
0
0
0
0
0
0
0
0
0
0
0
0
0
0
0
0
0
0
0
0
0
0
0
0
0
0
0
0
0
0
0
0
0
0
0
0
0
0
0
0
0
0
0
0
0
0
0
0
0
0
0
0
0
0
0
0
0
0
0
0
0
0
0
0
0
0
0
0
0
0
0
0
0
0
0
0
0
0
0
0
0
0
0
0
0
0
0
0
0
0
0
0
0
0
0
0
0
0
0
0
0
0
0
0
0
0
0
0
0
0
0
0
0
0
0
0
0
0
0
0
0
0
0
0
0
0
0
0
0
0
0
0
0
0
0
0
0
0
0
0
0
0
0
0
0
0
0
0
0
0
0
0
0
0
0
0
0
0
0
0
0
0
0
0
0
0
0
0
0
0
0
0
0
0
0
0
0
0
0
0
0
0
0
0
0
0
0
0
0
0
0
0
0
0
0
0
0
0
0
0
0
0
0
0
0
0
0
0
0
0
0
0
0
0
0
0
0
0
0
0
0
0
0
0
0
0
0
0
0
0
0
0
0
0
0
0
0
0
0
0
0
0
0
0
0
0
0
0
0
0
0
0
0
0
0
0
0
0
0
0
0
0
0
0
0
0
0
0
0
0
0
0
0
0
0
0
0
0
0
0
0
0
0
0
0
0
0
0
0
0
0
0
0
0
0
0
0
0
0
0
0
0
0
0
0
0
0
0
0
0
0
0
0
0
0
0
0
0
0
0
0
0
0
0
0
0
0
0
0
0
0
0
0
0
0
0
0
0
0
0
0
0
0
0
0
0
0
0
0
0
0
0
0
0
0
0
0
0
0
0
0
0
0
0
0
0
0
0
0
0
0
0
0
0
0
0
0
0
0
0
0
0
0
0
0
0
0
0
0
0
0
0
0
0
0
0
0
0
0
0
0
0
0
0
0
0
0
0
0
0
0
0
0
0
0
0
0
0
0
0
0
0
0
0
0
0
0
0
0
0
0
0
0
0
0
0
0
0
0
0
0
0
0
0
0
0
0
0
0
0
0
0
0
0
0
0
0
0
0
0
0
0
0
0
0
0
0
0
0
0
0
0
0
0
0
0
0
0
0
0
0
0
0
0
0
0
0
0
0
0
0
0
0
0
0
0
0
0
0
0
0
0
0
0
0
0
0
0
0
0
0
0
0
0
0
0
0
0
0
0
0
0
0
0
0
0
0
0
0
0
0
0
0
0
0
0
0
0
0
0
0
0
0
0
0
0
0
0
0
0
0
0
0
0
0
0
0
0
0
0
0
0
0
0
0
0
0
0
0
0
0
0
0
0
0
0
0
0
0
0
0
0
0
0
0
0
0
0
0
0
0
0
0
0
0
0
0
0
0
0
0
0
0
0
0
0
0
0
0
0
0
0
0
0
0
0
0
0
0
0
0
0
0
0
0
0
0
0
0
0
0
0
0
0
0
0
0
0
0
0
0
0
0
0
0
0
0
0
0
0
0
0
0
0
0
0
0
0
0
0
0
0
0
0
0
0
0
0
0
0
0
0
0
0
0
0
0
0
0
0
0
0
0
0
0
0
0
0
0
0
0
0
0
0
0
0
0
0
0
0
0
0
0
0
0
0
0
0
0
0
0
0
0
0
0
0
0
0
0
0
0
0
0
0
0
0
0
0
0
0
0
0
0
0
0
0
0
0
0
0
0
0
0
0
0
0
0
0
0
0
0
0
0
0
0
0
0
0
0
0
0
0
0
0
0
0
0
0
0
0
0
0
0
0
0
0
0
0
0
0
0
0
0
0
0
0
0
0
0
0
0
0
0
0
0
0
0
0
0
0
0
0
0
0
0
0
0
0
0
0
0
0
0
0
0
0
0
0
0
0
0
0
0
0
0
0
0
0
0
0
0
0
0
0
0
0
0
0
0
0
0
0
0
0
0
0
0
0
0
0
0
0
0
0
0
0
0
0
0
0
0
0
0
0
0
0
0
0
0
0
0
0
0
0
0
0
0
0
0
0
0
0
0
0
0
0
0
0
0
0
0
0
0
0
0
0
0
0
0
0
0
0
0
0
0
0
0
0
0
0
0
0
0
0
0
0
0
0
0
0
0
0
0
0
0
0
0
0
0
0
0
0
0
0
0
0
0
0
0
0
0
0
0
0
0
0
0
0
0
0
0
0
0
0
0
0
0
0
0
0
0
0
0
0
0
0
0
0
0
0
0
0
0
0
0
0
0
0
0
0
0
0
0
0
0
0
0
0
0
0
0
0
0
0
0
0
0
0
0
0
0
0
0
0
0
0
0
0
0
0
0
0
0
0
0
0
0
0
0
0
0
0
0
0
0
0
0
0
0
0
0
0
0
0
0
0
0
0
0
0
0
0
0
0
0
0
0
0
0
0
0
0
0
0
0
0
0
0
0
0
0
0
0
0
0
0
0
0
0
0
0
0
0
0
0
0
0
0
0
0
0
0
0
0
0
0
0
0
0
0
0
0
0
0
0
0
0
0
0
0
0
0
0
0
0
0
0
0
0
0
0
0
0
0
0
0
0
0
0
0
0
0
0
0
0
0
0
0
0
0
0
0
0
0
0
0
0
0
0
0
0
0
0
0
0
0
0
0
0
0
0
0
0
0
0
0
0
0
0
0
0
0
0
0
0
0
0
0
0
0
0
0
0
0
0
0
0
0
0
0
0
0
0
0
0
0
0
0
0
0
0
0
0
0
0
0
0
0
0
0
0
0
0
0
0
0
0
0
0
0
0
0
0
0
0
0
0
0
0
0
0
0
0
0
0
0
0
0
0
0
0
0
0
0
0
0
0
0
0
0
0
0
0
0
0
0
0
0
0
0
0
0
0
0
0
0
0
0
0
0
0
0
0
0
0
0
0
0
0
0
0
0
0
0
0
0
0
0
0
0
0
0
0
0
0
0
0
0
0
0
0
0
0
0
0
0
0
0
0
0
0
0
0
0
0
0
0
0
0
0
0
0
0
0
0
0
0
0
0
0
0
0
0
0
0
0
0
0
0
0
0
0
0
0
0
0
0
0
0
0
0
0
0
0
0
0
0
0
0
0
0
0
0
0
0
0
0
0
0
0
0
0
0
0
0
0
0
0
0
0
0
0
0
0
0
0
0
0
0
0
0
0
0
0
0
0
0
0
0
0
0
0
0
0
0
0
0
0
0
0
0
0
0
0
0
0
0
0
0
0
0
0
0
0
0
0
0
0
0
0
0
0
0
0
0
0
0
0
0
0
0
0
0
0
0
0
0
0
0
0
0
0
0
0
0
0
0
0
0
0
0
0
0
0
0
0
0
0
0
0
0
0
0
0
0
0
0
0
0
0
0
0
0
0
0
0
0
0
0
0
0
0
0
0
0
0
0
0
0
0
0
0
0
0
0
0
0
0
0
0
0
0
0
0
0
0
0
0
0
0
0
0
0
0
0
0
0
0
0
0
0
0
0
0
0
0
0
0
0
0
0
0
0
0
0
0
0
0
0
0
0
0
0
0
0
0
0
0
0
0
0
0
0
0
0
0
0
0
0
0
0
0
0
0
0
0
0
0
0
0
0
0
0
0
0
0
0
0
0
0
0
0
0
0
0
0
0
0
0
0
0
0
0
0
0
0
0
0
0
0
0
0
0
0
0
0
0
0
0
0
0
0
0
0
0
0
0
0
0
0
0
0
0
0
0
0
0
0
0
0
0
0
0
0
0
0
0
0
0
0
0
0
0
0
0
0
0
0
0
0
0
0
0
0
0
0
0
0
0
0
0
0
0
0
0
0
0
0
0
0
0
0
0
0
0
0
0
0
0
0
0
0
0
0
0
0
0
0
0
0
0
0
0
0
0
0
0
0
0
0
0
0
0
0
0
0
0
0
0
0
0
0
0
0
0
0
0
0
0
0
0
0
0
0
0
0
0
0
0
0
0
0
0
0
0
0
0
0
0
0
0
0
0
0
0
0
0
0
0
0
0
0
0
0
0
0
0
0
0
0
0
0
0
0
0
0
0
0
0
0
0
0
0
0
0
0
0
0
0
0
0
0
0
0
0
0
0
0
0
0
0
0
0
0
0
0
0
0
0
0
0
0
0
0
0
0
0
0
0
0
0
0
0
0
0
0
0
0
0
0
0
0
0
0
0
0
0
0
0
0
0
0
0
0
0
0
0
0
0
0
0
0
0
0
0
0
0
0
0
0
0
0
0
0
0
0
0
0
0
0
0
0
0
0
0
0
0
0
0
0
0
0
0
0
0
0
0
0
0
0
0
0
0
0
0
0
0
0
0
0
0
0
0
0
0
0
0
0
0
0
0
0
0
0
0
0
0
0
0
0
0
0
0
0
0
0
0
0
0
0
0
0
0
0
0
0
0
0
0
0
0
0
0
0
0
0
0
0
0
0
0
0
0
0
0
0
0
0
0
0
0
0
0
0
0
0
0
0
0
0
0
0
0
0
0
0
0
0
0
0
0
0
0
0
0
0
0
0
0
0
0
0
0
0
0
0
0
0
0
0
0
0
0
0
