0
0
0
0
0
0
0
0
0
0
42787
58427
58188
57749
56773
57007
56278
56450
55668
55634
55117
54877
54697
54903
54519
53887
54394
54077
53988
53415
53607
53591
53324
53087
52827
52757
52709
52214
52351
52223
51995
52278
51304
51995
51430
51134
51349
50964
50864
50580
50556
50248
50391
50353
50014
49783
49808
49736
49568
49216
49222
48897
49163
48486
48731
48356
48174
48410
48183
48062
47851
47578
47818
47681
47358
47377
47245
47137
46780
46337
46359
46351
46217
46240
45836
46173
45741
45534
45952
45362
44983
44812
44859
44729
44666
44908
44960
44606
44137
44025
43987
43960
43885
43271
43791
43490
43485
43402
43142
43090
42980
42531
42768
42778
42289
42559
42439
41718
42048
41992
41705
41909
41702
41466
41271
41587
40826
40829
40650
40655
40810
40911
40483
40045
40304
40239
40239
39689
39772
39878
39534
39514
39715
38827
38808
39053
38890
38876
38602
38654
38739
38290
38393
38557
38106
37911
38386
37549
37771
37749
37515
37533
37271
37375
37147
37208
37000
36943
36850
36427
36475
36553
36380
36383
36123
35841
36050
35921
35482
35554
35254
35494
35270
35247
35202
35107
34922
34819
34718
34421
34602
34735
34371
34482
34379
34280
33889
34403
34369
34139
33554
33474
33678
33501
33270
33512
33238
33065
33458
33123
33270
32602
32418
32822
32292
31986
32080
31939
31830
32161
31819
31777
31721
31226
31775
31655
31151
31678
31053
31398
31111
31062
30808
30988
31077
30644
30880
30444
30301
30369
30108
29996
30006
29921
30148
29702
29535
29768
29936
29569
29457
29269
29653
28973
28995
28869
28946
28965
28957
28771
28557
28474
28452
28543
28521
28446
28300
27902
27856
28148
27780
28077
27983
28025
27708
27397
27201
27200
27303
27220
27314
26984
27017
27220
26981
26775
26903
26776
26388
26419
26701
26366
25989
26120
26247
25999
26005
25926
25509
25791
25559
26062
25714
25611
25545
25392
25444
25358
25078
25038
25083
24885
24725
25087
24820
24754
24718
24622
24674
24466
24296
24559
23998
23941
24467
23919
24110
23782
24007
23838
23724
23943
23763
23220
23662
23327
23049
23296
23304
23158
23059
22905
23053
22803
23200
22954
22885
22648
22459
22770
22398
22127
22678
22232
22323
21967
22196
22129
22154
21981
21806
22051
21689
21576
21509
21622
21739
21865
21486
21834
21346
21153
21404
21327
21208
20877
20798
20918
20900
20628
20941
20363
20424
20552
20494
20742
20445
20361
20296
20312
20182
20266
20486
19938
20246
19891
19959
20026
19827
19933
19868
19383
19599
19318
19521
19800
19385
19261
19178
19187
19619
18852
18827
18950
18961
18888
18905
18828
18785
18598
18456
18567
18712
18500
18766
18122
18280
18495
18088
18178
18110
17908
18225
18028
17797
18089
17784
17966
17717
17720
17812
17851
17564
17537
17270
17622
17595
17294
17215
17246
17069
17265
17026
17328
17184
16805
17042
16900
16830
16618
16739
16811
16641
16784
16510
16665
16431
16498
16109
16458
16065
16390
16252
16031
16098
16202
16060
16011
16154
15796
16026
15841
16074
15786
15637
15620
15557
15380
15629
15457
15503
15414
15283
15173
15359
15213
15164
15222
15008
14860
15141
14833
14913
15150
14886
14979
14822
14873
14737
14778
14810
14674
14508
14530
14583
14527
14365
14384
14496
14254
14441
14199
14373
14197
14309
14195
14180
13855
13916
13996
13978
13945
13809
13744
13762
13506
13666
13734
13598
13586
13493
13326
13472
13534
13282
13269
13227
13244
13326
13074
13068
12894
12956
13025
13034
12976
12872
12771
12626
12871
13032
12945
12605
12719
12719
12623
12525
12423
12376
12314
12477
12467
12304
12423
12295
12326
12428
12188
12474
12329
11898
12073
11927
12024
12112
12043
12082
12087
11826
11721
11951
11722
11806
11870
11631
11636
11608
11652
11498
11553
11584
11303
11243
11395
11271
11362
11138
11346
11127
11285
11224
11099
11070
11119
10951
11083
11127
10994
10951
11050
10963
10776
10885
10812
10745
10690
10673
10683
10659
10809
10676
10547
10405
10475
10615
10310
10296
10374
10518
10512
10262
10231
10295
10287
10238
10360
10148
10330
10275
10187
10177
10032
10107
9923
9992
9959
10001
10001
9801
9793
10128
9761
9663
9702
9804
9625
9681
9714
9497
9572
9526
9338
9628
9615
9573
9350
9304
9331
9316
9129
9282
9209
9262
9153
9096
9155
9150
9088
9010
9125
9267
9148
8974
8985
9009
8968
8926
8842
8683
8992
8917
8779
8702
8735
8633
8775
8520
8728
8553
8598
8475
8410
8600
8324
8544
8603
8454
8351
8285
8369
8446
8225
8177
8258
8428
8238
8264
8264
8310
8050
8071
8310
8027
8018
8032
8083
8038
7808
7894
7819
7785
7934
7839
7906
7882
7732
7748
7784
7666
7702
7613
7597
7674
7624
7501
7584
7514
7541
7459
7536
7453
7397
7592
7432
7350
7346
7354
7400
7318
7193
7457
7248
7196
7147
7146
7062
7027
7140
7220
7018
6930
7062
6991
6959
7065
7077
6899
6934
6798
6933
6939
6867
6814
6946
6960
6833
6831
6829
6693
6747
6887
6690
6644
6638
6646
6765
6621
6658
6473
6512
6559
6543
6605
6483
6422
6428
6382
6403
6270
6469
6410
6453
6306
6328
6412
6405
6261
6291
6237
6207
6156
6081
6191
6200
6147
6167
6118
6116
6168
5935
5957
5991
5960
5937
5990
6005
5848
5928
5854
5865
5900
5848
5831
5890
5863
5820
5587
5803
5790
5711
5768
5750
5856
5645
5663
5583
5719
5560
5514
5586
5678
5367
5628
5405
5561
5288
5526
5372
5593
5448
5405
5444
5370
5366
5336
5337
5315
5266
5242
5409
5197
5176
5292
5237
5178
5232
5159
5088
5125
5141
5167
5056
5209
5071
5099
5081
5029
4969
5147
5121
5177
5011
4992
4997
4884
4929
4834
4934
4932
4833
4795
4855
4734
4786
4746
4886
4693
4698
4739
4737
4794
4728
4660
4665
4651
4727
4567
4638
4586
4642
4610
4745
4582
4604
4495
4568
4583
4517
4528
4597
4453
4403
4445
4470
4318
4278
4389
4468
4502
4375
4384
4308
4268
4304
4418
4345
4360
4394
4355
4197
4202
4177
4352
4271
4318
4213
4217
4132
4308
4136
4124
4114
4196
4115
3959
4034
4082
4128
3981
4092
4001
4064
3879
4009
3882
3962
3938
3897
3924
3809
3896
3919
3855
3973
3830
3964
3918
3940
3736
3843
3863
3902
3843
3756
3731
3727
3798
3753
3706
3758
3828
3634
3762
3665
3726
3690
3574
3746
3641
3657
3613
3669
3677
3638
3620
3520
3581
3565
3601
3609
3420
3564
3452
3561
3550
3511
3479
3416
3329
3375
3508
3539
3456
3432
3404
3355
3390
3321
3361
3273
3364
3316
3314
3309
3269
3290
3203
3333
3363
3334
3205
3294
3239
3203
3212
3179
3109
3293
3163
3208
3221
3156
3098
3092
3125
3140
3071
3099
3118
3036
3088
3060
3096
2995
3050
3088
3005
3027
3061
3013
2947
3034
2921
2972
2919
3009
2897
2970
2914
2938
3010
2865
2893
2964
2849
2896
2871
2811
2851
2883
2883
2842
2887
2910
2884
2847
2701
2847
2831
2797
2750
2749
2760
2739
2759
2716
2705
2718
2712
2687
2698
2688
2610
2649
2707
2550
2628
2743
2594
2616
2586
2543
2593
2622
2581
2624
2603
2506
2582
2528
2620
2680
2414
2553
2618
2470
2498
2477
2496
2467
2554
2450
2484
2510
2405
2356
2422
2393
2391
2544
2414
2401
2422
2361
2330
2461
2344
2331
2420
2336
2347
2413
2359
2363
2323
2312
2340
2248
2300
2434
2380
2334
2323
2246
2300
2195
2226
2268
2251
2142
2164
2163
2288
2234
2178
2222
2118
2234
2169
2138
2270
2187
2180
2277
2132
2164
2090
2165
2059
2171
2116
2106
2171
2052
2094
2027
2090
2133
2081
2145
2078
2091
2091
1981
2030
2015
1983
1968
1946
2089
2057
2074
1957
2006
1954
2015
1983
2038
2050
1975
1989
2000
1877
1850
1961
1956
1984
1942
1871
1908
1845
1973
1869
1840
1808
1885
1867
1863
1901
1902
1914
1856
1868
1932
1868
1888
1793
1849
1823
1726
1812
1833
1774
1762
1787
1804
1754
1753
1783
1773
1832
1710
1706
1758
1712
1773
1738
1758
1649
1735
1779
1716
1687
1739
1761
1781
1768
1624
1621
1698
1679
1661
1625
1709
1582
1668
1618
1608
1636
1530
1630
1658
1631
1584
1675
1549
1570
1582
1541
1557
1574
1585
1586
1562
1571
1596
1584
1576
1549
1530
1508
1516
1504
1554
1529
1516
1493
1533
1470
1565
1528
1469
1453
1422
1517
1494
1519
1473
1461
1435
1401
1389
1515
1436
1467
1416
1406
1418
1438
1438
1369
1390
1366
1376
1399
1399
1358
1370
1443
1416
1408
1325
1386
1439
1383
1398
1419
1315
1294
1366
1399
1299
1314
1285
1268
1344
1322
1312
1340
1297
1325
1258
1291
1291
1273
1282
1279
1213
1270
1269
1287
1224
1261
1264
1277
1225
1240
1242
1345
1322
1255
1217
1290
1259
1224
1132
1274
1204
1182
1157
1261
1194
1129
1186
1186
1250
1191
1148
1227
1178
1240
1153
1139
1181
1182
1161
1140
1179
1107
1236
1172
1145
1207
1176
1113
1179
1087
1167
1096
1141
1152
1108
1064
1085
1053
1061
1047
1101
1038
1097
1086
1075
1057
1103
1050
1065
1111
1094
1114
1075
1010
1025
1110
1064
983
1019
1035
1057
1073
1013
1048
1070
1012
1058
991
987
1060
1033
1039
985
1010
965
987
1006
1036
967
1016
1045
941
961
952
963
917
990
983
896
947
989
1006
1000
957
960
991
941
965
978
933
973
889
930
900
924
929
918
956
845
893
879
905
904
892
930
936
838
906
928
870
881
880
883
891
857
825
869
851
870
864
837
880
875
864
813
837
850
851
874
839
840
787
814
844
815
811
803
863
830
797
793
804
828
811
795
765
789
828
816
780
770
841
772
803
788
781
787
787
826
755
752
787
765
809
779
778
767
740
720
744
748
742
752
756
748
753
709
738
724
701
737
774
721
738
709
738
750
711
752
737
731
713
651
706
672
630
719
731
683
678
717
699
682
719
635
673
711
697
687
675
682
640
640
658
672
678
694
644
611
676
660
683
626
642
634
689
664
627
647
619
616
619
650
624
613
582
636
649
642
609
597
616
626
616
631
611
595
620
606
601
579
533
596
618
584
577
573
615
584
582
543
588
603
563
535
598
595
574
599
658
595
544
565
595
608
564
557
556
532
572
578
581
541
528
541
570
569
534
538
569
551
501
546
499
523
556
518
492
568
549
493
510
548
537
545
557
539
490
501
488
539
539
486
504
497
522
518
507
499
497
516
513
495
509
521
493
496
480
493
527
529
520
469
483
529
479
488
477
470
468
439
454
506
453
463
474
458
483
468
464
452
426
472
458
451
429
418
486
421
450
404
430
498
455
493
442
469
427
469
456
468
404
488
455
398
438
417
455
440
436
420
392
436
445
400
406
405
417
429
441
399
408
374
390
421
399
379
449
378
442
424
414
372
427
386
396
370
414
395
374
392
401
387
415
369
369
370
380
372
366
359
380
374
363
389
405
369
387
371
362
368
366
379
406
364
380
363
382
374
361
400
344
339
353
362
373
357
346
359
364
356
339
323
346
340
347
359
344
378
333
320
346
337
324
317
309
392
316
349
328
341
356
344
347
334
363
328
349
354
329
331
327
341
317
297
337
329
309
311
327
336
320
321
316
307
291
333
327
304
315
280
291
305
293
326
312
269
310
300
303
289
327
321
292
307
324
308
293
275
301
313
297
262
272
302
275
292
307
278
325
286
289
261
280
285
284
246
304
277
242
266
268
260
282
250
255
280
246
276
264
301
268
267
275
268
293
261
275
281
295
251
273
290
261
262
259
257
264
249
254
279
275
240
259
251
253
255
271
268
257
223
253
253
244
249
222
266
240
214
220
242
211
255
268
232
238
219
213
247
216
234
243
271
236
240
246
230
225
236
222
236
234
231
239
233
243
210
205
244
239
225
228
219
212
210
221
243
248
229
218
191
215
196
196
230
196
227
201
221
183
212
241
200
204
212
180
194
221
190
196
184
197
240
200
206
229
207
192
192
213
222
186
181
211
191
210
204
226
202
201
205
178
203
187
186
197
203
173
217
174
201
202
173
189
177
182
184
189
168
185
162
166
199
175
210
206
180
178
165
169
184
164
189
168
200
194
161
165
207
181
189
162
167
148
166
161
168
167
170
178
171
171
191
175
168
164
178
172
139
171
167
166
190
147
158
153
169
172
161
155
162
160
184
160
163
140
172
160
149
174
149
148
151
149
163
188
144
147
150
156
146
166
172
140
143
142
165
153
150
144
164
135
151
169
122
147
139
151
159
153
145
159
153
156
145
139
151
143
138
140
120
128
137
173
142
148
141
158
133
120
121
149
136
121
135
151
118
144
126
114
125
137
149
132
123
119
131
155
122
135
125
126
148
131
130
111
141
115
122
125
122
126
133
146
142
111
118
135
131
128
121
137
119
129
130
125
118
91
100
121
120
109
116
140
116
131
132
139
117
150
125
110
109
127
134
123
133
113
129
121
119
123
108
101
111
133
92
119
129
120
110
99
104
96
98
123
121
117
104
123
100
109
107
119
109
112
103
117
113
93
104
106
104
109
113
107
114
102
112
111
111
116
117
114
101
92
101
93
87
95
115
90
103
92
100
81
104
83
102
104
93
104
87
100
85
91
91
105
107
99
92
100
71
82
83
101
89
96
86
111
107
82
108
94
95
86
84
78
93
96
98
87
86
83
75
80
81
96
83
92
85
104
74
82
99
81
73
80
81
95
87
68
88
107
75
97
73
88
83
82
82
82
73
81
90
93
86
73
71
96
71
93
78
81
92
95
85
95
74
73
88
81
79
72
91
73
79
74
63
77
68
70
72
89
65
69
69
76
71
77
66
81
64
70
68
83
75
78
81
63
66
79
70
66
63
71
82
60
71
68
79
81
67
62
83
91
76
86
67
63
56
70
73
77
74
72
70
64
70
71
78
80
77
60
59
65
68
52
77
61
80
54
74
74
52
60
67
74
70
66
47
56
65
62
63
56
66
74
56
60
61
66
66
61
58
49
85
77
70
66
70
77
63
51
68
62
57
53
46
54
61
66
59
54
53
54
52
66
57
66
48
65
63
47
65
66
59
56
54
49
76
69
56
62
58
64
49
50
65
49
67
52
58
55
61
57
50
46
56
47
60
52
65
63
48
70
49
55
51
43
48
58
47
55
58
38
54
51
56
44
59
55
51
48
45
67
55
56
58
43
47
33
42
40
47
47
50
41
43
50
51
48
47
52
58
47
40
56
54
35
46
40
44
47
45
51
34
52
52
64
40
53
42
33
43
40
47
39
47
47
52
51
44
35
32
40
38
52
43
52
41
48
43
43
46
44
42
36
42
34
43
43
31
61
41
43
44
45
41
34
38
28
39
40
39
37
55
43
32
38
44
35
47
51
48
45
38
38
35
37
35
33
35
41
31
39
42
35
40
27
53
34
41
38
35
41
27
42
37
33
35
29
51
42
44
34
40
36
37
34
28
30
39
35
41
34
31
41
46
39
36
39
36
32
29
30
37
30
27
48
30
38
31
40
39
36
32
42
31
25
39
29
40
30
39
29
36
35
36
32
33
34
25
30
30
20
33
33
34
40
33
27
29
31
26
23
20
34
32
28
31
22
23
29
34
28
29
32
15
21
27
28
27
32
18
27
26
33
23
16
32
33
29
22
27
23
31
33
22
29
33
31
22
33
29
35
18
25
26
23
34
22
39
22
28
28
21
34
30
29
20
32
16
23
35
19
29
22
28
17
19
35
34
28
26
33
33
35
29
23
25
25
30
24
25
20
22
27
28
35
24
25
33
26
23
26
15
20
24
27
21
13
29
29
20
21
30
24
27
13
29
18
29
25
23
28
37
19
25
10
19
16
27
19
22
26
18
27
19
32
18
19
21
14
19
24
14
20
21
27
25
26
25
16
20
16
20
21
21
20
18
28
35
17
17
22
18
34
20
24
21
23
21
22
25
14
18
31
16
26
11
17
15
19
28
13
29
23
18
21
26
21
18
29
26
20
17
20
21
23
18
18
18
22
13
22
14
25
19
27
18
11
16
19
19
19
16
23
20
12
18
13
23
19
17
19
23
13
15
24
17
27
15
20
17
19
19
11
15
15
16
17
13
16
14
19
17
17
17
19
23
25
17
25
21
26
23
18
14
22
18
16
21
21
15
14
11
11
21
13
15
10
13
22
19
14
11
12
18
11
11
12
14
11
10
13
16
18
13
15
23
8
18
10
9
15
12
17
17
11
12
16
17
8
10
5
15
10
12
12
15
10
17
19
15
14
10
7
10
10
9
26
11
11
17
14
12
13
12
10
14
12
8
12
15
22
21
9
10
13
10
12
20
12
12
9
15
10
8
15
12
13
12
13
14
16
5
21
11
15
5
14
18
13
16
18
9
16
8
15
14
11
13
6
13
12
7
13
16
6
15
10
18
11
11
10
10
20
12
10
13
9
13
16
7
12
9
15
8
12
12
15
7
9
11
13
7
7
13
13
7
9
4
15
15
9
17
6
5
12
13
11
15
7
12
13
11
8
17
7
9
10
8
4
4
13
12
15
10
14
12
11
11
16
9
9
8
12
13
6
8
14
8
8
9
15
9
12
4
10
11
4
8
3
10
3
7
7
11
12
9
8
6
7
8
15
9
3
10
5
13
11
5
8
11
9
8
10
9
6
11
9
11
6
2
8
6
7
14
3
7
6
7
8
7
11
10
2
10
6
6
5
8
12
8
6
8
6
6
7
10
4
12
5
9
9
5
5
12
7
4
7
2
4
15
8
7
6
5
14
7
10
7
10
5
8
7
10
12
9
10
7
18
4
5
5
6
8
12
9
3
4
10
6
13
6
15
5
5
5
7
3
10
1
5
6
4
7
7
9
7
1
6
7
11
7
4
5
4
3
6
5
6
9
12
6
10
12
11
5
8
6
8
7
4
2
6
10
3
8
1
5
7
4
8
8
8
4
6
5
5
13
2
6
6
11
13
9
7
8
4
8
7
13
0
6
5
8
7
5
3
10
8
6
6
7
5
6
5
3
4
5
2
0
4
6
7
3
4
5
8
6
2
7
6
4
3
7
6
6
5
5
7
5
8
11
8
8
4
9
5
6
4
6
4
3
5
8
4
7
3
5
4
8
8
8
4
4
2
6
3
10
6
4
6
7
5
2
8
4
7
7
5
1
5
5
1
4
5
2
1
3
7
0
6
2
3
6
6
4
2
4
3
3
3
8
3
4
4
1
5
5
5
2
4
3
3
4
7
7
6
3
10
5
3
4
1
2
5
6
3
4
2
1
2
7
6
1
5
3
4
4
4
2
6
3
6
6
3
4
7
4
5
1
3
3
10
3
8
3
4
0
5
5
6
6
3
2
2
6
3
4
5
4
3
3
3
5
5
5
2
3
2
3
4
3
4
0
1
5
5
1
3
3
5
4
4
6
3
4
3
6
2
4
5
5
2
3
3
3
7
5
4
3
6
2
4
7
4
3
4
4
8
3
2
3
2
1
3
6
1
2
1
7
1
1
8
5
2
3
3
3
5
3
3
3
4
3
7
1
5
3
3
4
2
4
5
2
3
5
3
1
4
1
3
4
5
0
2
2
5
2
7
6
1
2
5
1
0
3
1
2
3
5
0
3
5
7
3
3
1
1
5
6
3
0
3
3
2
1
2
3
0
2
0
4
2
2
2
2
3
2
2
3
4
2
0
3
4
3
4
5
4
2
2
0
3
1
2
3
2
0
1
3
3
4
2
4
0
1
2
1
2
1
0
1
2
4
0
0
0
0
3
1
4
1
0
3
1
2
3
2
2
2
2
4
1
1
0
3
3
4
3
3
2
1
3
2
2
2
2
0
2
1
1
1
0
0
3
3
2
1
2
1
1
0
2
2
1
2
3
3
1
2
3
2
4
1
3
3
3
0
3
3
2
3
3
5
6
2
1
0
3
1
1
1
2
2
1
1
5
3
3
5
4
2
2
1
3
3
0
2
3
1
1
1
0
2
0
1
2
2
1
1
2
1
3
5
3
3
3
0
1
1
3
1
1
2
1
3
2
1
4
3
1
1
2
0
1
2
2
2
1
2
3
0
3
4
2
1
0
1
3
1
2
2
5
2
0
0
4
2
1
3
1
2
0
0
3
2
0
2
3
1
1
4
2
2
1
1
3
2
2
5
2
2
1
0
2
0
0
2
1
1
1
1
4
0
3
3
0
0
1
3
1
1
2
1
1
1
0
2
1
0
1
1
1
0
2
1
1
0
2
1
3
2
3
0
0
0
1
0
3
0
0
2
2
1
1
1
3
3
2
5
3
2
0
1
1
3
1
2
1
1
1
1
0
0
0
0
1
0
0
0
1
3
1
1
1
2
1
6
2
1
0
1
7
0
0
2
0
2
4
0
1
1
6
0
0
0
2
1
2
1
3
2
2
0
1
1
1
0
1
1
0
3
1
1
1
1
0
1
1
1
2
2
1
1
1
4
0
0
1
0
3
1
1
1
0
1
0
0
0
3
2
0
1
0
3
0
0
1
0
0
0
0
3
0
2
1
2
0
1
0
0
0
1
0
1
1
1
1
0
0
1
0
0
0
1
0
2
1
3
0
1
2
0
1
0
3
0
2
0
2
1
1
2
2
2
0
0
1
2
1
0
1
2
4
2
0
0
1
1
1
0
1
0
0
1
1
0
1
0
1
1
0
2
2
0
0
1
0
0
1
0
1
0
1
2
1
2
1
4
2
1
2
2
1
0
1
0
1
1
1
0
0
0
1
1
3
0
0
0
0
0
0
1
0
0
1
1
0
2
0
0
3
0
0
1
0
0
1
3
1
0
0
0
1
0
2
1
1
0
0
0
1
0
1
0
0
1
1
2
0
1
2
0
0
1
0
0
1
0
0
1
0
0
2
0
0
1
0
0
1
0
0
3
0
0
0
2
0
0
0
2
0
2
0
0
1
1
0
0
0
0
0
0
0
1
1
0
0
0
0
2
0
0
0
0
0
0
1
1
3
2
0
1
1
0
0
0
0
1
1
0
1
1
0
1
0
2
1
0
0
0
1
1
0
0
2
0
0
0
1
1
1
0
1
0
0
0
0
0
0
0
0
2
0
0
0
0
0
0
1
1
1
0
0
0
0
0
0
0
0
0
1
0
1
0
1
0
0
0
1
1
0
0
0
1
0
0
1
0
1
1
1
0
1
0
0
0
0
1
0
0
0
1
1
1
0
0
0
0
0
0
0
0
0
0
1
1
0
2
2
0
1
1
0
0
0
0
2
1
2
0
0
1
2
1
0
0
2
0
1
1
0
0
2
0
0
0
0
0
1
0
0
1
0
2
0
1
1
1
0
0
2
3
1
2
3
1
0
0
0
0
2
1
0
0
0
1
0
0
1
1
0
2
0
0
0
0
1
0
0
1
0
0
0
0
1
1
1
0
0
1
0
0
0
0
0
0
1
0
0
0
1
0
0
0
0
0
0
1
0
0
0
1
1
1
0
0
0
0
1
0
0
0
1
0
0
2
0
0
1
0
0
0
0
0
1
1
0
0
0
0
0
1
1
0
0
0
0
1
0
0
0
0
0
0
0
0
1
0
0
1
1
0
0
0
0
0
0
0
1
1
0
1
1
1
1
0
0
0
0
0
0
0
0
0
0
0
0
1
0
0
1
0
0
0
1
0
0
0
0
1
0
0
1
0
0
1
0
0
0
0
0
0
2
1
0
1
0
0
0
0
0
0
0
0
0
1
0
1
0
0
0
0
1
0
0
0
1
0
0
0
0
0
0
0
0
0
0
0
1
0
1
0
1
0
0
0
0
1
0
0
0
0
0
0
0
0
0
0
0
1
0
0
0
0
0
0
0
0
1
0
1
1
0
2
0
0
0
0
0
1
0
0
0
0
0
0
0
0
0
0
0
0
0
0
0
1
0
0
1
0
0
0
0
0
0
0
0
0
0
0
0
0
0
0
0
0
0
0
1
1
0
0
0
0
0
0
1
0
0
0
0
0
0
0
1
0
0
0
0
0
0
1
0
0
0
0
0
1
0
0
0
0
0
0
0
0
0
0
0
1
0
1
0
0
0
1
0
0
0
0
0
0
2
0
0
0
0
0
0
0
0
1
0
0
0
0
0
0
0
1
0
0
1
0
0
1
0
0
0
3
0
0
0
0
0
0
0
0
0
0
1
0
0
0
0
0
0
0
0
0
0
0
0
0
0
0
0
0
0
1
0
0
0
0
0
0
0
0
0
0
0
0
0
1
0
0
0
0
0
1
0
0
0
0
0
1
0
0
0
0
0
0
0
0
0
0
0
0
1
0
0
0
0
0
0
0
0
0
0
1
0
0
0
0
0
0
0
0
0
0
0
0
0
0
1
0
0
0
0
0
0
0
0
0
0
0
0
0
0
0
0
0
0
0
0
0
1
1
0
0
0
0
0
0
1
0
0
0
0
0
1
0
0
0
0
0
0
0
0
1
0
0
0
0
0
0
0
0
0
0
0
1
0
0
0
0
0
1
0
0
0
0
0
0
0
0
0
0
0
0
0
0
0
0
0
0
0
0
0
0
0
0
0
0
0
0
0
0
0
1
0
0
0
0
0
0
0
0
0
1
0
0
0
1
0
0
0
0
1
0
0
0
0
0
0
0
0
0
0
0
0
0
0
0
0
0
0
0
0
0
0
0
0
0
0
0
0
0
0
0
0
0
0
0
0
1
0
0
0
0
0
0
0
0
0
0
0
0
0
0
0
0
0
0
0
0
0
0
0
1
0
0
0
0
0
0
0
0
0
0
0
0
0
0
0
0
0
0
0
0
1
0
0
0
0
0
0
1
0
0
0
0
0
0
0
0
1
0
0
0
0
0
0
0
0
0
0
0
0
0
0
0
1
0
1
0
0
0
0
0
0
0
0
0
0
0
0
0
0
0
0
0
0
0
0
0
0
0
0
0
0
0
0
0
0
0
0
0
1
0
0
0
0
0
0
1
0
0
0
0
0
0
0
0
0
0
0
0
0
0
0
0
0
0
0
0
0
0
0
0
0
0
0
0
0
0
0
0
0
0
0
0
0
0
0
0
0
0
0
0
0
0
0
0
0
0
0
0
0
0
1
0
0
0
0
0
0
0
0
0
0
0
0
0
0
0
0
1
0
0
0
0
0
0
0
0
0
0
0
0
0
0
0
0
0
0
0
0
1
0
0
0
0
0
0
0
0
0
0
0
0
0
1
0
0
0
0
0
0
0
0
0
0
0
0
0
0
0
0
0
0
0
1
0
1
0
0
0
0
1
0
0
0
0
0
0
0
1
0
0
0
0
0
0
0
0
0
0
0
0
0
0
0
0
0
0
0
0
0
0
0
0
0
0
0
0
0
0
0
0
0
0
0
0
0
0
0
0
0
0
0
0
0
0
0
0
0
0
0
1
0
0
0
0
0
0
0
0
0
0
0
1
0
0
0
0
0
0
0
0
0
0
0
0
0
0
0
0
0
0
0
0
0
0
0
0
0
0
0
0
0
0
0
0
0
0
0
0
0
0
0
0
0
0
0
0
0
0
0
0
0
0
0
0
0
0
0
0
0
0
0
0
0
0
1
0
0
0
0
0
0
0
0
0
0
0
0
0
0
0
0
0
1
0
0
0
0
0
0
0
0
0
0
0
0
0
0
0
0
0
0
0
0
0
0
0
0
0
0
0
0
0
0
0
0
0
0
0
0
0
0
0
0
0
0
0
0
0
0
0
0
0
0
0
0
0
0
0
0
0
1
1
0
0
0
0
0
0
0
0
0
0
0
0
0
0
0
0
0
0
0
0
0
0
0
0
0
0
0
0
0
0
0
0
0
0
0
0
0
0
0
0
0
0
0
0
0
0
0
0
0
0
0
0
0
0
0
0
0
0
0
0
0
0
0
0
0
0
0
0
0
0
0
0
0
0
0
0
0
0
0
0
0
0
0
0
0
0
0
0
0
0
0
0
0
0
0
0
0
0
0
0
0
0
0
0
0
0
0
0
0
0
0
0
0
0
0
0
0
0
0
0
0
0
0
0
0
0
0
0
0
0
0
0
0
0
0
0
0
0
0
0
0
0
0
0
0
0
0
0
0
0
0
0
0
0
0
0
0
0
0
0
0
0
0
0
0
0
0
0
0
0
0
0
0
0
0
0
0
0
0
0
0
0
1
0
0
0
0
0
0
0
0
0
0
0
0
0
0
0
0
0
0
0
0
0
0
0
0
0
0
0
0
0
0
0
0
0
0
0
0
0
0
0
0
0
0
0
0
0
0
0
0
0
0
0
0
0
0
0
0
0
0
0
0
0
0
0
0
0
0
0
0
0
0
0
0
0
0
0
0
0
0
0
0
0
0
0
0
0
0
0
0
0
0
0
1
0
0
0
0
0
0
0
0
0
0
0
0
0
0
0
0
0
0
0
0
0
0
0
0
0
0
1
0
0
0
1
0
0
0
0
0
0
0
0
0
0
0
0
0
0
0
0
0
0
0
0
0
0
0
0
0
0
0
0
0
0
0
0
0
0
0
0
0
0
0
0
0
0
0
0
0
0
0
0
0
0
0
0
0
0
0
0
0
0
0
0
0
0
0
0
0
0
0
0
0
0
0
0
0
0
0
0
0
0
0
0
0
0
0
0
0
0
0
1
0
0
0
0
0
0
0
0
0
0
0
0
0
0
0
0
0
0
0
0
0
0
0
0
0
0
0
0
0
0
0
0
0
0
0
0
0
0
0
0
0
0
0
0
0
0
0
0
0
0
0
0
0
0
0
0
0
0
0
0
0
0
0
0
0
0
0
0
0
0
0
0
0
0
0
0
0
0
0
0
0
0
0
0
0
0
0
0
0
0
0
0
0
0
0
0
0
0
0
0
0
0
0
0
0
0
0
0
0
0
0
0
0
0
0
0
0
0
0
0
0
0
1
0
0
0
0
0
0
0
0
0
0
0
0
0
0
0
1
0
0
0
0
0
0
0
0
0
0
0
0
0
0
0
0
0
0
0
0
0
0
0
0
0
0
0
0
0
0
0
0
0
0
0
0
0
0
0
0
0
0
0
0
0
0
0
0
0
0
0
0
0
0
0
0
0
0
0
0
0
0
0
0
0
0
0
0
0
0
0
0
0
0
0
0
0
0
0
0
0
0
0
0
0
0
0
0
0
0
0
0
0
0
0
0
0
0
0
0
0
0
0
0
0
0
0
0
0
0
0
0
0
0
0
0
0
0
0
0
0
0
0
0
0
0
0
0
0
0
0
0
0
0
0
0
0
0
0
0
0
0
0
0
0
0
0
0
0
0
0
0
0
0
0
0
0
0
0
0
0
0
0
0
0
0
0
0
0
0
0
0
0
0
0
0
0
0
0
0
0
0
0
0
0
0
0
0
0
0
0
0
0
0
0
0
0
0
0
0
0
0
0
0
0
0
0
0
0
0
0
0
0
0
0
0
0
0
0
0
0
0
0
0
0
0
0
0
0
0
0
0
0
0
0
0
0
0
0
0
0
0
0
0
0
0
0
0
0
0
0
0
0
0
0
0
0
0
0
0
0
0
0
0
0
0
0
0
0
0
0
0
0
0
0
0
0
0
0
0
0
0
0
0
0
0
0
0
0
0
0
0
0
0
0
0
0
0
0
0
0
0
0
0
0
0
0
0
0
0
0
0
0
0
0
0
0
0
0
0
0
0
0
0
0
0
0
0
0
0
0
0
0
0
0
0
0
0
0
0
0
0
0
0
0
0
0
0
0
0
0
0
0
0
0
0
0
0
0
0
0
0
0
0
0
0
0
0
0
0
0
0
0
0
0
0
0
0
0
0
0
0
0
0
0
0
0
0
0
0
0
0
0
0
0
0
0
0
0
0
0
0
0
0
0
0
0
0
0
0
0
0
0
0
0
0
0
0
0
0
0
0
0
0
0
0
0
0
0
0
0
0
0
0
0
0
0
0
0
0
0
0
0
0
0
0
0
0
0
0
0
0
0
0
0
0
0
0
0
0
0
0
0
0
0
0
0
0
0
0
0
0
0
0
0
0
0
0
0
0
0
0
0
0
0
0
0
0
0
0
0
0
0
0
0
0
0
0
0
0
0
0
0
0
0
0
0
0
0
0
0
0
0
0
0
0
0
0
0
0
0
0
0
0
0
0
0
0
0
0
0
0
0
0
0
0
0
0
0
0
0
0
0
0
0
0
0
0
0
0
0
0
0
0
0
0
0
0
0
0
0
0
0
0
0
0
0
0
0
0
0
0
0
0
0
0
0
0
0
0
0
0
0
0
0
0
0
0
0
0
0
0
0
0
0
0
0
0
0
0
0
0
0
0
0
0
0
0
0
0
0
0
0
0
0
0
0
0
0
0
0
0
0
0
0
0
0
0
0
0
0
0
0
0
0
0
0
0
0
0
0
0
0
0
0
0
0
0
0
0
0
0
0
0
0
0
0
0
0
0
0
0
0
0
0
0
0
0
0
0
0
0
0
0
0
0
0
0
0
0
0
0
0
0
0
0
0
0
0
0
0
0
0
0
0
0
0
0
0
0
0
0
0
0
0
0
0
0
0
0
0
0
0
0
0
0
0
0
0
0
0
0
0
0
0
0
0
0
0
0
0
0
0
0
0
0
0
0
0
0
0
0
0
0
0
0
0
0
0
0
0
0
0
0
0
0
0
0
0
0
0
0
0
0
0
0
0
0
0
0
0
0
0
0
0
0
0
0
0
0
0
0
0
0
0
0
0
0
0
0
0
0
0
0
0
0
0
0
0
0
0
0
0
0
0
0
0
0
0
0
0
0
0
0
0
0
0
0
0
0
0
0
0
0
0
0
0
0
0
0
0
0
0
0
0
0
0
0
0
0
0
0
0
0
0
0
0
0
0
0
0
0
0
0
0
0
0
0
0
0
0
0
0
0
0
0
0
0
0
0
0
0
0
0
0
0
0
0
0
0
0
0
0
0
0
0
0
0
0
0
0
0
0
0
0
0
0
0
0
0
0
0
0
0
0
0
0
0
0
0
0
0
0
0
0
0
0
0
0
0
0
0
0
0
0
0
0
0
0
0
0
0
0
0
0
0
0
0
0
0
0
0
0
0
0
0
0
0
0
0
0
0
0
0
0
0
0
0
0
0
0
0
0
0
0
0
0
0
0
0
0
0
0
0
0
0
0
0
0
0
0
0
0
0
0
0
0
0
0
0
0
0
0
0
0
0
0
0
0
0
0
0
0
0
0
0
0
0
0
0
0
0
0
0
0
0
0
0
0
0
0
0
0
0
0
0
0
0
0
0
0
0
0
0
0
0
0
0
0
0
0
0
0
0
0
0
0
0
0
0
0
0
0
0
0
0
0
0
0
0
0
0
0
0
0
0
0
0
0
0
0
0
0
0
0
0
0
0
0
0
0
0
0
0
0
0
0
0
0
0
0
0
0
0
0
0
0
0
0
0
0
0
0
0
0
0
0
0
0
0
0
0
0
0
0
0
0
0
0
0
0
0
0
0
0
0
0
0
0
0
0
0
0
0
0
0
0
0
0
0
0
0
0
0
0
0
0
0
0
0
0
0
0
0
0
0
0
0
0
0
0
0
0
0
0
0
0
0
0
0
0
0
0
0
0
0
0
0
0
0
0
0
0
0
0
0
0
0
0
0
0
0
0
0
0
0
0
0
0
0
0
0
0
0
0
0
0
0
0
0
0
0
0
0
0
0
0
0
0
0
0
0
0
0
0
0
0
0
0
0
0
0
0
0
0
0
0
0
0
0
0
0
0
0
0
0
0
0
0
0
0
0
0
0
0
0
0
0
0
0
0
0
0
0
0
0
0
0
0
0
0
0
0
0
0
0
0
0
0
0
0
0
0
0
0
0
0
0
0
0
0
0
0
0
0
0
0
0
0
0
0
0
0
0
0
0
0
0
0
0
0
0
0
0
0
0
0
0
0
0
0
0
0
0
0
0
0
0
0
0
0
0
0
0
0
0
0
0
0
0
0
0
0
0
0
0
0
0
0
0
0
0
0
0
0
0
0
0
0
0
0
0
0
0
0
0
0
0
0
0
0
0
0
0
0
0
0
0
0
0
0
0
0
0
0
0
0
0
0
0
0
0
0
0
0
0
0
0
0
0
0
0
0
0
0
0
0
0
0
0
0
0
0
0
0
0
0
0
0
0
0
0
0
0
0
0
0
0
0
0
0
0
0
0
0
0
0
0
0
0
0
0
0
0
0
0
0
0
0
0
0
0
0
0
0
0
0
0
0
0
0
0
0
0
0
0
0
0
0
0
0
0
0
0
0
0
0
0
0
0
0
0
0
0
0
0
0
0
0
0
0
0
0
0
0
0
0
0
0
0
0
0
0
0
0
0
0
0
0
0
0
0
0
0
0
0
0
0
0
0
0
0
0
0
0
0
0
0
0
0
0
0
0
0
0
0
0
0
0
0
0
0
0
0
0
0
0
0
0
0
0
0
0
0
0
0
0
0
0
0
0
0
0
0
0
0
0
0
0
0
0
0
0
0
0
0
0
0
0
0
0
0
0
0
0
0
0
0
0
0
0
0
0
0
0
0
0
0
0
0
0
0
0
0
0
0
0
0
0
0
0
0
0
0
0
0
0
0
0
0
0
0
0
0
0
0
0
0
0
0
0
0
0
0
0
0
0
0
0
0
0
0
0
0
0
0
0
0
0
0
0
0
0
0
0
0
0
0
0
0
0
0
0
0
0
0
0
0
0
0
0
0
0
0
0
0
0
0
0
0
0
0
0
0
0
0
0
0
0
0
0
0
0
0
0
0
0
0
0
0
0
0
0
0
0
0
0
0
0
0
0
0
0
0
0
0
0
0
0
0
0
0
0
0
0
0
0
0
0
0
0
0
0
0
0
0
0
0
0
0
0
0
0
0
0
0
0
0
0
0
0
0
0
0
0
0
0
0
0
0
0
0
0
0
0
0
0
0
0
0
0
0
0
0
0
0
0
0
0
0
0
0
0
0
0
0
0
0
0
0
0
0
0
0
0
0
0
0
0
0
0
0
0
0
0
0
0
0
0
0
0
0
0
0
0
0
0
0
0
0
0
0
0
0
0
0
0
0
0
0
0
0
0
0
0
0
0
0
0
0
0
0
0
0
0
0
0
0
0
0
0
0
0
0
0
0
0
0
0
0
0
0
0
0
0
0
0
0
0
0
0
0
0
0
0
0
0
0
0
0
0
0
0
0
0
0
0
0
0
0
0
0
0
0
0
0
0
0
0
0
0
0
0
0
0
0
0
0
0
0
0
0
0
0
0
0
0
0
0
0
0
0
0
0
0
0
0
0
0
0
0
0
0
0
0
0
0
0
0
0
0
0
0
0
0
0
0
0
0
0
0
0
0
0
0
0
0
0
0
0
0
0
0
0
0
0
0
0
0
0
0
0
0
0
0
0
0
0
0
0
0
0
0
0
0
0
0
0
0
0
0
0
0
0
0
0
0
0
0
0
0
0
0
0
0
0
0
0
0
0
0
0
0
0
0
0
0
0
0
0
0
0
0
0
0
0
0
0
0
0
0
0
0
0
0
0
0
0
0
0
0
0
0
0
0
0
0
0
0
0
0
0
0
0
0
0
0
0
0
0
0
0
0
0
0
0
0
0
0
0
0
0
0
0
0
0
0
0
0
0
0
0
0
0
0
0
0
0
0
0
0
0
0
0
0
0
0
0
0
0
0
0
0
0
0
0
0
0
0
0
0
0
0
0
0
0
0
0
0
0
0
0
0
0
0
0
0
0
0
0
0
0
0
0
0
0
0
0
0
0
0
0
0
0
0
0
0
0
0
0
0
0
0
0
0
0
0
0
0
0
0
0
0
0
0
0
0
0
0
0
0
0
0
0
0
0
0
0
0
0
0
0
0
0
0
0
0
0
0
0
0
0
0
0
0
0
0
0
0
0
0
0
0
0
0
0
0
0
0
0
0
0
0
0
0
0
0
0
0
0
0
0
0
0
0
0
0
0
0
0
0
0
0
0
0
0
0
0
0
0
0
0
0
0
0
0
0
0
0
0
0
0
0
0
0
0
0
0
0
0
0
0
0
0
0
0
0
0
0
0
0
0
0
0
0
0
0
0
0
0
0
0
0
0
0
0
0
0
0
0
0
0
0
0
0
0
0
0
0
0
0
0
0
0
0
0
0
0
0
0
0
0
0
0
0
0
0
0
0
0
0
0
0
0
0
0
0
0
0
0
0
0
0
0
0
0
0
0
0
0
0
0
0
0
0
0
0
0
0
0
0
0
0
0
0
0
0
0
0
0
0
0
0
0
0
0
0
0
0
0
0
0
0
0
0
0
0
0
0
0
0
0
0
0
0
0
0
0
0
0
0
0
0
0
0
0
0
0
0
0
0
0
0
0
0
0
0
0
0
0
0
0
0
0
0
0
0
0
0
0
0
0
0
0
0
0
0
0
0
0
0
0
0
0
0
0
0
0
0
0
0
0
0
0
0
0
0
0
0
0
0
0
0
0
0
0
0
0
0
0
0
0
0
0
0
0
0
0
0
0
0
0
0
0
0
0
0
0
0
0
0
0
0
0
0
0
0
0
0
0
0
0
0
0
0
0
0
0
0
0
0
0
0
0
0
0
0
0
0
0
0
0
0
0
0
0
0
0
0
0
0
0
0
0
0
0
0
0
0
0
0
0
0
0
0
0
0
0
0
0
0
0
0
0
0
0
0
0
0
0
0
0
0
0
0
0
0
0
0
0
0
0
0
0
0
0
0
0
0
0
0
0
0
0
0
0
0
0
0
0
0
0
0
0
0
0
0
0
0
0
0
0
0
0
0
0
0
0
0
0
0
0
0
0
0
0
0
0
0
0
0
0
0
0
0
0
0
0
0
0
0
0
0
0
0
0
0
0
0
0
0
0
0
0
0
0
0
0
0
0
0
0
0
0
0
0
0
0
0
0
0
0
0
0
0
0
0
0
0
0
0
0
0
0
0
0
0
0
0
0
0
0
0
0
0
0
0
0
0
0
0
0
0
0
0
0
0
0
0
0
0
0
0
0
0
0
0
0
0
0
0
0
0
0
0
0
0
0
0
0
0
0
0
0
0
0
0
0
0
0
0
0
0
0
0
0
0
0
0
0
0
0
0
0
0
0
0
0
0
0
0
0
0
0
0
0
0
0
0
0
0
0
0
0
0
0
0
0
0
0
0
0
0
0
0
0
0
0
0
0
0
0
0
0
0
0
0
0
0
0
0
0
0
0
0
0
0
0
0
0
0
0
0
0
0
0
0
0
0
0
0
0
0
0
0
0
0
0
0
0
0
0
0
0
0
0
0
0
0
0
0
0
0
0
0
0
0
0
0
0
0
0
0
0
0
0
0
0
0
0
0
0
0
0
0
0
0
0
0
0
0
0
0
0
0
0
0
0
0
0
0
0
0
0
0
0
0
0
0
0
0
0
0
0
0
0
0
0
0
0
0
0
0
0
0
0
0
0
0
0
0
0
0
0
0
0
0
0
0
0
0
0
0
0
0
0
0
0
0
0
0
0
0
0
0
0
0
0
0
0
0
0
0
0
0
0
0
0
0
0
0
0
0
0
0
0
0
0
0
0
0
0
0
0
0
0
0
0
0
0
0
0
0
0
0
0
0
0
0
0
0
0
0
0
0
0
0
0
0
0
0
0
0
0
0
0
0
0
0
0
0
0
0
0
0
0
0
0
0
0
0
0
0
0
0
0
0
0
0
0
0
0
0
0
0
0
0
0
0
0
0
0
0
0
0
0
0
0
0
0
0
0
0
0
0
0
0
0
0
0
0
0
0
0
0
0
0
0
0
0
0
0
0
0
0
0
0
0
0
0
0
0
0
0
0
0
0
0
0
0
0
0
0
0
0
0
0
0
0
0
0
0
0
0
0
0
0
0
0
0
0
0
0
0
0
0
0
0
0
0
0
0
0
0
0
0
0
0
0
0
0
0
0
0
0
0
0
0
0
0
0
0
0
0
0
0
0
0
0
0
0
0
0
0
0
0
0
0
0
0
0
0
0
0
0
0
0
0
0
0
0
0
0
0
0
0
0
0
0
0
0
0
0
0
0
0
0
0
0
0
0
0
0
0
0
0
0
0
0
0
0
0
0
0
0
0
0
0
0
0
0
0
0
0
0
0
0
0
0
0
0
0
0
0
0
0
0
0
0
0
0
0
0
0
0
0
0
0
0
0
0
0
0
0
0
0
0
0
0
0
0
0
0
0
0
0
0
0
0
0
0
0
0
0
0
0
0
0
0
0
0
0
0
0
0
0
0
0
0
0
0
0
0
0
0
0
0
0
0
0
0
0
0
0
0
0
0
0
0
0
0
0
0
0
0
0
0
0
0
0
0
0
0
0
0
0
0
0
0
0
0
0
0
0
0
0
0
0
0
0
0
0
0
0
0
0
0
0
0
0
0
0
0
0
0
0
0
0
0
0
0
0
0
0
0
0
0
0
0
0
0
0
0
0
0
0
0
0
0
0
0
0
0
0
0
0
0
0
0
0
0
0
0
0
0
0
0
0
0
0
0
0
0
0
0
0
0
0
0
0
0
0
0
0
0
0
0
0
0
0
0
0
0
0
0
0
0
0
0
0
0
0
0
0
0
0
0
0
0
0
0
0
0
0
0
0
0
0
0
0
0
0
0
0
0
0
0
0
0
0
0
0
0
0
0
0
0
0
0
0
0
0
0
0
0
0
0
0
0
0
0
0
0
0
0
0
0
0
0
0
0
0
0
0
0
0
0
0
0
0
0
0
0
0
0
0
0
0
0
0
0
0
0
0
0
0
0
0
0
0
0
0
0
0
0
0
0
0
0
0
0
0
0
0
0
0
0
0
0
0
0
0
0
0
0
0
0
0
0
0
0
0
0
0
0
0
0
0
0
0
0
0
0
0
0
0
0
0
0
0
0
0
0
0
0
0
0
0
0
0
0
0
0
0
0
0
0
0
0
0
0
0
0
0
0
0
0
0
0
0
0
0
0
0
0
0
0
0
0
0
0
0
0
0
0
0
0
0
0
0
0
0
0
0
0
0
0
0
0
0
0
0
0
0
0
0
0
0
0
0
0
0
0
0
0
0
0
0
0
0
0
0
0
0
0
0
0
0
0
0
0
0
0
0
0
0
0
0
0
0
0
0
0
0
0
0
0
0
0
0
0
0
0
0
0
0
0
0
0
0
0
0
0
0
0
0
0
0
0
0
0
0
0
0
0
0
0
0
0
0
0
0
0
0
0
0
0
0
0
0
0
0
0
0
0
0
0
0
0
0
0
0
0
0
0
0
0
0
0
0
0
0
0
0
0
0
0
0
0
0
0
0
0
0
0
0
0
0
0
0
0
0
0
0
0
0
0
0
0
0
0
0
0
0
0
0
0
0
0
0
0
0
0
0
0
0
0
0
0
0
0
0
0
0
0
0
0
0
0
0
0
0
0
0
0
0
0
0
0
0
0
0
0
0
0
0
0
0
0
0
0
0
0
0
0
0
0
0
0
0
0
0
0
0
0
0
0
0
0
0
0
0
0
0
0
0
0
0
0
0
0
0
0
0
0
0
0
0
0
0
0
0
0
0
0
0
0
0
0
0
0
0
0
0
0
0
0
0
0
0
0
0
0
0
0
0
0
0
0
0
0
0
0
0
0
0
0
0
0
0
0
0
0
0
0
0
0
0
0
0
0
0
0
0
0
0
0
0
0
0
0
0
0
0
0
0
0
0
0
0
0
0
0
0
0
0
0
0
0
0
0
0
0
0
0
0
0
0
0
0
0
0
0
0
0
0
0
0
0
0
0
0
0
