0
0
0
0
0
0
0
0
0
0
66333
91465
91102
90242
89248
89008
87850
87942
87315
86069
85705
85724
84578
84965
84753
84068
83870
83407
82673
82552
82408
82771
81688
81438
81717
81345
80858
80354
80649
79277
79722
79609
78447
78364
78954
77882
77899
77837
77039
76858
76610
76100
76379
75098
76177
75209
74974
74687
74568
73749
73789
73527
73370
72908
73057
72499
72362
71961
71849
71689
71554
71505
70336
70692
69901
70213
69997
69778
69351
68881
68984
68769
68611
68293
67893
67295
67119
67142
67591
66742
66839
66387
66022
65564
65819
65186
64608
64524
64491
64556
64042
63584
63585
63567
63865
63253
62790
62291
62576
62183
61787
61876
61587
61450
60974
61058
60752
59995
60173
59874
60451
59479
59327
58786
59358
58650
58339
58631
58578
58229
57690
58215
57269
57323
56972
56932
56747
56375
55956
55894
55758
55436
55339
55442
54971
54838
54795
54039
54092
53664
54409
53440
53181
53214
52710
53065
52766
52183
52350
52142
51571
51550
51922
51539
51435
50878
51275
51140
50829
50736
49949
50047
49909
49647
49646
49487
49160
49117
48135
48526
48628
48428
48417
47915
47592
47811
47197
47102
47094
47228
46988
46648
46484
46644
45698
45848
46121
45502
45261
45200
44774
44821
45363
44738
44742
44342
44361
44143
44049
43621
43355
43380
43389
43381
42838
42941
42930
42671
42727
42399
42299
41888
41821
41531
41445
41029
41430
41180
40868
40877
41013
40560
39833
40345
39586
39830
39928
39761
39467
39318
39351
39049
38941
38971
38867
38188
38283
38536
38591
38273
37861
37830
37568
37582
37559
37450
36842
36946
37254
36759
36636
36411
36264
36204
36225
36189
36128
35738
35427
35407
35144
35176
35010
34367
34405
34845
34659
34731
34220
34410
34087
34095
33816
33889
33679
33364
33276
33150
32886
33030
32969
32968
32743
32687
32639
32602
32348
32253
31796
31905
31784
31792
31657
31371
31374
31062
30707
31008
30938
30727
30812
30490
30917
30522
30014
30009
30174
30071
29704
29934
29620
29807
29519
29315
29296
28884
28992
28826
28402
28550
28637
28397
28480
28293
28201
27908
28172
27957
27890
27878
27641
27896
27131
27405
27592
27185
27072
26646
27073
26983
26474
26187
26557
26364
26329
26054
26187
26005
26015
25884
26046
25633
25602
25729
25485
25485
25255
25064
24768
24964
25009
24301
24765
24696
24459
24519
24112
24172
24176
24195
23947
23996
23490
23857
23880
23707
23307
23523
23224
23095
22708
22834
23105
22937
22609
22674
23030
22479
22480
22895
22315
22370
22270
22321
22101
21888
21881
21701
21709
21574
21578
21524
21318
21359
21545
20893
20985
20865
21004
21040
20934
20738
20785
20679
20705
20473
20359
20134
20037
19993
20190
19877
19900
19926
19808
20018
19592
19779
19576
19586
19529
19306
19363
19069
19005
18892
19114
19009
18791
19041
18569
18541
18274
18512
18439
18328
18535
18479
18120
17919
18066
18072
17992
17859
17839
17627
17771
17430
17767
17311
17305
17467
17205
17340
17420
17241
16766
17045
17110
17012
16860
16720
16929
16769
16793
16705
16738
16358
16190
16477
16273
16258
16067
16099
15981
15930
15962
15858
15892
15776
15620
15607
15796
15517
15448
15671
15327
15316
15167
15330
15120
15239
14833
14851
14841
14838
14852
14750
14918
14738
14630
14532
14497
14563
14521
14222
14344
14144
14292
14219
14112
13998
13977
14080
14012
13918
13850
13796
13754
13628
13537
13896
13468
13378
13256
13460
13589
13309
13304
13381
13137
13342
13157
13079
12809
12962
12916
12839
12749
12848
12749
12766
12765
12672
12498
12704
12486
12309
12385
12307
12308
12410
11986
12095
12115
12321
12023
12021
11765
11795
11875
11753
11540
11825
11750
11742
11719
11556
11554
11510
11512
11422
11442
11255
11341
11289
11255
11333
11057
10998
11285
11044
11013
10906
10811
10898
10837
10717
10843
10588
10629
10631
10608
10699
10580
10369
10487
10259
10355
10494
10464
10267
10231
10252
10219
9859
10171
9991
10015
10154
10121
9877
9854
9738
9678
9731
9934
9681
9754
9686
9581
9632
9519
9380
9446
9318
9620
9348
9416
9376
9338
9103
9326
9296
9164
9137
9277
9159
9100
9072
9051
9103
8805
8883
8734
8708
8777
8807
8791
8632
8694
8816
8539
8635
8595
8539
8554
8509
8171
8262
8253
8318
8359
8097
8241
8177
8202
8190
8256
8054
7975
8078
8086
7978
8082
7909
7793
8036
7714
7691
7869
7797
7756
7805
7772
7766
7626
7506
7686
7418
7601
7648
7385
7616
7358
7453
7453
7363
7225
7337
7072
7281
7239
6988
7122
7072
7050
7164
7175
6878
6958
7034
6971
6935
6976
6986
6813
6954
6728
6732
6566
6689
6577
6647
6649
6716
6453
6753
6649
6482
6499
6526
6592
6449
6548
6322
6428
6320
6179
6290
6338
6268
6240
6230
6242
6205
6162
6304
6262
6129
6045
6091
6121
6139
5977
5928
5953
5942
5932
5918
5878
5946
5899
5847
5692
5788
5794
5681
5783
5651
5723
5559
5551
5661
5652
5574
5460
5522
5425
5497
5421
5463
5491
5501
5357
5487
5295
5228
5405
5373
5343
5380
5294
5155
5182
5102
5252
5283
5172
5082
5126
5095
5056
5127
4980
5084
5002
4988
4847
4981
4913
4892
4936
4811
4862
4651
4764
4789
4776
4826
4756
4781
4820
4821
4691
4639
4617
4716
4631
4706
4695
4565
4596
4595
4580
4407
4585
4454
4566
4432
4293
4504
4405
4298
4282
4335
4306
4259
4304
4236
4239
4240
4293
4232
4278
4208
4114
4254
4267
4346
4191
4172
4090
4085
4061
4009
3990
3968
4065
4018
3972
3947
3814
3947
3963
3925
3851
3886
3921
3853
3794
3891
3736
3751
3806
3756
3838
3682
3687
3735
3677
3735
3611
3646
3774
3614
3707
3561
3525
3595
3509
3596
3555
3537
3464
3520
3517
3562
3480
3542
3439
3306
3365
3436
3482
3498
3394
3462
3320
3377
3280
3205
3478
3369
3296
3256
3343
3268
3192
3292
3230
3215
3258
3219
3148
3155
3219
3208
3028
3085
3097
3171
2976
3088
3063
3009
3041
3101
3109
3083
3035
2977
3035
3039
3079
2937
2938
2899
2933
2909
2950
2846
2853
2848
2939
2816
2867
2884
2860
2867
2896
2822
2755
2767
2832
2785
2815
2755
2794
2740
2723
2728
2658
2616
2700
2655
2696
2559
2615
2601
2616
2653
2536
2671
2581
2525
2557
2609
2578
2481
2573
2440
2451
2529
2458
2562
2469
2484
2479
2492
2466
2434
2374
2326
2474
2475
2371
2431
2424
2320
2374
2281
2348
2256
2352
2417
2371
2301
2277
2289
2232
2247
2178
2346
2262
2285
2226
2117
2252
2144
2217
2203
2195
2186
2174
2118
2133
2207
2150
2097
2094
2126
2160
2202
2106
2063
2027
2123
2049
2074
2071
2144
1985
2023
2016
1964
2025
1989
1930
1897
2036
2027
1999
1989
1874
1999
1893
1895
1924
1889
1863
1887
1870
1816
1910
1876
1905
1832
1913
1797
1848
1886
1812
1793
1831
1777
1757
1851
1838
1789
1814
1794
1789
1859
1720
1774
1718
1843
1753
1687
1726
1711
1840
1704
1704
1684
1723
1666
1648
1688
1663
1606
1669
1649
1703
1655
1596
1642
1611
1595
1668
1638
1642
1540
1594
1635
1526
1616
1589
1568
1506
1510
1470
1591
1480
1527
1487
1441
1475
1504
1438
1520
1466
1462
1418
1443
1472
1413
1489
1379
1451
1428
1477
1434
1375
1398
1457
1415
1375
1409
1418
1379
1386
1438
1380
1363
1398
1344
1394
1356
1353
1345
1376
1364
1311
1306
1291
1316
1264
1335
1295
1265
1260
1256
1288
1218
1244
1219
1340
1239
1322
1247
1242
1262
1250
1238
1210
1250
1232
1176
1238
1195
1186
1214
1190
1221
1136
1179
1190
1164
1125
1189
1149
1179
1179
1137
1109
1170
1117
1127
1137
1083
1096
1074
1112
1118
1132
1099
1103
1142
1060
1083
1112
1059
1050
1062
1181
985
1075
1058
1060
1018
1075
995
1014
1074
1074
1036
1030
1005
1017
1004
1072
1033
1004
1050
977
998
973
951
1002
967
1027
950
974
961
972
969
954
918
955
967
971
973
969
934
929
965
963
921
956
900
937
979
838
916
903
938
897
908
878
944
863
917
900
915
938
844
878
916
871
856
869
796
849
826
831
821
781
864
836
839
821
760
839
843
815
807
773
834
830
796
761
784
777
741
790
789
768
804
755
756
753
759
746
758
786
733
739
740
716
746
713
733
721
760
751
686
725
685
725
680
751
722
673
777
687
739
732
667
731
689
703
661
666
684
676
692
700
651
639
675
639
630
707
693
608
611
629
644
674
624
635
653
628
672
645
649
644
628
610
624
623
593
598
588
584
592
588
635
631
614
617
620
641
590
556
620
585
611
596
581
570
602
587
580
646
575
578
563
575
544
579
597
557
546
571
558
566
545
539
532
525
571
510
501
531
570
498
544
541
531
515
548
472
511
570
558
519
464
474
498
494
489
455
492
468
515
435
490
482
495
480
479
451
488
488
462
455
453
442
435
469
482
432
458
486
473
470
491
479
473
444
453
465
458
437
448
427
459
392
454
413
429
463
444
435
467
413
439
432
429
404
397
418
408
432
436
400
415
424
433
425
391
422
344
367
422
363
390
394
405
353
358
385
385
350
389
366
400
341
382
386
366
386
360
367
384
384
355
323
375
374
366
347
348
351
344
345
361
347
338
332
376
339
346
368
364
359
352
345
353
327
347
347
310
316
336
344
372
340
322
326
312
313
325
334
303
320
340
307
326
318
293
321
370
332
290
302
338
316
342
300
327
325
290
293
297
295
323
283
291
304
318
304
311
295
314
288
286
304
275
259
293
282
282
288
268
291
290
281
297
270
278
266
308
264
273
277
273
260
254
254
257
255
243
250
254
254
269
248
255
250
269
255
260
265
239
294
266
244
263
249
256
268
240
237
275
260
227
236
220
240
227
252
226
256
237
249
225
220
231
222
253
214
226
221
218
218
211
208
221
240
193
207
237
247
220
209
221
213
197
197
212
216
201
224
244
215
204
203
218
229
193
192
195
220
189
184
206
227
207
214
200
221
191
218
202
220
232
197
190
182
173
218
188
211
184
213
189
170
194
213
189
184
182
160
197
208
209
144
182
185
181
192
186
170
179
154
186
187
172
175
169
163
159
176
182
183
175
167
180
180
151
166
161
168
165
178
168
142
146
182
161
133
151
158
170
179
159
168
137
173
163
146
146
181
161
164
148
147
167
153
140
159
153
133
133
150
134
173
156
163
161
151
148
129
156
135
136
157
143
123
139
148
145
139
143
149
154
154
142
125
133
133
151
108
135
150
134
135
123
123
151
113
142
127
125
121
136
122
114
132
116
98
128
110
128
116
107
112
126
141
115
123
122
112
130
109
111
117
111
82
116
129
125
109
125
119
104
125
122
119
117
130
114
104
108
112
116
114
107
108
116
119
96
113
119
121
110
112
112
111
107
104
101
104
124
108
101
92
96
109
96
101
95
91
105
110
121
92
96
95
116
97
114
109
85
101
94
84
89
102
79
101
92
98
96
85
98
100
84
83
85
77
104
112
95
85
100
106
99
85
78
97
63
74
84
78
82
83
85
84
91
100
83
77
90
85
83
79
85
89
101
89
91
98
85
93
87
72
90
94
85
81
79
91
65
66
79
79
77
83
71
93
83
77
90
76
88
67
77
78
76
84
62
69
74
76
63
75
60
76
76
74
93
76
66
77
70
70
77
67
85
74
81
54
92
66
62
71
71
81
69
62
76
68
56
79
60
45
72
71
78
59
60
65
73
68
70
70
75
67
55
74
63
58
49
53
77
51
58
62
64
67
54
73
56
69
61
65
60
53
79
66
51
71
50
74
63
65
64
53
58
69
70
69
56
65
59
60
56
52
51
36
54
47
49
64
55
58
53
54
54
53
62
55
55
63
39
60
45
48
56
54
52
56
53
47
51
62
50
37
39
44
73
45
46
49
40
43
64
45
41
55
47
45
50
53
46
32
47
51
47
49
56
53
43
55
53
53
43
53
41
35
40
41
45
43
40
59
42
42
40
46
31
48
40
47
48
37
42
54
38
41
50
55
38
33
37
28
36
43
36
57
33
41
40
38
37
47
29
44
47
41
38
31
36
36
39
32
43
38
35
26
38
38
40
33
41
33
31
44
42
32
41
28
31
39
35
41
28
52
23
38
26
34
37
36
33
46
42
33
43
36
34
27
27
29
34
34
27
31
31
26
31
27
38
31
37
20
35
26
33
25
29
33
45
27
42
21
28
24
24
33
24
30
22
21
25
38
26
35
24
30
26
41
33
30
28
28
17
35
30
27
20
22
30
30
29
27
29
23
27
26
25
22
22
29
23
22
24
27
25
18
26
18
19
23
28
29
32
17
31
33
23
31
28
21
29
27
23
22
25
21
25
35
31
24
29
28
26
27
23
31
21
27
26
18
18
32
19
18
21
17
20
26
25
33
31
28
25
20
25
21
23
28
18
19
30
25
25
26
18
15
27
16
14
22
27
20
25
22
17
15
22
21
22
19
15
18
24
19
19
25
25
16
19
20
21
23
19
23
30
19
19
16
20
9
17
13
13
18
22
17
26
16
15
25
17
18
11
19
27
18
14
20
18
19
19
24
19
20
16
17
17
23
19
17
15
26
17
28
20
15
15
9
24
11
13
21
12
16
8
20
16
19
18
20
15
19
15
16
19
8
17
11
12
15
14
14
17
21
7
13
10
14
14
14
19
7
25
12
11
10
21
12
11
10
10
8
16
13
11
18
17
12
11
17
12
22
14
17
19
15
11
19
8
17
19
14
13
21
16
15
16
11
21
17
13
17
13
10
16
8
14
13
5
12
16
10
14
14
10
16
14
12
7
11
9
9
13
9
11
13
7
6
17
10
17
7
7
9
15
11
13
10
11
20
13
5
9
12
10
12
9
8
18
9
21
6
13
12
10
11
12
8
4
14
12
14
13
11
14
12
6
14
7
9
12
9
11
12
10
9
13
8
8
9
12
11
11
9
10
8
12
6
10
11
13
3
2
9
14
11
8
13
21
4
8
10
11
12
8
14
11
11
4
12
9
12
12
7
11
9
16
4
7
7
8
7
8
10
12
9
5
9
9
11
5
10
7
5
2
13
9
4
10
10
10
10
9
5
4
11
10
7
12
10
7
13
5
7
7
7
9
10
3
6
10
8
5
6
9
7
2
8
7
11
9
8
11
9
5
12
7
5
8
9
11
5
9
9
3
7
6
4
11
6
6
7
6
5
6
10
6
8
7
5
4
7
10
11
6
5
8
2
6
3
6
4
6
7
4
9
2
5
5
5
7
7
6
3
4
6
9
6
5
3
7
3
6
2
5
2
6
6
6
2
6
3
4
2
3
3
7
6
2
5
3
8
6
3
8
7
7
2
7
6
5
6
7
6
6
3
9
8
9
7
3
2
7
2
5
8
5
2
2
8
6
10
6
0
7
3
5
5
1
4
5
6
4
6
3
5
4
7
8
1
6
4
8
4
2
6
8
6
6
4
3
3
4
5
2
6
6
5
4
4
4
8
5
3
3
6
7
2
3
3
4
4
1
1
10
2
6
5
4
2
3
4
6
4
0
6
6
7
7
4
1
5
2
3
1
2
5
2
5
2
4
8
6
6
3
2
3
3
2
5
3
6
3
1
2
10
1
1
3
5
1
2
2
5
10
5
2
4
2
1
3
3
5
2
3
4
2
5
1
3
2
2
2
3
4
1
4
0
2
2
3
4
4
3
2
3
1
6
1
0
1
2
4
4
4
3
6
3
4
2
1
1
1
1
2
5
4
0
4
2
2
5
1
3
2
4
5
4
4
5
2
3
2
2
5
1
2
2
2
3
4
7
0
4
3
1
3
2
1
3
1
1
6
4
4
1
6
5
3
2
0
2
4
4
2
3
4
4
0
2
1
3
0
0
0
0
3
3
2
4
1
2
3
3
1
4
2
3
2
3
2
3
2
5
3
4
3
5
0
5
2
4
2
0
2
2
3
1
2
1
5
2
1
0
4
3
1
0
3
2
4
2
2
0
0
0
2
1
1
2
2
1
2
4
2
0
0
3
1
2
3
1
4
0
3
0
2
2
4
1
1
2
2
1
2
3
2
0
1
1
1
2
1
3
0
2
0
2
2
0
3
0
1
1
1
0
2
2
1
2
0
1
2
2
3
1
0
2
1
1
0
0
0
0
0
0
2
4
1
1
0
0
0
1
1
1
0
0
1
2
4
3
0
3
0
2
1
2
1
2
1
2
1
0
0
5
3
1
4
0
1
2
4
2
2
0
2
6
1
1
2
3
2
1
0
0
1
0
0
3
2
1
2
1
1
0
1
1
3
2
0
2
0
2
3
1
1
1
0
1
1
1
0
2
2
0
1
2
0
2
1
2
2
1
0
1
0
1
2
3
2
0
1
0
2
1
1
1
1
0
1
0
0
1
0
2
1
2
3
0
3
4
0
2
2
1
1
1
0
2
0
2
1
1
0
0
0
0
1
0
1
1
1
0
3
0
0
1
1
0
0
0
2
2
1
3
1
0
1
0
2
3
0
2
0
1
0
1
2
1
0
1
1
1
1
1
0
1
3
2
1
1
1
4
1
1
0
3
2
2
0
2
1
1
0
0
2
0
1
0
1
2
0
0
1
0
2
1
0
1
0
1
3
0
0
2
1
1
0
0
1
1
0
1
0
0
0
2
0
0
0
2
0
0
0
1
2
0
1
1
1
2
0
0
0
0
0
1
0
0
0
0
0
1
1
1
0
0
0
3
1
0
2
1
1
0
0
0
1
0
0
2
0
0
1
1
1
0
2
1
0
1
0
2
0
0
0
1
0
0
1
0
0
0
0
0
0
0
0
1
0
0
0
2
0
2
0
3
1
0
0
1
0
1
1
0
0
0
0
1
1
1
0
2
0
0
1
0
0
0
0
0
0
2
1
0
1
2
1
2
2
0
0
1
1
0
0
1
2
0
0
0
0
0
2
0
0
0
0
0
0
1
1
1
0
0
2
0
0
0
0
1
0
2
3
0
0
1
0
0
0
1
0
0
0
1
0
0
0
0
0
0
0
0
1
0
0
0
0
0
1
0
0
0
0
1
0
0
1
1
0
0
1
0
1
0
0
0
0
0
1
0
0
0
0
0
1
1
0
0
0
0
0
0
0
0
0
2
0
0
0
1
0
0
0
0
1
0
0
0
0
0
0
0
1
0
0
0
1
1
1
0
0
0
0
0
0
1
0
0
0
1
0
1
0
0
1
0
0
0
0
0
0
0
0
0
1
0
0
0
0
0
1
0
0
0
0
1
0
0
0
0
0
0
0
1
0
0
0
1
1
0
1
0
0
0
0
1
0
1
1
0
0
1
0
0
0
2
0
1
0
0
0
0
1
0
0
0
0
0
0
1
0
0
1
0
0
0
0
0
0
0
0
0
0
1
0
0
1
0
0
0
0
0
0
1
1
1
0
0
0
1
0
1
0
0
0
0
0
0
0
0
1
0
0
0
2
1
0
0
1
1
0
2
0
0
0
0
0
0
0
0
0
0
1
0
1
0
0
0
0
0
1
0
0
0
0
0
0
0
0
0
0
0
0
0
0
1
0
0
1
0
0
0
1
1
0
0
0
0
0
0
0
0
0
0
0
0
0
0
0
0
0
0
1
0
0
0
1
0
0
0
0
0
0
0
0
0
0
1
0
0
0
0
0
0
0
0
0
0
0
0
0
0
0
0
1
0
0
0
0
0
0
0
0
0
0
0
0
0
1
0
0
0
0
0
0
0
0
0
0
0
0
0
1
0
0
0
0
0
1
0
0
0
0
1
0
0
0
0
0
0
0
0
0
0
0
0
0
0
0
0
1
0
0
0
0
0
0
0
0
0
0
0
0
0
0
0
0
0
0
0
0
0
0
1
0
0
0
0
1
0
0
0
0
0
0
0
0
0
0
0
0
0
0
0
0
0
0
0
0
1
0
1
0
1
0
0
0
0
0
0
0
0
0
0
0
0
0
0
0
0
0
0
0
0
0
0
0
0
1
0
0
0
0
0
0
0
1
0
0
0
0
0
1
0
0
0
0
0
0
0
0
0
0
0
0
0
0
0
0
0
0
0
1
0
0
0
0
0
0
0
0
0
0
0
1
0
0
0
0
0
0
0
0
0
0
0
0
0
0
0
0
0
0
0
0
0
0
0
0
0
0
0
1
0
0
0
0
0
0
0
0
0
0
0
0
0
0
0
0
0
0
0
0
0
0
0
1
0
0
0
0
0
0
1
0
0
0
0
0
0
0
0
1
0
0
0
0
0
0
0
0
0
0
0
1
0
0
0
0
0
0
0
0
0
0
1
0
0
0
0
0
0
0
0
0
0
0
0
0
0
0
0
0
0
0
0
0
0
0
0
0
0
0
0
0
0
0
0
0
0
0
0
0
0
0
0
0
0
0
0
0
0
0
0
1
1
0
0
0
0
0
0
0
0
0
0
0
0
0
0
0
0
0
0
0
0
0
0
0
0
0
0
0
0
0
0
0
0
0
0
1
0
0
0
1
0
0
0
0
0
0
0
0
0
0
0
0
0
0
1
0
0
0
0
0
0
0
0
0
0
1
0
0
0
0
0
1
0
0
0
1
0
0
0
0
0
0
0
0
1
0
0
0
0
0
0
0
0
0
0
0
0
0
0
0
0
0
0
0
0
0
0
0
0
1
0
0
0
0
0
0
0
0
0
0
0
0
0
0
0
0
0
0
0
0
0
0
0
0
0
0
0
0
0
0
0
0
0
0
0
0
0
0
0
0
0
0
0
0
0
0
0
0
0
0
1
0
0
0
0
0
0
0
0
0
0
0
0
0
0
0
0
0
0
0
0
0
0
0
0
0
0
0
0
0
0
0
0
0
0
0
0
0
0
0
0
0
0
0
0
0
0
0
0
0
0
0
0
0
0
0
0
1
0
0
0
0
0
0
0
0
0
0
0
0
0
0
0
0
0
0
0
0
0
0
0
0
0
0
0
0
0
0
0
0
0
0
0
0
0
0
0
0
0
0
0
0
0
0
0
0
0
0
0
0
0
0
0
0
0
0
0
0
0
0
0
0
0
0
0
0
0
0
0
0
0
0
0
0
0
0
0
0
0
0
0
0
0
0
0
0
0
0
0
0
0
0
0
1
0
0
0
0
0
0
0
0
0
0
0
0
0
0
0
0
0
0
0
0
0
0
0
0
0
0
0
0
0
0
0
0
0
0
0
0
0
0
0
0
0
0
0
0
0
0
0
0
0
0
0
0
0
0
0
0
0
0
0
0
0
0
0
0
0
0
0
0
0
0
0
0
0
0
0
0
0
0
0
0
0
0
0
0
0
0
0
0
0
0
0
0
0
0
0
0
0
0
0
0
0
0
0
0
0
0
0
0
0
0
0
0
0
0
0
0
0
0
0
0
0
0
0
0
0
0
0
0
0
0
0
0
0
0
0
0
0
0
0
0
0
0
0
0
0
0
0
0
0
0
0
0
0
0
0
0
0
0
0
0
0
0
0
0
0
0
0
0
0
0
0
0
0
0
0
0
0
0
0
0
0
0
0
0
0
0
0
0
0
0
0
0
0
0
0
0
0
0
0
0
0
0
0
0
0
0
0
0
0
0
0
0
0
0
0
0
0
0
0
0
0
0
0
0
0
0
0
0
0
0
0
0
0
0
0
0
0
0
0
0
0
0
0
0
0
0
0
0
0
0
0
0
0
0
0
0
0
0
0
0
0
0
0
0
0
0
0
0
0
0
0
0
0
0
0
0
0
0
0
0
0
0
0
0
0
0
0
0
0
0
0
0
0
0
0
0
0
0
0
0
0
0
0
0
0
0
0
0
0
0
0
0
0
0
0
0
0
0
0
0
0
0
0
0
0
0
0
0
0
0
0
0
0
0
0
0
0
0
0
0
0
0
0
0
0
0
0
0
0
0
0
0
0
0
0
0
0
0
0
0
0
0
0
0
0
0
0
0
0
0
0
0
0
0
0
0
0
0
0
0
0
0
0
0
0
0
0
0
0
0
0
0
0
0
0
0
0
0
0
0
0
0
0
0
0
0
0
0
0
0
0
0
0
0
0
0
0
0
0
0
0
0
0
0
0
0
0
0
0
0
0
0
0
0
0
0
1
0
0
0
0
0
0
0
0
0
0
0
0
0
0
0
0
0
0
0
0
0
0
0
0
0
0
0
0
0
0
0
0
0
0
0
0
0
0
0
0
0
0
0
0
0
0
0
0
0
0
0
0
0
0
0
0
0
0
0
0
0
0
0
0
0
0
0
0
0
0
0
0
0
0
0
0
0
0
0
0
0
0
0
0
0
0
0
0
0
0
0
0
0
0
0
0
0
0
0
0
0
0
0
0
0
0
0
0
0
0
0
0
0
0
0
0
0
0
0
0
0
0
0
0
0
0
0
0
0
0
0
0
0
0
0
0
0
0
0
0
0
0
0
0
0
0
0
0
0
0
0
0
0
0
0
0
0
0
0
0
0
0
0
0
0
0
0
0
0
0
0
0
0
0
0
0
0
0
0
0
0
0
0
0
0
0
0
0
0
0
0
0
0
0
0
0
0
0
0
0
0
0
0
0
0
0
0
0
0
0
0
0
0
0
0
0
0
0
0
0
0
0
0
0
0
0
0
0
0
0
0
0
0
0
0
0
0
0
0
0
0
0
0
0
0
0
0
0
0
0
0
0
0
0
0
0
0
0
0
0
0
0
0
0
0
0
0
0
0
0
0
0
0
0
0
0
0
0
0
0
0
0
0
0
0
0
0
0
0
0
0
0
0
0
0
0
0
0
0
0
0
0
0
0
0
0
0
0
0
0
0
0
0
0
0
0
0
0
0
0
0
0
0
0
0
0
0
0
0
0
0
0
0
0
0
0
0
0
0
0
0
0
0
0
0
0
0
0
0
0
0
0
0
0
0
0
0
0
0
0
0
0
0
0
0
0
0
0
0
0
0
0
0
0
0
0
0
0
0
0
0
0
0
0
0
0
0
0
0
0
0
0
0
0
0
0
0
0
0
0
0
0
0
0
0
0
0
0
0
0
0
0
0
0
0
0
0
0
0
0
0
0
0
0
0
0
0
0
0
0
0
0
0
0
0
0
0
0
0
0
0
0
0
0
0
0
0
0
0
0
0
0
0
0
0
0
0
0
0
0
0
0
0
0
0
0
0
0
0
0
0
0
0
0
0
0
0
0
0
0
0
0
0
0
0
0
0
0
0
0
0
0
0
0
0
0
0
0
0
0
0
0
0
0
0
0
0
0
0
0
0
0
0
0
0
0
0
0
0
0
0
0
0
0
0
0
0
0
0
0
0
0
0
0
0
0
0
0
0
0
0
0
0
0
0
0
0
0
0
0
0
0
0
0
0
0
0
0
0
0
0
0
0
0
0
0
0
0
0
0
0
0
0
0
0
0
0
0
0
0
0
0
0
0
0
0
0
0
0
0
0
0
0
0
0
0
0
0
0
0
0
0
0
0
0
0
0
0
0
0
0
0
0
0
0
0
0
0
0
0
0
0
0
0
0
0
0
0
0
0
0
0
0
0
0
0
0
0
0
0
0
0
0
0
0
0
0
0
0
0
0
0
0
0
0
0
0
0
0
0
0
0
0
0
0
0
0
0
0
0
0
0
0
0
0
0
0
0
0
0
0
0
0
0
0
0
0
0
1
0
0
0
0
0
0
0
0
0
0
0
0
0
0
0
0
0
0
0
0
0
0
0
0
0
0
0
0
0
0
0
0
0
0
0
0
0
0
0
0
0
0
0
0
0
0
0
0
0
0
0
0
0
0
0
0
0
0
0
0
0
0
0
0
0
0
0
0
0
0
0
0
0
0
0
0
0
0
0
0
0
0
0
0
0
0
0
0
0
0
0
0
0
0
0
0
0
0
0
0
0
0
0
0
0
0
0
0
0
0
0
0
0
0
0
0
0
0
0
0
0
0
0
0
0
0
0
0
0
0
0
0
0
0
0
0
0
0
0
0
0
0
0
0
0
0
0
0
0
0
0
0
0
0
0
0
0
0
0
0
0
0
0
0
0
0
0
0
0
0
0
0
0
0
0
0
0
0
0
0
0
0
0
0
0
0
0
0
0
0
0
0
0
0
0
0
0
0
0
0
0
0
0
0
0
0
0
0
0
0
0
0
0
0
0
0
0
0
0
0
0
0
0
0
0
0
0
0
0
0
0
0
0
0
0
0
0
0
0
0
0
0
0
0
0
0
0
0
0
0
0
0
0
0
0
0
0
0
0
0
0
0
0
0
0
0
0
0
0
0
0
0
0
0
0
0
0
0
0
0
0
0
0
0
0
0
0
0
0
0
0
0
0
0
0
0
0
0
0
0
0
0
0
0
0
0
0
0
0
0
0
0
0
0
0
0
0
0
0
0
0
0
0
0
0
0
0
0
0
0
0
0
0
0
0
0
0
0
0
0
0
0
0
0
0
0
0
0
0
0
0
0
0
0
0
0
0
0
0
0
0
0
0
0
0
0
0
0
0
0
0
0
0
0
0
0
0
0
0
0
0
0
0
0
0
0
0
0
0
0
0
0
0
0
0
0
0
0
0
0
0
0
0
0
0
0
0
0
0
0
0
0
0
0
0
0
0
0
0
0
0
0
0
0
0
0
0
0
0
0
0
0
0
0
0
0
0
0
0
0
0
0
0
0
0
0
0
0
0
0
0
0
0
0
0
0
0
0
0
0
0
0
0
0
0
0
0
0
0
0
0
0
0
0
0
0
0
0
0
0
0
0
0
0
0
0
0
0
0
0
0
0
0
0
0
0
0
0
0
0
0
0
0
0
0
0
0
0
0
0
0
0
0
0
0
0
0
0
0
0
0
0
0
0
0
0
0
0
0
0
0
0
0
0
0
0
0
0
0
0
0
0
0
0
0
0
0
0
0
0
0
0
0
0
0
0
0
0
0
0
0
0
0
0
0
0
0
0
0
0
0
0
0
0
0
0
0
0
0
0
0
0
0
0
0
0
0
0
0
0
0
0
0
0
0
0
0
0
0
0
0
0
0
0
0
0
0
0
0
0
0
0
0
0
0
0
0
0
0
0
0
0
0
0
0
0
0
0
0
0
0
0
0
0
0
0
0
0
0
0
0
0
0
0
0
0
0
0
0
0
0
0
0
0
0
0
0
0
0
0
0
0
0
0
0
0
0
0
0
0
0
0
0
0
0
0
0
0
0
0
0
0
0
0
0
0
0
0
0
0
0
0
0
0
0
0
0
0
0
0
0
0
0
0
0
0
0
0
0
0
0
0
0
0
0
0
0
0
0
0
0
0
0
0
0
0
0
0
0
0
0
0
0
0
0
0
0
0
0
0
0
0
0
0
0
0
0
0
0
0
0
0
0
0
0
0
0
0
0
0
0
0
0
0
0
0
0
0
0
0
0
0
0
0
0
0
0
0
0
0
0
0
0
0
0
0
0
0
0
0
0
0
0
0
0
0
0
0
0
0
0
0
0
0
0
0
0
0
0
0
0
0
0
0
0
0
0
0
0
0
0
0
0
0
0
0
0
0
0
0
0
0
0
0
0
0
0
0
0
0
0
0
0
0
0
0
0
0
0
0
0
0
0
0
0
0
0
0
0
0
0
0
0
0
0
0
0
0
0
0
0
0
0
0
0
0
0
0
0
0
0
0
0
0
0
0
0
0
0
0
0
0
0
0
0
0
0
0
0
0
0
0
0
0
0
0
0
0
0
0
0
0
0
0
0
0
0
0
0
0
0
0
0
0
0
0
0
0
0
0
0
0
0
0
0
0
0
0
0
0
0
0
0
0
0
0
0
0
0
0
0
0
0
0
0
0
0
0
0
0
0
0
0
0
0
0
0
0
0
0
0
0
0
0
0
0
0
0
0
0
0
0
0
0
0
0
0
0
0
0
0
0
0
0
0
0
0
0
0
0
0
0
0
0
0
0
0
0
0
0
0
0
0
0
0
0
0
0
0
0
0
0
0
0
0
0
0
0
0
0
0
0
0
0
0
0
0
0
0
0
0
0
0
0
0
0
0
0
0
0
0
0
0
0
0
0
0
0
0
0
0
0
0
0
0
0
0
0
0
0
0
0
0
0
0
0
0
0
0
0
0
0
0
0
0
0
0
0
0
0
0
0
0
0
0
0
0
0
0
0
0
0
0
0
0
0
0
0
0
0
0
0
0
0
0
0
0
0
0
0
0
0
0
0
0
0
0
0
0
0
0
0
0
0
0
0
0
0
0
0
0
0
0
0
0
0
0
0
0
0
0
0
0
0
0
0
0
0
0
0
0
0
0
0
0
0
0
0
0
0
0
0
0
0
0
0
0
0
0
0
0
0
0
0
0
0
0
0
0
0
0
0
0
0
0
0
0
0
0
0
0
0
0
0
0
0
0
0
0
0
0
0
0
0
0
0
0
0
0
0
0
0
0
0
0
0
0
0
0
0
0
0
0
0
0
0
0
0
0
0
0
0
0
0
0
0
0
0
0
0
0
0
0
0
0
0
0
0
0
0
0
0
0
0
0
0
0
0
0
0
0
0
0
0
0
0
0
0
0
0
0
0
0
0
0
0
0
0
0
0
0
0
0
0
0
0
0
0
0
0
0
0
0
0
0
0
0
0
0
0
0
0
0
0
0
0
0
0
0
0
0
0
0
0
0
0
0
0
0
0
0
0
0
0
0
0
0
0
0
0
0
0
0
0
0
0
0
0
0
0
0
0
0
0
0
0
0
0
0
0
0
0
0
0
0
0
0
0
0
0
0
0
0
0
0
0
0
0
0
0
0
0
0
0
0
0
0
0
0
0
0
0
0
0
0
0
0
0
0
0
0
0
0
0
0
0
0
0
0
0
0
0
0
0
0
0
0
0
0
0
0
0
0
0
0
0
0
0
0
0
0
0
0
0
0
0
0
0
0
0
0
0
0
0
0
0
0
0
0
0
0
0
0
0
0
0
0
0
0
0
0
0
0
0
0
0
0
0
0
0
0
0
0
0
0
0
0
0
0
0
0
0
0
0
0
0
0
0
0
0
0
0
0
0
0
0
0
0
0
0
0
0
0
0
0
0
0
0
0
0
0
0
0
0
0
0
0
0
0
0
0
0
0
0
0
0
0
0
0
0
0
0
0
0
0
0
0
0
0
0
0
0
0
0
0
0
0
0
0
0
0
0
0
0
0
0
0
0
0
0
0
0
0
0
0
0
0
0
0
0
0
0
0
0
0
0
0
0
0
0
0
0
0
0
0
0
0
0
0
0
0
0
0
0
0
0
0
0
0
0
0
0
0
0
0
0
0
0
0
0
0
0
0
0
0
0
0
0
0
0
0
0
0
0
0
0
0
0
0
0
0
0
0
0
0
0
0
0
0
0
0
0
0
0
0
0
0
0
0
0
0
0
0
0
0
0
0
0
0
0
0
0
0
0
0
0
0
0
0
0
0
0
0
0
0
0
0
0
0
0
0
0
0
0
0
0
0
0
0
0
0
0
0
0
0
0
0
0
0
0
0
0
0
0
0
0
0
0
0
0
0
0
0
0
0
0
0
0
0
0
0
0
0
0
0
0
0
0
0
0
0
0
0
0
0
0
0
0
0
0
0
0
0
0
0
0
0
0
0
0
0
0
0
0
0
0
0
0
0
0
0
0
0
0
0
0
0
0
0
0
0
0
0
0
0
0
0
0
0
0
0
0
0
0
0
0
0
0
0
0
0
0
0
0
0
0
0
0
0
0
0
0
0
0
0
0
0
0
0
0
0
0
0
0
0
0
0
0
0
0
0
0
0
0
0
0
0
0
0
0
0
0
0
0
0
0
0
0
0
0
0
0
0
0
0
0
0
0
0
0
0
0
0
0
0
0
0
0
0
0
0
0
0
0
0
0
0
0
0
0
0
0
0
0
0
0
0
0
0
0
0
0
0
0
0
0
0
0
0
0
0
0
0
0
0
0
0
0
0
0
0
0
0
0
0
0
0
0
0
0
0
0
0
0
0
0
0
0
0
0
0
0
0
0
0
0
0
0
0
0
0
0
0
0
0
0
0
0
0
0
0
0
0
0
0
0
0
0
0
0
0
0
0
0
0
0
0
0
0
0
0
0
0
0
0
0
0
0
0
0
0
0
0
0
0
0
0
0
0
0
0
0
0
0
0
0
0
0
0
0
0
0
0
0
0
0
0
0
0
0
0
0
0
0
0
0
0
0
0
0
0
0
0
0
0
0
0
0
0
0
0
0
0
0
0
0
0
0
0
0
0
0
0
0
0
0
0
0
0
0
0
0
0
0
0
0
0
0
0
0
0
0
0
0
0
0
0
0
0
0
0
0
0
0
0
0
0
0
0
0
0
0
0
0
0
0
0
0
0
0
0
0
0
0
0
0
0
0
0
0
0
0
0
0
0
0
0
0
0
0
0
0
0
0
0
0
0
0
0
0
0
0
0
0
0
0
0
0
0
0
0
0
0
0
0
0
0
0
0
0
0
0
0
0
0
0
0
0
0
0
0
0
0
0
0
0
0
0
0
0
0
0
0
0
0
0
0
0
0
0
0
0
0
0
0
0
0
0
0
0
0
0
0
0
0
0
0
0
0
0
0
0
0
0
0
0
0
0
0
0
0
0
0
0
0
0
0
0
0
0
0
0
0
0
0
0
0
0
0
0
0
0
0
0
0
0
0
0
0
0
0
0
0
0
0
0
0
0
0
0
0
0
0
0
0
0
0
0
0
0
0
0
0
0
0
0
0
0
0
0
0
0
0
0
0
0
0
0
0
0
0
0
0
0
0
0
0
0
0
0
0
0
0
0
0
0
0
0
0
0
0
0
0
0
0
0
0
0
0
0
0
0
0
0
0
0
0
0
0
0
0
0
0
0
0
0
0
0
0
0
0
0
0
0
0
0
0
0
0
0
0
0
0
0
0
0
0
0
0
0
0
0
0
0
0
0
0
0
0
0
0
0
0
0
0
0
0
0
0
0
0
0
0
0
0
0
0
0
0
0
0
0
0
0
0
0
0
0
0
0
0
0
0
0
0
0
0
0
0
0
0
0
0
0
0
0
0
0
0
0
0
0
0
0
0
0
0
0
0
0
0
0
0
0
0
0
0
0
0
0
0
0
0
0
0
0
0
0
0
0
0
0
0
0
0
0
0
0
0
0
0
0
0
0
0
0
0
0
0
0
0
0
0
0
0
0
0
0
0
0
0
0
0
0
0
0
0
0
0
0
0
0
0
0
0
0
0
0
0
0
0
0
0
0
0
0
0
0
0
0
0
0
0
0
0
0
0
0
0
0
0
0
0
0
0
0
0
0
0
0
0
0
0
0
0
0
0
0
0
0
0
0
0
0
0
0
0
0
0
0
0
0
0
0
0
0
0
0
0
0
0
0
0
0
0
0
0
0
0
0
0
0
0
0
0
0
0
0
0
0
0
0
0
0
0
0
0
0
0
0
0
0
0
0
0
0
0
0
0
0
0
0
0
0
0
0
0
0
0
0
0
0
0
0
0
0
0
0
0
0
0
0
0
0
0
0
0
0
0
0
0
0
0
0
0
0
0
0
0
0
0
0
0
0
0
0
0
0
0
0
0
0
0
0
0
0
0
0
0
0
0
0
0
0
0
0
0
0
0
0
0
0
0
0
0
0
0
0
0
0
0
0
0
0
0
0
0
0
0
0
0
0
0
0
0
0
0
0
0
0
0
0
0
0
0
0
0
0
0
0
0
0
0
0
0
0
0
0
0
0
0
0
0
0
0
0
0
0
0
0
0
0
0
0
0
0
0
0
0
0
0
0
0
0
0
0
0
0
0
0
0
0
0
0
0
0
0
0
0
0
0
0
0
0
0
0
0
0
0
0
0
0
0
0
0
0
0
0
0
0
0
0
0
0
0
0
0
0
0
0
0
0
0
0
0
0
0
0
0
0
0
0
0
0
0
0
0
0
0
0
0
0
0
0
0
0
0
0
0
0
0
0
0
0
0
0
0
0
0
0
0
0
0
0
0
0
0
0
0
0
0
0
0
0
0
0
0
0
0
0
0
0
0
0
0
0
0
0
0
0
0
0
0
0
0
0
0
0
0
0
0
0
0
0
0
0
0
0
0
0
0
0
0
0
0
0
0
0
0
0
0
0
0
0
0
0
0
0
0
0
0
0
0
0
0
0
0
0
0
0
0
0
0
0
0
0
0
0
0
0
0
0
0
0
0
0
0
0
0
0
0
0
0
0
0
0
0
0
0
0
0
0
0
0
0
0
0
0
0
0
0
0
0
0
0
0
0
0
0
0
0
0
0
0
0
0
0
0
0
0
0
0
0
0
0
0
0
0
0
0
0
0
0
0
0
0
0
0
0
0
0
0
0
0
0
0
0
0
0
0
0
0
0
0
0
0
0
0
0
0
0
0
0
0
0
0
0
0
0
0
0
0
0
0
0
0
0
0
0
0
0
0
0
0
0
0
0
0
0
0
0
0
0
0
0
0
0
0
0
0
0
0
0
0
0
0
0
0
0
0
0
0
0
0
0
0
0
0
0
0
0
0
0
0
0
0
0
0
0
0
0
0
0
0
0
0
0
0
0
0
0
0
0
0
0
0
0
0
0
0
0
0
0
0
0
0
0
0
0
0
0
0
0
0
0
0
0
0
0
0
0
0
0
0
0
0
0
0
0
0
0
0
0
0
0
0
0
0
0
0
0
0
0
0
0
0
0
0
0
0
0
0
0
0
0
0
0
0
0
0
0
0
0
0
0
0
0
0
0
0
0
0
0
0
0
0
0
0
0
0
0
0
0
0
0
0
0
0
0
0
0
0
0
0
0
0
0
0
0
0
0
0
0
0
0
0
0
0
0
0
0
0
0
0
0
0
0
0
0
0
0
0
0
0
0
0
0
0
0
0
0
0
0
0
0
0
0
0
0
0
0
0
0
0
0
0
0
0
0
0
0
0
0
0
0
0
0
0
0
0
0
0
0
0
0
0
0
0
0
0
0
0
0
0
0
0
0
0
0
0
0
0
0
0
0
0
0
0
0
0
0
0
0
0
0
0
0
0
0
0
0
0
0
0
0
0
0
0
0
0
0
0
0
0
0
0
0
0
0
0
0
0
0
0
0
0
0
0
0
0
0
0
0
0
0
0
0
0
0
0
0
0
0
0
0
0
0
0
0
0
0
0
0
0
0
0
0
0
0
0
0
0
0
0
0
0
0
0
0
0
0
0
0
0
0
0
0
0
0
0
0
0
0
0
0
0
0
0
0
0
0
0
0
0
0
0
0
0
0
0
0
0
0
0
0
0
0
0
0
0
0
0
0
0
0
0
0
0
0
0
0
0
0
0
0
0
0
0
0
0
0
0
0
0
0
0
0
0
0
0
0
0
0
0
0
0
0
0
0
0
0
0
0
0
0
0
0
0
0
0
0
0
0
0
0
0
0
0
0
0
0
0
0
0
0
0
0
0
0
0
0
0
0
0
0
0
0
0
0
0
0
0
0
0
0
0
0
0
0
0
0
0
0
0
0
0
0
0
0
0
0
0
0
0
0
0
0
0
0
0
0
0
0
0
0
0
0
0
0
0
0
0
0
0
0
0
0
0
0
0
0
0
0
0
0
0
0
0
0
0
0
0
0
0
0
0
0
0
0
0
0
0
0
0
0
0
0
0
0
0
0
0
0
0
0
0
0
0
0
0
0
0
0
0
0
0
0
0
0
0
0
0
0
0
0
0
0
0
0
0
0
0
0
0
0
0
0
0
0
0
0
0
0
0
0
0
0
0
0
0
0
0
0
0
0
0
0
0
0
0
0
0
0
0
0
0
0
0
0
0
0
0
0
0
0
0
0
0
0
0
0
0
0
0
0
0
0
0
0
0
0
0
0
0
0
0
0
0
0
0
0
0
0
0
0
0
0
0
0
0
0
0
0
0
0
0
0
0
0
0
0
0
0
0
0
0
0
0
0
0
0
0
0
0
0
0
0
0
0
0
0
0
0
0
0
0
0
0
0
0
0
0
0
0
0
0
0
0
0
0
0
0
0
0
0
0
0
0
0
0
0
0
0
0
0
0
0
0
0
0
0
0
0
0
0
0
0
0
0
0
0
0
0
0
0
0
0
0
0
0
0
0
0
0
0
0
0
0
0
0
0
0
0
0
0
0
0
0
0
0
0
0
0
0
0
0
0
0
0
0
0
0
0
0
0
0
0
0
0
0
0
0
0
0
0
0
0
0
0
0
0
0
0
0
0
0
0
0
0
0
0
0
0
0
0
0
0
0
0
0
0
0
0
0
0
0
0
0
0
0
0
0
0
0
0
0
0
0
0
0
0
0
0
0
0
0
0
0
0
0
0
0
0
0
0
0
0
0
0
0
0
0
0
0
0
0
0
0
0
0
0
0
0
0
0
0
0
0
0
0
0
0
0
0
0
0
0
0
0
0
0
0
0
0
0
0
0
0
0
0
0
0
0
0
0
0
0
0
0
0
0
0
0
0
0
0
0
0
0
0
0
0
0
0
0
0
0
0
0
0
0
0
0
0
0
0
0
0
0
0
0
0
0
0
0
0
0
0
0
0
0
0
0
0
0
0
0
0
0
0
0
0
0
0
0
0
0
0
0
0
0
0
0
0
0
0
0
0
0
0
0
0
0
0
0
0
0
0
0
0
0
0
0
0
0
0
0
0
0
0
0
0
0
0
0
0
0
0
0
0
0
0
0
0
0
0
0
0
0
0
0
0
0
0
0
0
0
0
0
0
0
0
0
0
0
0
0
0
0
0
0
0
0
0
0
0
0
0
0
0
0
0
0
0
0
0
0
0
0
0
0
0
0
0
0
0
0
0
0
0
0
0
0
0
0
0
0
0
0
0
0
0
0
0
0
0
0
0
0
0
0
0
0
0
0
0
0
0
0
0
0
0
0
0
0
0
0
0
0
0
0
0
0
0
0
0
0
0
0
0
0
0
0
0
0
0
0
0
0
0
0
0
0
0
0
0
0
0
0
0
0
0
0
0
0
0
0
0
0
0
0
0
0
0
0
0
0
0
0
0
0
0
0
0
0
0
0
0
0
0
0
0
0
0
0
0
0
0
0
0
0
0
0
0
0
0
0
0
0
0
0
0
0
0
0
0
0
0
0
0
0
0
0
0
0
0
0
0
0
0
0
0
0
0
0
0
0
0
0
0
0
0
0
0
0
0
0
0
0
0
0
0
0
0
0
0
0
0
0
0
0
0
0
0
0
0
0
0
0
0
0
0
0
0
0
0
0
0
0
0
0
0
0
0
0
0
0
0
0
0
0
0
0
0
0
0
0
0
0
0
0
0
0
0
0
0
0
0
0
0
0
0
0
0
0
0
0
0
0
0
0
0
0
0
0
0
0
0
0
0
0
0
0
0
0
0
0
0
0
0
0
0
0
0
0
0
0
0
0
0
0
0
0
0
0
0
0
0
0
0
0
0
0
0
0
0
0
0
0
0
0
0
0
0
0
0
0
0
0
0
0
0
0
0
0
0
0
0
0
0
0
0
0
0
0
0
0
0
0
0
0
0
0
0
0
0
0
0
0
0
0
0
0
0
0
0
0
0
0
0
0
0
0
0
0
0
0
0
0
0
0
0
0
0
0
0
0
0
0
0
0
0
0
0
