0
0
0
0
0
0
0
0
0
0
78908
108660
107581
106339
105453
104412
103958
103072
102962
101674
101416
100867
100315
99840
99253
98408
98174
98175
98175
97074
96613
95657
96202
95359
95268
94599
94496
93713
93855
93281
92627
92510
91784
91740
90877
91101
91104
90896
89692
89437
89216
88911
88409
88649
88430
87557
86917
87160
86789
86446
85731
85731
85354
84778
84508
84572
84112
83560
83535
83555
82740
82845
82675
81757
81668
80744
81202
80818
80084
80186
79706
79629
78980
78758
78472
78044
77497
77588
77128
76793
77323
76445
75955
75567
75887
75111
74955
74922
74082
74049
73905
73431
73397
72763
72792
71981
71843
72209
71410
71237
70990
70267
70249
70400
69506
70066
69258
69073
68618
68439
68342
68012
67444
67562
67434
66722
66797
66627
66121
65995
66194
65502
65165
64864
64601
64205
64500
63782
63584
63600
63686
63471
62212
62726
61870
62324
61952
61839
61248
61237
60503
60811
60140
60064
59868
59940
59857
59091
58695
58982
58607
58229
58007
57889
57829
57509
57511
57202
56599
56803
56473
56169
56203
55477
55720
55174
55264
54796
54702
54553
54005
54222
53850
53689
53442
53235
52896
52876
52603
52254
52044
51847
51874
51855
51627
51232
50744
51245
50735
50283
50402
49636
49912
49543
49474
49196
49333
49237
49045
48592
48178
48357
48223
47741
47585
47907
47505
47241
47035
46685
46311
46308
46330
46068
46032
45645
45104
45445
45125
44958
44573
44476
44394
44379
44086
44175
43630
43944
43293
43653
43059
42919
42872
42790
42848
42595
41823
41931
42252
41476
41464
41642
40946
40877
40705
40860
40666
40345
39954
40013
40008
40057
39589
39423
39409
38817
39097
39023
38767
38958
38608
38011
38185
37963
38022
37843
37676
37590
37419
37520
37142
36535
36584
36699
36452
35961
36290
36035
36017
35475
36043
35532
35220
35083
35149
34890
34914
34671
34813
34260
34279
33831
33922
33846
33686
34038
33393
33402
33460
32797
33192
33028
32751
32694
32344
32201
32179
32028
31829
31915
31821
31951
31681
31376
31281
31269
30883
31001
30894
30691
30532
30207
30256
30242
30089
30158
29792
29669
29443
29473
29399
29201
29177
29322
28825
28816
28878
28577
28405
28384
28284
28100
27963
28099
27913
27860
27526
27349
27490
27222
26900
27153
26938
26913
26758
26446
26503
26830
26419
26256
26031
26151
25867
25843
25893
25770
25599
25351
25249
25384
24896
25151
24934
24887
24703
24784
24905
24533
24357
24439
24485
24244
24209
24224
23815
23872
24005
23462
23519
23472
23572
23250
23402
23146
22774
22767
22779
22781
22709
22793
22464
22448
22512
22233
22148
22254
21873
21594
21658
21586
21529
21668
21501
21379
21204
21454
21311
21165
21152
20879
20862
21039
20560
20629
20432
20817
20427
20265
20489
20108
19913
20047
20021
19947
19702
19562
19428
19543
19452
19457
19365
19305
19094
19057
19087
18953
18938
19057
18684
18757
18724
18456
18434
18464
18390
18331
18184
18079
18183
17859
17717
17745
17897
17696
17595
17597
17404
17408
17305
17265
17237
17268
17273
16995
16619
16997
16767
16731
16809
16695
16546
16471
16390
16422
16275
16456
16092
16123
15903
15730
16018
15866
16043
15851
15767
15730
15608
15581
15468
15513
15233
15315
15329
15325
15060
15148
15028
14987
14991
14821
14868
14784
14652
14700
14524
14489
14465
14376
14093
13958
14110
14087
14034
14007
13883
13883
13919
13723
13863
13840
13653
13591
13628
13560
13588
13446
13220
13323
13337
13163
13123
13106
13165
12901
13007
12884
12829
12633
12847
12609
12610
12768
12663
12662
12432
12624
12400
12342
12391
12177
12395
12300
12469
12054
12095
12042
12023
11810
11861
11871
11651
11604
11527
11600
11498
11518
11439
11403
11209
11254
11281
11005
11004
11270
11172
10957
11167
10902
11077
11045
10825
10866
10580
10853
10690
10535
10570
10758
10627
10587
10538
10377
10470
10410
10327
10166
10121
10171
10247
10303
10253
10067
10107
9885
9802
9797
9661
9985
9827
9752
9698
9522
9473
9663
9606
9481
9417
9434
9451
9386
9181
9366
9152
9318
9060
9057
9017
9112
8913
9052
9008
9048
8903
8775
8900
8691
8881
8691
8777
8600
8656
8627
8587
8527
8583
8447
8405
8370
8329
8431
8331
8303
8256
8199
8162
8068
8237
8170
8036
8035
8188
7895
7927
7960
7835
8062
7800
7910
7686
7706
7749
7582
7641
7613
7559
7737
7470
7528
7564
7394
7407
7297
7262
7323
7324
7371
7292
7388
7270
7176
7084
7194
7147
6854
7083
7082
6956
6929
6960
6860
6897
6913
6896
6594
6790
6799
6771
6743
6664
6742
6576
6561
6580
6597
6407
6461
6478
6422
6535
6404
6396
6387
6323
6267
6332
6199
6244
6081
6185
6166
6130
6166
6197
6127
6156
6073
5988
5871
6045
5916
5744
5891
5782
5886
5946
5930
5863
5785
5737
5680
5717
5574
5632
5669
5496
5621
5581
5591
5727
5574
5487
5296
5395
5467
5396
5390
5381
5368
5426
5324
5195
5264
5317
5089
5298
5134
5210
5199
5101
5057
5037
5013
5051
5194
4838
4949
4966
4991
4934
5075
4954
4761
4853
4851
4899
4858
4773
4680
4744
4761
4650
4734
4543
4596
4545
4578
4575
4573
4508
4498
4452
4476
4508
4489
4465
4499
4441
4386
4429
4445
4307
4417
4276
4280
4267
4386
4312
4269
4207
4133
4214
4046
4282
4181
4233
4170
4087
4062
3940
4036
4100
4047
4032
3955
3930
3954
3889
3920
3940
3901
3913
3768
3900
3790
3850
3852
3875
3782
3686
3667
3742
3651
3595
3683
3681
3552
3580
3597
3651
3547
3692
3593
3677
3486
3466
3570
3516
3480
3377
3523
3446
3566
3303
3509
3481
3451
3393
3369
3282
3366
3369
3337
3281
3353
3253
3155
3258
3287
3230
3083
3198
3198
3175
3229
3129
3108
3145
3085
3130
3082
3115
3011
3086
3011
3054
3004
3051
3052
3026
2957
2995
2990
2985
2921
2894
2943
2905
2822
2917
2884
2860
2862
2874
2822
2845
2752
2667
2769
2744
2836
2714
2685
2705
2614
2667
2667
2705
2618
2700
2589
2659
2597
2722
2629
2639
2663
2619
2595
2514
2571
2611
2536
2488
2525
2573
2468
2422
2459
2482
2486
2476
2446
2369
2467
2424
2391
2351
2416
2406
2354
2381
2368
2353
2282
2304
2289
2277
2311
2333
2327
2281
2319
2276
2272
2330
2277
2220
2252
2161
2152
2244
2209
2187
2251
2148
2084
2102
2087
2134
2038
2068
2106
2083
2133
2047
2057
2026
2002
2059
2018
2030
2087
2047
1991
1928
1990
1913
1972
1928
1898
1976
1990
1984
1889
1953
1856
1975
1854
1829
1953
1851
1885
1835
1889
1871
1882
1758
1779
1840
1810
1766
1813
1748
1792
1699
1785
1708
1711
1765
1702
1740
1699
1704
1818
1706
1686
1731
1754
1646
1708
1646
1664
1672
1676
1667
1668
1678
1642
1618
1556
1574
1566
1551
1601
1544
1563
1609
1523
1517
1578
1448
1480
1540
1602
1492
1515
1511
1464
1515
1517
1463
1510
1465
1426
1496
1446
1447
1491
1466
1459
1483
1475
1395
1424
1412
1427
1367
1375
1405
1389
1429
1401
1429
1318
1317
1335
1385
1365
1349
1317
1260
1264
1373
1324
1297
1252
1282
1293
1292
1289
1292
1269
1295
1242
1280
1216
1250
1263
1317
1234
1166
1252
1228
1218
1235
1195
1263
1237
1202
1188
1225
1136
1171
1209
1099
1172
1228
1132
1186
1169
1156
1164
1100
1127
1138
1168
1138
1140
1173
1092
1103
1122
1103
1139
1070
1061
1053
1084
1073
1067
1077
1041
1090
1068
1050
1026
1025
1025
1018
1038
1049
992
1058
1028
1036
944
988
988
969
980
1044
998
921
999
976
978
944
954
972
935
995
912
947
956
950
990
900
925
868
846
912
878
953
925
871
871
922
923
894
833
902
885
828
877
847
879
799
868
852
871
872
871
878
825
854
863
866
755
810
800
824
757
789
743
855
794
752
753
756
794
735
736
815
774
787
752
760
765
713
696
747
701
742
713
762
720
742
723
734
726
767
673
686
699
661
676
695
678
698
691
669
693
707
643
761
678
634
640
636
709
665
642
627
653
683
665
629
663
687
668
653
623
611
585
630
626
645
602
577
627
634
621
650
639
605
626
593
613
602
603
606
631
612
582
593
623
577
579
587
635
550
575
631
548
571
562
624
532
562
532
548
560
597
525
573
533
548
525
521
559
579
554
526
562
497
518
558
531
532
458
523
475
480
523
503
505
545
504
552
490
518
473
505
475
476
506
452
458
520
480
487
461
486
490
488
513
444
451
459
455
439
403
474
420
439
465
462
461
445
426
431
440
471
480
424
404
411
446
426
440
398
441
432
411
409
418
432
398
398
416
384
399
385
396
417
417
397
387
431
397
404
411
379
368
397
363
411
393
382
373
383
372
392
359
364
377
368
319
374
348
368
351
370
340
397
336
360
367
356
356
367
337
345
328
312
346
322
370
324
342
358
349
293
308
315
290
320
337
309
319
350
283
303
346
341
310
321
304
311
292
333
335
279
317
307
295
310
288
295
317
281
304
309
307
275
265
289
269
300
288
283
275
287
296
290
284
302
289
268
282
252
309
258
279
282
281
278
254
262
268
264
237
273
270
263
253
285
223
265
310
279
270
262
261
257
254
241
250
210
235
266
249
243
243
259
226
276
251
242
233
232
234
222
221
243
248
248
214
212
238
205
234
248
258
227
200
205
216
235
202
220
229
227
230
227
213
231
218
226
240
212
220
197
209
223
205
190
212
206
210
219
203
209
189
207
198
220
180
218
213
197
190
192
222
168
174
198
202
177
199
209
193
186
178
193
194
184
189
187
162
184
179
188
181
196
168
190
179
197
160
158
175
171
171
183
181
166
156
177
152
167
170
160
159
159
179
176
168
164
143
161
162
177
151
171
154
158
147
134
171
174
171
140
170
143
138
144
153
155
165
152
165
156
147
144
151
165
132
145
134
172
163
140
142
160
138
161
138
136
138
152
162
127
135
136
133
129
141
148
145
141
137
119
150
118
146
145
121
136
117
131
125
131
127
124
122
124
126
118
124
119
127
120
122
120
120
119
116
128
112
121
116
128
108
129
120
113
116
104
105
120
128
113
118
119
117
120
129
103
107
105
111
111
112
112
107
110
97
124
119
102
119
104
102
132
83
110
112
107
95
111
106
102
101
123
106
102
120
90
102
109
97
79
96
108
117
93
82
94
126
88
101
103
102
98
94
103
112
96
77
92
101
101
82
103
81
110
79
77
84
91
77
88
83
88
90
84
78
99
90
87
72
102
82
105
88
93
78
85
85
80
88
71
85
86
77
113
78
94
77
87
67
82
79
72
81
74
72
66
78
92
88
83
71
87
70
76
56
73
66
64
65
73
58
76
82
69
74
60
67
67
62
73
73
66
68
59
78
66
76
66
76
72
80
65
70
68
65
69
52
66
69
76
66
64
70
72
62
56
64
63
52
62
64
51
62
63
66
60
57
78
88
54
65
58
64
58
73
53
60
68
66
45
69
56
55
42
59
62
55
59
50
47
47
57
56
53
60
55
34
63
51
49
59
63
58
53
55
45
46
47
58
50
59
43
59
50
56
64
48
51
46
51
59
52
52
54
52
44
56
38
42
41
40
42
26
46
43
47
56
38
41
38
42
49
40
39
44
55
55
33
46
48
47
44
40
56
39
50
39
44
49
45
44
41
51
50
33
36
59
38
44
37
44
40
44
30
39
38
40
36
44
47
36
49
37
45
36
44
30
37
38
52
32
15
28
36
27
39
40
36
35
32
35
26
34
28
43
32
34
39
37
25
49
24
36
41
45
27
44
34
34
25
25
42
31
32
43
40
36
34
40
28
35
30
30
38
34
39
35
44
34
28
28
35
29
31
24
30
33
28
34
30
35
23
37
35
36
41
32
36
22
44
31
33
25
28
35
35
28
33
28
36
30
25
29
27
32
31
31
29
24
26
16
37
28
21
25
31
26
30
31
25
24
29
32
22
34
32
24
23
31
20
28
36
28
29
21
28
21
23
27
34
28
25
21
17
27
39
20
26
11
28
15
23
20
20
21
24
27
18
27
19
20
21
17
17
27
20
22
23
23
26
22
23
11
18
31
20
19
26
29
25
27
21
14
19
20
25
30
19
21
15
13
21
16
28
27
24
18
14
12
12
13
21
17
15
19
19
15
17
13
17
17
12
14
23
13
19
14
15
17
16
15
22
21
17
23
19
24
14
15
18
20
19
19
13
28
20
19
18
16
18
11
22
12
16
22
19
22
19
12
15
17
14
23
14
15
18
22
15
13
12
19
16
27
9
13
17
10
18
15
11
18
18
14
11
13
18
16
9
14
16
22
13
13
15
12
15
7
19
12
7
14
12
14
15
19
10
11
13
12
12
6
11
9
12
13
14
14
9
14
10
14
14
17
11
14
12
15
9
11
14
15
9
17
13
8
12
15
7
13
14
12
11
9
14
16
10
8
19
8
6
12
9
14
8
9
8
9
13
19
10
13
7
11
10
13
7
12
10
8
15
13
9
15
17
14
10
10
6
12
13
12
6
8
11
10
5
11
17
8
11
10
15
13
11
9
13
11
9
16
8
8
8
6
7
13
7
7
10
13
13
4
12
16
4
5
8
9
8
4
12
9
6
3
13
14
7
14
10
7
7
6
7
10
7
6
7
7
8
7
8
5
9
3
7
4
7
5
10
7
9
7
14
14
5
6
6
3
7
5
6
2
12
5
6
9
8
5
10
6
11
7
6
7
12
6
7
9
12
8
10
4
3
5
7
6
5
10
8
9
7
8
6
5
9
8
4
13
5
10
2
7
4
4
4
8
3
4
6
5
9
6
7
7
8
8
10
5
10
10
6
6
7
7
13
9
7
4
4
5
3
7
1
9
4
4
2
8
6
6
8
8
4
10
4
4
4
4
4
6
5
6
4
10
2
1
3
7
6
6
4
5
6
6
8
4
4
7
6
7
6
7
1
7
7
5
4
5
4
1
4
5
3
6
6
4
7
4
5
6
3
1
6
5
2
4
6
10
1
6
6
6
7
4
4
3
7
2
8
6
5
5
2
2
5
7
4
6
1
6
5
6
6
7
4
1
6
1
7
2
4
7
4
3
2
7
4
4
9
2
3
3
2
5
5
2
2
5
8
5
2
3
4
2
6
7
3
4
4
4
2
2
2
1
5
3
7
5
3
4
1
1
3
1
3
3
3
2
6
7
6
4
5
2
6
8
2
3
4
3
4
1
4
3
2
3
2
1
0
4
0
1
2
2
2
1
5
5
2
4
4
4
0
2
0
5
2
1
5
2
5
1
2
4
1
2
2
1
1
1
4
7
2
2
4
2
2
5
4
2
1
0
5
0
2
4
2
0
4
1
2
3
2
5
1
5
0
1
0
4
2
1
2
2
4
2
1
2
1
0
2
4
4
3
5
2
3
2
2
3
4
0
4
4
1
3
3
4
2
5
2
2
2
0
0
4
2
0
3
4
1
2
1
3
2
2
2
1
1
2
1
1
1
1
2
1
0
3
3
1
1
2
0
4
2
0
3
4
2
4
2
1
1
0
1
4
0
2
1
4
2
2
0
2
0
2
3
0
2
1
0
2
4
0
2
2
0
2
3
1
1
1
1
2
4
3
5
0
1
0
0
3
1
1
1
2
3
2
2
1
2
0
1
1
2
0
0
0
4
2
1
1
1
0
0
1
0
1
1
0
1
4
3
2
2
2
1
3
2
2
2
2
3
3
1
0
0
1
1
1
1
0
2
0
0
0
2
1
1
1
1
0
1
0
2
0
1
2
3
0
1
0
2
1
0
0
2
1
0
1
2
3
2
1
1
3
2
0
0
1
2
3
0
0
0
1
2
0
0
0
0
0
1
1
1
1
1
0
2
0
0
2
2
3
3
3
1
1
0
2
2
1
0
2
4
0
0
2
2
0
1
3
1
3
1
0
1
2
0
0
2
0
0
2
3
1
0
2
0
1
0
1
2
1
0
2
0
0
1
1
3
0
1
1
0
1
0
1
0
1
2
0
1
1
0
0
0
1
0
1
0
0
1
2
1
0
0
1
0
2
1
1
0
3
0
1
0
2
0
0
0
0
0
1
2
0
1
2
3
0
1
0
0
2
0
0
0
1
0
1
1
0
3
1
0
0
0
0
1
1
0
0
3
0
0
1
0
0
0
0
0
1
0
1
1
0
1
0
0
0
0
0
0
1
0
1
0
0
1
1
0
1
1
2
0
1
0
1
2
0
1
0
3
0
0
1
1
0
0
0
2
0
0
0
0
0
0
0
0
0
2
1
0
1
1
2
0
0
0
0
1
0
1
0
0
1
2
0
1
1
1
0
1
1
1
1
1
1
1
0
1
0
0
1
0
2
1
0
0
0
1
1
0
1
0
0
0
0
1
0
0
1
1
0
0
0
0
0
0
0
0
0
1
2
1
0
0
1
1
0
1
1
1
0
0
0
0
0
0
0
0
1
0
2
0
1
0
0
0
0
0
1
0
0
0
0
0
0
0
0
1
0
0
0
0
0
0
0
1
0
0
0
0
0
0
0
0
1
0
0
0
0
1
0
0
1
1
1
0
1
1
0
0
0
0
0
1
0
0
0
1
1
0
0
0
2
0
0
1
0
1
0
0
0
0
0
1
2
1
0
0
1
0
1
1
0
1
0
0
1
1
0
0
0
0
0
1
0
0
0
0
0
1
0
0
0
0
0
0
0
0
0
0
0
0
0
0
0
0
0
1
0
1
0
1
0
0
0
0
1
0
0
0
0
1
0
1
0
0
0
0
0
0
0
0
0
0
1
0
0
0
0
0
1
0
0
3
0
0
0
1
0
0
1
0
0
1
0
0
0
0
1
0
0
0
0
0
0
1
0
0
0
0
0
0
0
0
0
0
0
0
0
0
0
0
1
0
0
0
0
0
1
0
0
0
0
0
0
0
0
0
0
0
0
1
0
0
0
0
1
0
0
0
0
0
0
0
0
0
0
0
0
0
0
0
0
0
0
1
0
0
0
0
0
0
1
0
0
0
0
0
0
1
0
0
0
0
0
0
0
0
0
0
0
0
0
0
0
0
0
0
0
0
0
0
0
2
0
0
0
0
1
1
0
0
0
0
0
0
0
1
0
0
0
0
0
0
0
0
0
0
0
0
0
0
0
0
0
0
0
1
0
0
0
0
2
0
0
0
0
0
0
1
0
0
0
0
0
0
1
1
0
0
1
0
0
0
0
0
0
0
1
0
0
0
0
0
0
0
0
0
0
0
0
0
1
0
0
0
0
0
0
0
0
0
0
0
0
0
0
0
0
1
0
0
0
0
0
0
1
0
0
0
0
0
0
0
0
0
0
0
1
0
0
1
0
0
0
0
0
0
0
1
1
0
0
1
0
0
0
0
0
0
0
0
0
0
0
0
0
0
0
0
0
0
0
0
0
1
0
0
0
0
0
0
0
1
1
0
0
0
0
1
0
1
0
0
0
0
0
0
0
0
0
0
0
0
0
0
0
0
0
1
1
0
0
0
0
0
0
0
0
0
0
0
0
0
0
0
0
0
0
0
0
0
0
0
0
0
0
0
0
0
0
0
0
0
0
0
0
0
0
0
0
0
0
0
0
0
0
0
0
0
0
0
0
0
0
2
0
0
0
0
0
0
0
0
0
0
0
0
0
0
0
0
0
0
0
0
0
0
0
0
0
0
0
0
0
0
0
0
0
0
0
0
0
0
0
0
0
0
0
0
0
0
0
0
0
0
0
0
0
0
0
0
0
0
0
0
1
0
0
0
0
0
0
0
0
0
0
0
0
0
0
0
0
0
0
0
0
0
0
0
0
0
0
0
0
0
0
0
1
0
0
0
0
0
0
0
0
0
0
0
0
0
0
0
0
0
0
0
0
0
0
0
0
0
0
0
0
0
0
0
0
0
1
0
0
0
0
0
0
0
0
0
0
0
0
0
0
0
0
0
0
0
0
0
0
0
0
0
0
0
0
0
0
0
0
0
0
0
0
0
0
1
0
0
0
0
0
1
0
0
0
0
0
0
0
0
0
0
0
0
0
0
0
0
0
0
0
0
1
0
0
0
0
0
0
0
0
0
0
0
0
0
0
0
0
0
0
0
0
0
0
0
0
0
0
0
0
0
0
0
0
0
0
0
0
0
0
0
0
0
0
0
0
0
0
0
0
0
0
0
0
0
0
0
0
0
0
0
0
0
0
0
0
0
0
0
0
0
0
0
0
0
0
0
0
0
0
0
0
0
0
0
0
0
0
0
0
0
0
0
0
0
0
0
0
0
0
0
0
0
0
0
0
0
0
1
1
0
0
0
0
0
0
0
0
0
0
0
0
0
0
0
0
0
0
0
0
0
0
0
0
0
0
0
0
0
0
1
0
0
0
0
0
0
0
0
0
0
0
0
0
0
0
0
0
0
0
1
0
0
0
0
0
0
0
0
0
0
0
0
0
0
0
0
0
0
0
0
0
0
0
0
0
0
0
0
0
0
0
0
0
0
0
0
0
0
0
0
0
0
0
0
0
0
0
0
0
0
0
0
0
0
0
0
0
0
0
0
0
0
0
0
0
0
0
0
0
0
0
0
0
0
0
0
0
0
0
0
1
0
0
0
0
0
0
0
0
0
0
0
0
0
0
0
0
0
0
0
0
0
0
0
0
0
0
0
0
1
0
0
0
0
0
0
0
0
0
0
0
0
0
0
0
0
0
0
0
0
0
0
0
0
0
0
0
0
0
0
0
0
0
0
0
0
0
0
0
0
0
0
0
0
0
0
0
0
0
0
0
0
0
0
0
0
0
0
0
0
0
0
0
0
0
0
0
0
0
0
0
0
0
0
0
0
0
0
0
0
0
0
0
0
0
0
0
0
0
0
0
0
0
0
0
0
0
0
0
0
0
0
0
0
0
0
0
0
0
0
0
0
0
0
0
0
0
0
0
0
0
0
0
0
0
0
0
0
0
0
0
0
0
0
0
0
0
0
0
0
0
0
0
0
0
0
0
0
0
0
0
0
0
0
0
0
0
0
0
0
0
0
0
0
0
0
0
0
0
0
0
0
0
0
0
0
0
0
0
0
0
0
0
0
0
0
0
0
0
0
0
0
0
0
0
0
0
0
0
0
0
0
0
0
0
0
0
0
0
0
0
0
0
0
0
0
0
0
0
0
0
0
0
0
0
0
0
0
0
0
0
0
0
0
0
0
0
0
0
0
0
0
0
0
0
0
0
0
0
0
0
0
0
0
0
0
0
0
0
0
0
0
0
0
0
0
0
0
0
0
0
0
0
0
0
0
0
0
0
0
0
0
0
0
0
0
0
0
0
0
0
0
0
0
0
0
0
0
0
0
0
0
0
0
0
0
0
0
0
0
0
0
0
0
0
0
0
0
0
0
0
0
0
0
0
0
0
0
0
0
0
0
0
0
0
0
0
0
0
0
0
0
0
0
0
0
0
0
0
0
0
0
0
0
0
0
0
0
0
0
0
0
0
0
0
0
0
0
0
0
0
0
0
0
0
0
0
0
0
0
0
0
0
0
0
0
0
0
0
0
0
0
0
0
0
0
0
0
0
0
0
0
0
0
0
0
0
0
0
0
0
0
0
0
0
0
0
0
0
0
0
0
0
0
0
0
0
0
0
0
0
0
0
0
0
0
0
0
0
0
0
0
0
0
0
0
0
0
0
0
0
0
0
0
0
0
0
0
0
0
0
0
0
0
0
0
0
0
0
0
0
0
0
0
0
0
0
0
0
0
0
0
0
0
0
0
0
0
0
0
0
1
0
0
0
0
0
0
0
0
0
0
0
0
0
0
0
0
0
0
0
0
0
0
0
0
0
0
0
0
0
0
0
0
0
0
0
0
0
0
0
0
0
0
0
0
0
0
0
0
0
0
0
0
0
0
0
0
0
0
0
0
0
0
0
0
0
0
0
0
0
0
0
0
0
0
0
0
0
0
0
0
0
0
0
0
0
0
0
0
0
0
0
0
0
0
0
0
0
0
0
0
0
0
0
0
0
0
0
0
0
0
0
0
0
0
0
0
0
0
0
0
0
0
0
0
0
0
0
0
0
0
0
0
0
0
0
0
0
0
0
0
0
0
0
0
0
0
0
0
0
0
0
0
0
0
0
0
0
0
0
0
0
0
0
0
0
0
0
0
0
0
0
0
0
0
0
0
0
0
0
0
0
0
0
0
0
0
0
0
0
0
0
0
0
0
0
0
0
0
0
0
0
0
0
0
0
0
0
0
0
0
0
0
0
0
0
0
0
0
0
0
0
0
0
0
0
0
0
0
0
0
0
0
0
0
0
0
0
0
0
0
0
0
0
0
0
0
0
0
0
0
0
0
0
0
0
0
0
0
0
0
0
0
0
0
0
0
0
0
0
0
0
0
0
0
0
0
0
0
0
0
0
0
0
0
0
0
0
0
0
0
0
0
0
0
0
0
0
0
0
0
0
0
0
0
0
0
0
0
0
0
0
0
0
0
0
0
0
0
0
0
0
0
0
0
0
0
0
0
0
0
0
0
0
0
0
0
0
0
0
0
0
0
0
0
0
0
0
0
0
0
0
0
0
0
0
0
0
0
0
0
0
0
0
0
0
0
0
0
0
0
0
0
0
0
0
0
0
0
0
0
0
0
0
0
0
0
0
0
0
0
0
0
0
0
0
0
0
0
0
0
0
0
0
0
0
0
0
0
0
0
0
0
0
0
0
0
0
0
0
0
0
0
0
0
0
0
0
0
0
0
0
0
0
0
0
0
0
0
0
0
0
0
0
0
0
0
0
0
0
0
0
0
0
0
0
0
0
0
0
0
0
0
0
0
0
0
0
0
0
0
0
0
0
0
0
0
0
0
0
0
0
0
0
0
0
0
0
0
0
0
0
0
0
0
0
0
0
0
0
0
0
0
0
0
0
0
0
0
0
0
0
0
0
0
0
0
0
0
0
0
0
0
0
0
0
0
0
0
0
0
0
0
0
0
0
0
0
0
0
0
0
0
0
0
0
0
0
0
0
0
0
0
0
0
0
0
0
0
0
0
0
0
0
0
0
0
0
0
0
0
0
0
0
0
0
0
0
0
0
0
0
0
0
0
0
0
0
0
0
0
0
0
0
0
0
0
0
0
0
0
0
0
0
0
0
0
0
0
0
0
0
0
0
0
0
0
0
0
0
0
1
0
0
0
0
0
0
0
0
0
0
0
0
0
0
0
0
0
0
0
0
0
0
0
0
0
0
0
0
0
0
0
0
0
0
0
0
0
0
0
0
0
0
0
0
0
0
0
0
0
0
0
0
0
0
0
0
0
0
0
0
0
0
0
0
0
0
0
0
0
0
0
0
0
0
0
0
0
0
0
0
0
0
0
0
0
0
0
0
0
0
0
0
0
0
0
0
0
0
0
0
0
0
0
0
0
0
0
0
0
0
0
0
0
0
0
0
0
0
0
0
0
0
0
0
0
0
0
0
0
0
0
0
0
0
0
0
0
0
0
0
0
0
0
0
0
0
0
0
0
0
0
0
0
0
0
0
0
0
0
0
0
0
0
0
0
0
0
0
0
0
0
0
0
0
0
0
0
0
0
0
0
0
0
0
0
0
0
0
0
0
0
0
0
0
0
0
0
0
0
0
0
0
0
0
0
0
0
0
0
0
0
0
0
0
0
0
0
0
0
0
0
0
0
0
0
0
0
0
0
0
0
0
0
0
0
0
0
0
0
0
0
0
0
0
0
0
0
0
0
0
0
0
0
0
0
0
0
0
0
0
0
0
0
0
0
0
0
0
0
0
0
0
0
0
0
0
0
0
0
0
0
0
0
0
0
0
0
0
0
0
0
0
0
0
0
0
0
0
0
0
0
0
0
0
0
0
0
0
0
0
0
0
0
0
0
0
0
0
0
0
0
0
0
0
0
0
0
0
0
0
0
0
0
0
0
0
0
0
0
0
0
0
0
0
0
0
0
0
0
0
0
0
0
0
0
0
0
0
0
0
0
0
0
0
0
0
0
0
0
0
0
0
0
0
0
0
0
0
0
0
0
0
0
0
0
0
0
0
0
0
0
0
0
0
0
0
0
0
0
0
0
0
0
0
0
0
0
0
0
0
0
0
0
0
0
0
0
0
0
0
0
0
0
0
0
0
0
0
0
0
0
0
0
0
0
0
0
0
0
0
0
0
0
0
0
0
0
0
0
0
0
0
0
0
0
0
0
0
0
0
0
0
0
0
0
0
0
0
0
0
0
0
0
0
0
0
0
0
0
0
0
0
0
0
0
0
0
0
0
0
0
0
0
0
0
0
0
0
0
0
0
0
0
0
0
0
0
0
0
0
0
0
0
0
0
0
0
0
0
0
0
0
0
0
0
0
0
0
0
0
0
0
0
0
0
0
0
0
0
0
0
0
0
0
0
0
0
0
0
0
0
0
0
0
0
0
0
0
0
0
0
0
0
0
0
0
0
0
0
0
0
0
0
0
0
0
0
0
0
0
0
0
0
0
0
0
0
0
0
0
0
0
0
0
0
0
0
0
0
0
0
0
0
0
0
0
0
0
0
0
0
0
0
0
0
0
0
0
0
0
0
0
0
0
0
0
0
0
0
0
0
0
0
0
0
0
0
0
0
0
0
0
0
0
0
0
0
0
0
0
0
0
0
0
0
0
0
0
0
0
0
0
0
0
0
0
0
0
0
0
0
0
0
0
0
0
0
0
0
0
0
0
0
0
0
0
0
0
0
0
0
0
0
0
0
0
0
0
0
0
0
0
0
0
0
0
0
0
0
0
0
0
0
0
0
0
0
0
0
0
0
0
0
0
0
0
0
0
0
0
0
0
0
0
0
0
0
0
0
0
0
0
0
0
0
0
0
0
0
0
0
0
0
0
0
0
0
0
0
0
0
0
0
0
0
0
0
0
0
0
0
0
0
0
0
0
0
0
0
0
0
0
0
0
0
0
0
0
0
0
0
0
0
0
0
0
0
0
0
0
0
0
0
0
0
0
0
0
0
0
0
0
0
0
0
0
0
0
0
0
0
0
0
0
0
0
0
0
0
0
0
0
0
0
0
0
0
0
0
0
0
0
0
0
0
0
0
0
0
0
0
0
0
0
0
0
0
0
0
0
0
0
0
0
0
0
0
0
0
0
0
0
0
0
0
0
0
0
0
0
0
0
0
0
0
0
0
0
0
0
0
0
0
0
0
0
0
0
0
0
0
0
0
0
0
0
0
0
0
0
0
0
0
0
0
0
0
0
0
0
0
0
0
0
0
0
0
0
0
0
0
0
0
0
0
0
0
0
0
0
0
0
0
0
0
0
0
0
0
0
0
0
0
0
0
0
0
0
0
0
0
0
0
0
0
0
0
0
0
0
0
0
0
0
0
0
0
0
0
0
0
0
0
0
0
0
0
0
0
0
0
0
0
0
0
0
0
0
0
0
0
0
0
0
0
0
0
0
0
0
0
0
0
0
0
0
0
0
0
0
0
0
0
0
0
0
0
0
0
0
0
0
0
0
0
0
0
0
0
0
0
0
0
0
0
0
0
0
0
0
0
0
0
0
0
0
0
0
0
0
0
0
0
0
0
0
0
0
0
0
0
0
0
0
0
0
0
0
0
0
0
0
0
0
0
0
0
0
0
0
0
0
0
0
0
0
0
0
0
0
0
0
0
0
0
0
0
0
0
0
0
0
0
0
0
0
0
0
0
0
0
0
0
0
0
0
0
0
0
0
0
0
0
0
0
0
0
0
0
0
0
0
0
0
0
0
0
0
0
0
0
0
0
0
0
0
0
0
0
0
0
0
0
0
0
0
0
0
0
0
0
0
0
0
0
0
0
0
0
0
0
0
0
0
0
0
0
0
0
0
0
0
0
0
0
0
0
0
0
0
0
0
0
0
0
0
0
0
0
0
0
0
0
0
0
0
0
0
0
0
0
0
0
0
0
0
0
0
0
0
0
0
0
0
0
0
0
0
0
0
0
0
0
0
0
0
0
0
0
0
0
0
0
0
0
0
0
0
0
0
0
0
0
0
0
0
0
0
0
0
0
0
0
0
0
0
0
0
0
0
0
0
0
0
0
0
0
0
0
0
0
0
0
0
0
0
0
0
0
0
0
0
0
0
0
0
0
0
0
0
0
0
0
0
0
0
0
0
0
0
0
0
0
0
0
0
0
0
0
0
0
0
0
0
0
0
0
0
0
0
0
0
0
0
0
0
0
0
0
0
0
0
0
0
0
0
0
0
0
0
0
0
0
0
0
0
0
0
0
0
0
0
0
0
0
0
0
0
0
0
0
0
0
0
0
0
0
0
0
0
0
0
0
0
0
0
0
0
0
0
0
0
0
0
0
0
0
0
0
0
0
0
0
0
0
0
0
0
0
0
0
0
0
0
0
0
0
0
0
0
0
0
0
0
0
0
0
0
0
0
0
0
0
0
0
0
0
0
0
0
0
0
0
0
0
0
0
0
0
0
0
0
0
0
0
0
0
0
0
0
0
0
0
0
0
0
0
0
0
0
0
0
0
0
0
0
0
0
0
0
0
0
0
0
0
0
0
0
0
0
0
0
0
0
0
0
0
0
0
0
0
0
0
0
0
0
0
0
0
0
0
0
0
0
0
0
0
0
0
0
0
0
0
0
0
0
0
0
0
0
0
0
0
0
0
0
0
0
0
0
0
0
0
0
0
0
0
0
0
0
0
0
0
0
0
0
0
0
0
0
0
0
0
0
0
0
0
0
0
0
0
0
0
0
0
0
0
0
0
0
0
0
0
0
0
0
0
0
0
0
0
0
0
0
0
0
0
0
0
0
0
0
0
0
0
0
0
0
0
0
0
0
0
0
0
0
0
0
0
0
0
0
0
0
0
0
0
0
0
0
0
0
0
0
0
0
0
0
0
0
0
0
0
0
0
0
0
0
0
0
0
0
0
0
0
0
0
0
0
0
0
0
0
0
0
0
0
0
0
0
0
0
0
0
0
0
0
0
0
0
0
0
0
0
0
0
0
0
0
0
0
0
0
0
0
0
0
0
0
0
0
0
0
0
0
0
0
0
0
0
0
0
0
0
0
0
0
0
0
0
0
0
0
0
0
0
0
0
0
0
0
0
0
0
0
0
0
0
0
0
0
0
0
0
0
0
0
0
0
0
0
0
0
0
0
0
0
0
0
0
0
0
0
0
0
0
0
0
0
0
0
0
0
0
0
0
0
0
0
0
0
0
0
0
0
0
0
0
0
0
0
0
0
0
0
0
0
0
0
0
0
0
0
0
0
0
0
0
0
0
0
0
0
0
0
0
0
0
0
0
0
0
0
0
0
0
0
0
0
0
0
0
0
0
0
0
0
0
0
0
0
0
0
0
0
0
0
0
0
0
0
0
0
0
0
0
0
0
0
0
0
0
0
0
0
0
0
0
0
0
0
0
0
0
0
0
0
0
0
0
0
0
0
0
0
0
0
0
0
0
0
0
0
0
0
0
0
0
0
0
0
0
0
0
0
0
0
0
0
0
0
0
0
0
0
0
0
0
0
0
0
0
0
0
0
0
0
0
0
0
0
0
0
0
0
0
0
0
0
0
0
0
0
0
0
0
0
0
0
0
0
0
0
0
0
0
0
0
0
0
0
0
0
0
0
0
0
0
0
0
0
0
0
0
0
0
0
0
0
0
0
0
0
0
0
0
0
0
0
0
0
0
0
0
0
0
0
0
0
0
0
0
0
0
0
0
0
0
0
0
0
0
0
0
0
0
0
0
0
0
0
0
0
0
0
0
0
0
0
0
0
0
0
0
0
0
0
0
0
0
0
0
0
0
0
0
0
0
0
0
0
0
0
0
0
0
0
0
0
0
0
0
0
0
0
0
0
0
0
0
0
0
0
0
0
0
0
0
0
0
0
0
0
0
0
0
0
0
0
0
0
0
0
0
0
0
0
0
0
0
0
0
0
0
0
0
0
0
0
0
0
0
0
0
0
0
0
0
0
0
0
0
0
0
0
0
0
0
0
0
0
0
0
0
0
0
0
0
0
0
0
0
0
0
0
0
0
0
0
0
0
0
0
0
0
0
0
0
0
0
0
0
0
0
0
0
0
0
0
0
0
0
0
0
0
0
0
0
0
0
0
0
0
0
0
0
0
0
0
0
0
0
0
0
0
0
0
0
0
0
0
0
0
0
0
0
0
0
0
0
0
0
0
0
0
0
0
0
0
0
0
0
0
0
0
0
0
0
0
0
0
0
0
0
0
0
0
0
0
0
0
0
0
0
0
0
0
0
0
0
0
0
0
0
0
0
0
0
0
0
0
0
0
0
0
0
0
0
0
0
0
0
0
0
0
0
0
0
0
0
0
0
0
0
0
0
0
0
0
0
0
0
0
0
0
0
0
0
0
0
0
0
0
0
0
0
0
0
0
0
0
0
0
0
0
0
0
0
0
0
0
0
0
0
0
0
0
0
0
0
0
0
0
0
0
0
0
0
0
0
0
0
0
0
0
0
0
0
0
0
0
0
0
0
0
0
0
0
0
0
0
0
0
0
0
0
0
0
0
0
0
0
0
0
0
0
0
0
0
0
0
0
0
0
0
0
0
0
0
0
0
0
0
0
0
0
0
0
0
0
0
0
0
0
0
0
0
0
0
0
0
0
0
0
0
0
0
0
0
0
0
0
0
0
0
0
0
0
0
0
0
0
0
0
0
0
0
0
0
0
0
0
0
0
0
0
0
0
0
0
0
0
0
0
0
0
0
0
0
0
0
0
0
0
0
0
0
0
0
0
0
0
0
0
0
0
0
0
0
0
0
0
0
0
0
0
0
0
0
0
0
0
0
0
0
0
0
0
0
0
0
0
0
0
0
0
0
0
0
0
0
0
0
0
0
0
0
0
0
0
0
0
0
0
0
0
0
0
0
0
0
0
0
0
0
0
0
0
0
0
0
0
0
0
0
0
0
0
0
0
0
0
0
0
0
0
0
0
0
0
0
0
0
0
0
0
0
0
0
0
0
0
0
0
0
0
0
0
0
0
0
0
0
0
0
0
0
0
0
0
0
0
0
0
0
0
0
0
0
0
0
0
0
0
0
0
0
0
0
0
0
0
0
0
0
0
0
0
0
0
0
0
0
0
0
0
0
0
0
0
0
0
0
0
0
0
0
0
0
0
0
0
0
0
0
0
0
0
0
0
0
0
0
0
0
0
0
0
0
0
0
0
0
0
0
0
0
0
0
0
0
0
0
0
0
0
0
0
0
0
0
0
0
0
0
0
0
0
0
0
0
0
0
0
0
0
0
0
0
0
0
0
0
0
0
0
0
0
0
0
0
0
0
0
0
0
0
0
0
0
0
0
0
0
0
0
0
0
0
0
0
0
0
0
0
0
0
0
0
0
0
0
0
0
0
0
0
0
0
0
0
0
0
0
0
0
0
0
0
0
0
0
0
0
0
0
0
0
0
0
0
0
0
0
0
0
0
0
0
0
0
0
0
0
0
0
0
0
0
0
0
0
0
0
0
0
0
0
0
0
0
0
0
0
0
0
0
0
0
0
0
0
0
0
0
0
0
0
0
0
0
0
0
0
0
0
0
0
0
0
0
0
0
0
0
0
0
0
0
0
0
0
0
0
0
0
0
0
0
0
0
0
0
0
0
0
0
0
0
0
0
0
0
0
0
0
0
0
0
0
0
0
0
0
0
0
0
0
0
0
0
0
0
0
0
0
0
0
0
0
0
0
0
0
0
0
0
0
0
0
0
0
0
0
0
0
0
0
0
0
0
0
0
0
0
0
0
0
0
0
0
0
0
0
0
0
0
0
0
0
0
0
0
0
0
0
0
0
0
0
0
0
0
0
0
0
0
0
0
0
0
0
0
0
0
0
0
0
0
0
0
0
0
0
0
0
0
0
0
0
0
0
0
0
0
0
0
0
0
0
0
0
0
0
0
0
0
0
0
0
0
0
0
0
0
0
0
0
0
0
0
0
0
0
0
0
0
0
0
0
0
0
0
0
0
0
0
0
0
0
0
0
0
0
0
0
0
0
0
0
0
0
0
0
0
0
0
0
0
0
0
0
0
0
0
0
0
0
0
0
0
0
0
0
0
0
0
0
0
0
0
0
0
0
0
0
0
0
0
0
0
0
0
0
0
0
0
0
0
0
0
0
0
0
0
0
0
0
0
0
0
0
0
0
0
0
0
0
0
0
0
0
0
0
0
0
0
0
0
0
0
0
0
0
0
0
0
0
0
0
0
0
0
0
0
0
0
0
0
0
0
0
0
0
0
0
0
0
0
0
0
0
0
0
0
0
0
0
0
0
0
0
0
0
0
0
0
0
0
0
0
0
0
0
0
0
0
0
0
0
0
0
0
0
0
0
0
0
0
0
0
0
0
0
0
0
0
0
0
0
0
0
0
0
0
0
0
0
0
0
0
0
0
0
0
0
0
0
0
0
0
0
0
0
0
0
0
0
0
0
0
0
0
0
0
0
0
0
0
0
0
0
0
0
0
0
0
0
0
0
0
0
0
0
0
0
0
0
0
0
0
0
0
0
0
0
0
0
0
0
0
0
0
0
0
0
0
0
0
0
0
0
0
0
0
0
0
0
0
0
0
0
0
0
0
0
0
0
0
0
0
0
0
0
0
0
0
0
0
0
0
0
0
0
0
0
0
0
0
0
0
0
0
0
0
0
0
0
0
0
0
0
0
0
0
0
0
0
0
0
0
0
0
0
0
0
0
0
0
0
0
0
0
0
0
0
0
0
0
0
0
0
0
0
0
0
0
0
0
0
0
0
0
0
0
0
0
0
0
0
0
0
0
0
0
0
0
0
0
0
0
0
0
0
0
0
0
0
0
0
0
0
0
0
0
0
0
0
0
0
0
0
0
0
0
0
0
0
0
0
0
0
0
0
0
0
0
0
0
0
0
0
0
0
0
0
0
0
0
0
0
0
0
0
0
0
0
0
0
0
0
0
0
0
0
0
0
0
0
0
0
0
0
0
0
0
0
0
0
0
0
0
0
0
0
0
0
0
0
0
0
0
0
0
0
0
0
0
0
0
0
0
0
0
0
0
0
0
0
0
0
0
0
0
0
0
0
0
0
0
0
0
0
0
0
0
0
0
0
0
0
0
0
0
0
0
0
0
0
0
0
0
0
0
0
0
0
0
0
0
0
0
0
0
0
0
0
0
0
0
0
0
0
0
0
0
0
0
0
0
0
0
0
0
0
0
0
0
0
0
0
0
0
0
0
0
0
0
0
0
0
0
0
0
0
0
0
0
0
0
0
0
0
0
0
0
0
0
0
0
0
0
0
0
0
0
0
0
0
0
0
0
0
0
0
0
0
0
0
0
0
0
0
0
0
0
0
0
0
0
0
0
0
0
0
0
0
0
0
0
0
0
0
0
0
0
0
0
0
0
0
0
0
0
0
0
0
0
0
0
0
0
0
0
0
0
0
0
0
0
0
0
0
0
0
0
0
0
0
0
0
0
0
0
0
0
0
0
0
0
0
0
0
0
0
0
0
0
0
0
0
0
0
0
0
0
0
0
0
0
0
0
0
0
0
0
0
0
0
0
0
0
0
0
0
0
0
0
0
0
0
0
0
0
0
0
0
0
0
0
0
0
0
0
0
0
0
0
0
0
0
0
0
0
0
0
0
0
0
0
0
0
0
0
0
0
0
0
0
0
0
0
0
0
0
0
0
0
0
0
0
0
0
0
0
0
0
0
0
0
0
0
0
0
0
0
0
0
0
0
0
0
0
0
0
0
0
0
0
0
0
0
0
0
0
0
0
0
0
0
0
0
0
0
0
0
0
0
0
0
0
0
0
0
0
0
0
0
0
0
0
0
0
0
0
0
0
0
0
0
0
0
0
0
0
0
0
0
0
0
0
0
0
0
0
0
0
0
0
0
0
0
0
0
0
0
0
0
0
0
0
0
0
0
0
0
0
0
0
0
0
0
0
0
0
0
0
0
0
0
0
0
0
0
0
0
0
0
0
0
0
0
0
0
0
0
0
0
0
0
0
0
0
0
0
0
0
0
0
0
0
0
0
0
0
0
0
0
0
0
0
0
0
0
0
0
0
0
0
0
0
0
0
0
0
0
0
0
0
0
0
0
0
0
0
0
0
0
0
0
0
0
0
0
0
0
0
0
0
0
0
0
0
0
0
0
0
0
0
0
0
0
0
0
0
0
0
0
0
0
0
0
0
0
0
0
0
0
0
0
0
0
0
0
0
0
0
0
0
0
0
0
0
0
0
0
0
0
0
0
0
0
0
0
0
0
0
0
0
0
0
0
0
0
0
0
0
0
0
0
0
0
0
0
0
0
0
0
0
0
0
0
0
0
0
0
0
0
0
0
0
0
0
0
0
0
0
0
0
0
0
0
0
0
0
0
0
0
0
0
0
0
0
0
0
0
0
0
0
0
0
0
0
0
0
0
0
0
0
0
0
0
0
0
0
0
0
0
0
0
0
0
0
0
0
0
0
0
0
0
0
0
0
0
0
0
0
0
0
0
0
0
0
0
0
0
0
0
0
0
0
0
0
0
0
0
0
0
0
0
0
0
0
0
0
0
0
0
0
0
0
0
0
0
0
0
0
0
0
0
0
0
0
0
0
0
0
0
0
0
0
0
0
0
0
0
0
0
0
0
0
0
0
0
0
0
0
0
0
0
0
0
0
0
0
0
0
0
0
0
0
0
0
0
0
0
0
0
0
0
0
0
0
0
0
0
0
0
0
0
0
0
0
0
0
0
0
0
0
0
0
0
0
0
0
0
0
0
0
0
0
0
0
0
0
0
0
0
0
0
0
0
0
0
0
0
0
0
0
0
0
0
0
0
0
0
0
0
0
0
0
0
0
0
0
0
0
0
0
0
0
0
0
0
0
0
0
0
0
0
0
0
0
0
0
0
0
0
0
0
0
0
0
0
0
0
0
0
0
0
0
0
0
0
0
0
0
0
0
0
0
0
0
0
0
0
0
0
0
0
0
0
0
0
0
0
0
0
0
0
0
0
0
0
0
0
0
0
0
0
0
0
0
0
0
0
0
0
0
0
0
0
0
0
0
0
0
0
0
0
0
0
0
0
0
0
0
0
0
0
0
0
0
0
0
0
0
0
0
0
0
0
0
0
0
0
0
0
0
0
0
0
0
0
0
0
0
0
0
0
0
0
0
0
0
0
0
0
0
0
0
0
0
0
0
0
0
0
0
0
0
0
0
0
0
0
0
0
0
0
0
0
0
0
0
0
0
0
0
0
0
0
0
0
0
0
0
0
0
0
0
0
0
0
0
0
0
0
0
0
0
0
0
0
0
0
0
0
0
0
0
0
0
0
0
0
0
0
0
0
0
0
0
0
0
0
0
0
0
0
0
0
0
0
0
0
0
0
0
0
0
0
0
0
0
0
0
0
0
0
0
0
0
0
0
0
0
0
0
0
0
0
0
0
0
0
0
0
0
0
0
0
0
0
0
0
0
0
0
0
0
0
0
0
0
0
0
0
0
0
0
0
0
0
0
0
0
0
0
0
0
0
0
0
0
0
0
0
0
0
0
0
0
0
0
0
0
0
0
0
0
0
0
0
