0
0
0
0
0
0
0
0
0
0
59087
82154
80679
80365
79371
79198
78251
78064
76721
76688
75915
75541
75664
75248
74858
74511
74285
74040
73336
73079
72932
72986
71903
72560
72389
71562
71931
70849
71017
70498
70259
69740
69432
70062
68740
69216
68830
69141
68642
67898
67690
67749
66892
67260
67157
67087
66552
66672
66434
66256
66271
65626
65308
65053
64318
64175
64228
64021
63820
64273
63402
63081
63152
62698
62967
62556
62645
62497
61958
61860
61370
61321
61063
61101
60547
60640
59977
59876
59808
59521
59975
59187
58751
58583
58884
58704
57886
58084
57521
57573
56848
57045
57231
57006
56661
56508
56024
56301
56187
55934
55561
55922
55060
55274
54806
54791
54823
54273
54067
54073
53885
53262
53286
53270
53004
53150
52700
52643
52142
52333
52036
51814
51397
51453
51377
50973
51345
50657
50858
50494
50284
50310
50093
49627
49434
49519
48909
49232
48955
48744
48778
48701
48256
48515
47994
48128
47742
47583
47414
47263
47018
46950
47108
46780
46278
46405
46185
46341
45558
45781
45597
45589
45095
45146
44939
44567
44918
44800
44504
43979
43957
44014
43452
43661
43412
43336
43123
43075
43251
42666
42520
42583
42228
42285
41632
41872
41760
41207
41619
41303
41279
40914
41090
40832
40461
40704
40011
39905
40465
39640
39778
39803
39627
39657
39613
39004
39194
38921
38891
38656
38355
38352
38123
37969
38356
37900
38029
37756
37627
37406
37141
36951
37342
36751
36613
36875
36560
36639
36270
35860
35795
35967
35579
35898
35716
35484
35272
35048
35150
34827
34831
34724
34660
34460
34305
34567
34163
34257
33944
33708
33580
33669
33438
33566
33174
32953
33178
32684
32971
32639
32595
32403
32484
32156
31904
32107
32371
31946
31690
31637
31400
31470
31624
31490
30841
31048
31216
30744
30446
30616
30321
30651
29949
30196
29814
30093
29964
29934
29746
29575
29932
29545
29097
29250
29290
28889
28368
28731
28849
28490
28470
28636
28624
27930
28298
28020
28164
27906
27874
27751
27890
27661
27401
27070
27547
27357
27121
26876
26819
26847
26693
26796
26436
26440
26362
26170
26023
26118
26021
25910
26063
25992
25812
25543
25955
25353
25489
25300
25382
25031
24965
24987
25054
24909
24527
24767
24497
24740
24536
24261
24211
24211
23987
24254
23736
23560
23907
23348
23561
23677
23334
23284
23490
23038
23240
23060
23004
23267
22909
22643
22552
22524
22609
22240
22094
22169
21953
22285
22114
21939
22103
21844
21600
21688
21498
21555
21552
21437
21426
21422
20940
21272
20886
21067
20705
20988
20790
20786
20709
20461
20820
20565
20419
20410
20337
20203
19965
20002
19867
19898
19696
19618
19600
19658
19712
19464
19563
19627
19188
19313
19083
19291
18832
19091
18872
19035
18611
18662
18559
18531
18713
18534
18361
18481
18468
18127
18161
18048
17787
18185
17946
17892
17890
17750
17666
17815
17567
17839
17365
17533
17286
17642
17140
17212
17107
16944
16942
16753
16771
16910
16803
16841
16774
16408
16604
16508
16338
16177
16424
16521
16344
16107
16131
16230
15983
16160
15643
15728
15757
15723
15746
15720
15726
15539
15664
15657
15295
15463
15256
15250
15067
15001
15135
14899
14838
14973
14944
15074
14788
14787
14782
14586
14664
14474
14404
14407
14569
14537
14314
14165
14448
14169
14150
13973
14356
14131
13884
13859
13731
13885
14002
13829
13502
13666
13601
13850
13705
13258
13430
13414
13288
13302
13240
13357
13238
13109
13112
12964
12958
12758
12823
12858
12764
12707
12740
12883
12575
12633
12412
12467
12492
12535
12419
12145
12339
12025
12202
12126
12122
12164
11915
12094
12027
11912
11950
11813
11842
11730
11655
11660
11740
11717
11518
11652
11343
11593
11404
11237
11331
11355
11326
11341
11175
11090
11008
11077
11004
11071
10977
11019
11040
10939
10765
10896
10806
10737
10697
10575
10608
10503
10462
10511
10338
10414
10413
10454
10317
10325
10313
10265
10102
10170
10079
10019
9936
10247
9816
9936
9911
9961
9869
9778
9827
9827
9618
9419
9822
9851
9742
9481
9355
9454
9543
9377
9354
9354
9471
9302
9363
9347
9212
9217
9171
9213
9121
9133
8970
9090
8978
9106
8895
8807
8884
9027
8650
8715
8786
8780
8777
8610
8831
8500
8515
8521
8354
8430
8713
8385
8604
8388
8316
8213
8446
8271
8319
8240
8409
8338
8116
8225
8131
7946
8069
8008
8014
8043
7869
7737
7990
7882
7795
7759
7635
7751
7656
7831
7772
7567
7866
7498
7513
7590
7546
7483
7443
7514
7426
7243
7546
7246
7408
7329
7303
7074
7138
7180
7144
7176
7304
7126
7118
7097
7198
7110
7024
6974
6953
6898
6995
6833
6643
6783
6884
6878
6570
6518
6695
6654
6512
6663
6458
6498
6567
6502
6413
6593
6547
6382
6617
6385
6384
6355
6350
6373
6341
6149
6388
6126
6224
6224
6256
6355
6132
6102
6039
6003
6092
6012
6099
5988
6078
5939
5949
5928
5857
5944
5941
5876
5816
5885
5654
5825
5646
5747
5742
5614
5711
5701
5768
5615
5502
5566
5434
5384
5620
5589
5561
5502
5544
5419
5443
5375
5420
5349
5329
5287
5250
5322
5391
5428
5252
5267
5201
5152
5109
5181
5261
5271
5100
5046
5096
5095
5030
5075
5005
4944
5015
4894
5015
4915
4902
4833
4844
4836
4843
4782
4876
4761
4703
4788
4850
4568
4619
4725
4821
4624
4585
4637
4643
4617
4698
4615
4500
4516
4608
4437
4455
4543
4585
4482
4403
4360
4430
4344
4382
4402
4292
4386
4415
4392
4306
4285
4263
4263
4317
4303
4161
4241
4315
4237
4238
4148
4120
4059
4112
4003
4074
4051
4039
4036
4133
4107
4122
4051
4077
4013
3927
4042
3912
3880
3863
3828
3982
3802
3780
3778
3756
3932
3778
3805
3806
3866
3705
3838
3715
3753
3661
3686
3686
3699
3653
3633
3585
3600
3631
3495
3630
3638
3590
3592
3474
3563
3505
3411
3480
3400
3479
3413
3472
3379
3506
3491
3465
3292
3430
3270
3436
3281
3323
3281
3270
3293
3319
3203
3299
3185
3354
3206
3218
3135
3131
3184
3141
3253
3129
3116
3075
3110
3198
3096
3109
3083
3019
3000
3039
2986
2976
3024
2991
2964
2988
2899
2955
2943
2978
2890
2931
2819
2799
2923
2878
2863
2791
2870
2870
2899
2864
2833
2871
2789
2773
2784
2741
2795
2680
2828
2721
2787
2765
2691
2684
2748
2768
2704
2628
2655
2697
2610
2613
2775
2710
2548
2550
2663
2607
2548
2602
2563
2647
2596
2561
2546
2459
2500
2478
2530
2476
2503
2467
2450
2438
2353
2399
2430
2401
2411
2382
2466
2423
2315
2425
2364
2356
2345
2385
2376
2399
2365
2264
2309
2300
2187
2361
2324
2254
2224
2283
2208
2183
2221
2247
2246
2270
2285
2227
2142
2127
2234
2189
2191
2150
2098
2177
2077
2064
2183
2183
2088
2170
2128
2045
2043
2086
2158
2134
2020
1985
2039
1968
2000
1917
1988
1909
2054
1947
1988
1963
1955
1942
2041
1919
1959
2034
2001
1913
1906
1898
1871
1854
1836
1921
1850
1865
1872
1836
1866
1846
1829
1847
1841
1794
1880
1772
1739
1854
1728
1811
1826
1717
1863
1672
1692
1784
1727
1627
1758
1707
1745
1685
1721
1611
1680
1600
1711
1644
1709
1685
1698
1688
1720
1662
1583
1599
1687
1577
1652
1532
1635
1567
1641
1529
1587
1590
1565
1606
1555
1515
1564
1549
1549
1556
1593
1527
1534
1540
1486
1585
1550
1484
1509
1483
1518
1456
1457
1466
1478
1369
1494
1461
1405
1425
1443
1320
1431
1424
1408
1422
1416
1455
1383
1391
1440
1356
1364
1455
1365
1343
1364
1380
1390
1301
1359
1339
1312
1286
1307
1342
1325
1376
1273
1295
1302
1300
1295
1272
1298
1247
1271
1252
1259
1201
1281
1195
1197
1217
1178
1226
1244
1215
1166
1239
1223
1274
1181
1208
1141
1221
1225
1209
1181
1184
1163
1182
1176
1143
1124
1196
1126
1198
1127
1147
1130
1111
1109
1203
1130
1076
1164
1107
1103
1036
1107
1047
1083
1084
1088
1088
1047
1046
1082
1102
1065
1047
1118
1099
1023
997
1013
1024
1033
1026
1024
1034
1091
1049
1003
1011
1032
1010
950
949
1034
968
987
1021
1016
975
1030
924
1008
970
958
1023
946
957
858
943
966
937
952
963
976
980
978
886
868
869
892
890
928
879
866
905
902
977
932
897
893
851
856
832
816
849
846
857
836
840
869
922
882
870
846
861
836
836
817
807
823
745
820
813
855
727
786
759
843
748
816
830
837
768
786
823
782
782
804
793
765
782
816
754
759
727
715
750
769
733
725
757
748
725
720
752
786
758
748
728
756
684
710
696
664
675
678
671
685
699
728
744
745
657
701
711
662
691
666
699
711
625
662
633
675
681
662
640
746
636
649
668
661
657
631
660
666
630
654
646
612
659
639
617
650
609
577
602
647
621
607
572
570
626
659
592
567
586
581
595
591
585
570
607
553
593
594
590
527
608
600
590
577
578
562
572
579
583
547
561
586
537
539
573
560
527
539
549
575
518
542
551
579
493
551
530
536
514
507
520
479
497
511
507
532
508
499
512
541
460
514
456
564
495
486
518
515
487
481
490
489
494
475
458
469
483
490
450
519
461
490
535
481
451
470
466
420
502
435
476
428
446
448
429
477
493
444
453
463
446
454
453
459
404
461
428
459
441
429
418
402
407
409
408
437
422
437
440
395
396
406
423
396
410
390
454
406
397
386
421
396
433
437
394
376
379
376
428
387
386
387
392
375
371
407
403
354
402
398
388
359
388
365
363
353
334
380
375
364
389
350
355
384
343
358
335
358
360
353
371
353
336
355
333
329
355
354
344
352
355
301
338
340
337
330
347
337
305
337
288
308
335
292
332
308
316
303
319
316
337
326
300
315
356
302
297
310
330
313
298
308
275
259
305
297
287
305
304
304
307
305
322
284
294
306
324
299
290
301
267
308
316
274
276
241
294
283
251
288
285
258
255
274
291
286
248
262
308
277
252
282
260
267
297
259
271
265
248
264
246
270
266
231
277
239
267
250
260
247
274
216
255
267
252
254
235
224
265
243
240
251
240
266
249
240
260
234
250
223
246
234
228
225
213
255
243
219
248
211
220
221
229
232
236
231
221
238
224
245
217
197
228
242
221
209
213
196
223
225
232
213
217
206
221
196
205
213
208
201
221
208
219
195
213
209
202
200
203
192
182
192
204
201
192
191
203
202
185
183
198
186
200
184
200
167
215
211
193
184
182
167
197
175
190
210
190
153
189
176
189
184
174
156
165
177
193
166
158
202
180
180
184
197
160
178
167
189
170
199
188
145
162
167
158
178
166
189
149
170
156
157
175
170
174
159
158
159
169
170
133
143
159
145
166
162
158
139
147
162
149
165
156
170
136
158
154
148
174
147
139
151
129
139
143
152
144
135
161
164
143
145
142
141
137
127
126
135
129
135
122
152
155
143
135
138
142
149
138
151
161
135
145
138
133
121
146
138
110
155
133
143
119
125
124
119
127
144
119
136
119
105
136
133
107
124
142
135
144
119
126
119
122
122
114
133
107
129
112
116
116
114
126
126
94
116
96
108
107
87
113
121
128
121
124
114
120
119
115
108
112
107
106
99
109
105
102
118
101
123
115
113
94
99
122
102
100
102
114
106
116
104
82
102
99
107
90
101
85
111
98
109
113
121
111
100
96
96
100
96
95
110
97
87
99
85
82
105
91
89
92
87
88
97
90
85
80
94
96
88
86
88
103
91
95
80
92
82
86
81
80
93
108
77
90
77
98
88
78
94
89
63
82
73
79
102
80
78
87
71
75
80
79
80
75
79
80
90
78
79
73
69
86
71
76
71
83
82
68
84
83
91
82
78
72
78
79
82
83
72
73
68
71
67
73
71
65
86
62
80
72
92
84
65
62
66
65
67
74
79
59
64
52
60
85
83
72
60
81
79
76
65
62
65
64
47
66
68
79
79
71
70
68
69
54
78
70
79
64
57
67
67
65
63
57
58
65
56
60
55
71
69
51
64
78
61
52
61
62
57
62
60
54
48
80
40
46
54
54
56
49
62
47
56
52
48
70
71
39
53
57
55
56
62
52
61
64
61
56
47
42
45
44
38
58
59
49
54
50
55
38
44
52
34
48
70
50
53
47
50
54
50
55
61
42
42
49
47
50
39
45
49
50
45
48
52
37
45
50
46
62
49
42
44
47
42
40
35
65
33
55
49
43
39
40
44
48
45
49
50
41
40
38
41
57
39
56
51
33
49
45
35
31
44
47
49
46
34
40
34
35
58
35
52
36
28
43
42
38
57
25
46
46
47
42
42
38
22
50
33
46
43
34
41
40
43
33
39
33
41
36
33
34
29
35
31
47
51
40
47
42
34
36
30
36
30
39
40
35
38
37
44
43
33
30
39
38
29
39
31
34
42
32
30
33
50
36
38
39
40
28
34
45
33
21
29
41
26
29
34
29
36
42
35
33
24
28
29
32
27
37
28
31
27
24
35
37
35
26
37
34
35
30
30
29
30
29
27
27
36
24
19
31
33
25
35
34
23
31
31
27
20
28
27
23
24
23
27
16
38
34
20
23
33
27
28
33
26
25
30
23
25
30
32
29
24
20
15
27
30
24
24
30
28
20
20
25
28
25
18
21
18
21
20
23
24
20
19
25
17
27
18
18
33
30
24
22
28
19
21
29
18
21
14
27
21
19
22
19
29
14
18
20
14
17
27
31
23
23
20
22
27
19
16
16
16
22
12
22
19
24
25
20
24
17
18
23
18
24
12
20
22
17
15
20
22
21
18
24
21
20
15
18
22
20
14
13
24
24
21
16
18
21
14
17
22
21
16
22
24
17
17
16
21
20
13
18
23
14
18
14
9
22
23
16
23
12
14
26
14
21
15
19
12
22
21
19
19
18
18
21
10
20
20
16
11
16
14
19
22
11
16
17
12
16
16
10
22
15
12
14
20
14
21
18
21
20
14
14
11
14
8
17
14
17
9
7
12
15
8
11
12
13
10
10
18
18
12
11
14
14
15
6
10
15
14
22
19
15
8
18
11
14
8
11
11
12
13
11
13
7
8
20
11
15
13
9
12
16
10
13
13
10
18
13
10
11
9
15
9
12
11
12
9
11
12
15
18
11
11
13
10
10
13
13
12
9
18
11
15
6
7
12
14
8
9
6
15
12
9
10
11
6
12
9
13
6
13
5
15
13
8
15
11
12
13
8
12
9
14
8
9
7
12
6
16
11
13
9
13
5
7
6
12
6
10
12
11
10
4
14
8
8
10
9
5
14
11
6
10
13
11
11
7
10
14
13
10
14
10
11
11
11
11
10
3
11
10
5
9
12
11
5
6
12
13
12
6
13
10
7
14
10
11
7
9
6
8
11
4
9
8
12
13
8
12
8
7
12
6
5
9
8
6
7
4
10
6
2
8
4
9
11
12
10
5
4
4
4
11
12
5
12
6
10
5
13
11
4
8
6
4
8
11
5
7
5
7
11
13
4
5
9
6
5
8
4
10
12
7
8
5
5
6
6
12
7
3
10
10
11
5
5
4
3
6
7
6
4
12
7
6
8
7
4
8
6
6
4
6
11
15
5
4
8
4
10
5
6
9
7
6
4
9
9
4
4
9
8
3
6
3
2
4
12
5
3
3
11
6
4
3
5
2
5
8
2
5
5
3
6
3
5
6
8
5
4
9
5
7
6
6
2
9
7
3
5
4
2
5
7
8
5
8
5
4
5
4
11
6
5
8
4
6
5
3
5
2
3
3
2
6
4
5
6
2
4
11
3
5
7
5
10
9
4
4
5
5
4
4
3
3
5
4
3
8
5
5
4
0
6
2
5
2
2
1
2
4
1
6
9
4
3
3
0
7
1
4
9
3
0
4
8
3
5
3
4
4
5
3
4
1
2
5
5
2
1
3
7
2
3
1
4
6
7
2
2
2
3
1
5
1
7
2
3
4
2
3
3
5
5
6
2
3
4
0
3
3
1
3
3
3
2
4
6
2
2
4
5
4
1
4
4
7
6
5
2
3
3
6
5
1
1
1
2
5
3
4
3
0
4
4
1
2
4
4
4
4
3
4
1
5
3
0
1
4
4
3
0
3
4
1
3
2
4
5
2
2
1
2
2
2
5
0
1
2
3
4
2
0
3
5
2
1
6
2
7
1
3
1
2
3
5
3
2
0
2
3
4
2
1
0
3
2
5
1
3
2
3
3
3
2
2
2
2
1
2
1
3
4
1
3
3
1
3
2
1
2
3
0
1
0
1
4
1
5
1
1
2
3
1
5
1
2
2
0
2
1
7
2
1
1
4
1
3
0
1
0
2
3
0
3
0
4
1
1
2
3
1
1
1
3
4
2
4
2
1
0
3
3
4
4
2
0
1
0
2
2
3
0
2
0
0
0
1
0
2
4
1
4
1
1
1
0
4
1
2
1
2
0
3
2
2
1
1
0
0
0
2
1
2
1
1
0
0
0
0
0
2
1
2
0
3
3
5
2
1
1
0
0
2
1
3
1
1
2
1
1
0
2
0
1
1
2
3
2
1
0
3
1
3
3
2
0
5
4
1
3
1
3
2
1
2
0
0
1
2
3
2
1
0
1
2
0
1
3
1
1
2
2
0
3
2
0
2
0
2
1
2
2
1
3
0
1
0
3
2
2
2
1
2
3
2
0
0
0
1
2
3
1
0
3
2
2
2
2
2
1
1
0
1
0
1
4
0
1
1
1
1
0
0
0
0
2
1
1
1
0
2
0
1
2
0
0
2
1
1
3
0
3
1
3
0
3
0
0
0
0
1
0
3
2
0
1
3
0
0
2
2
0
3
3
1
1
0
0
4
4
1
1
1
0
0
1
0
1
4
0
1
3
0
1
1
2
3
1
0
2
0
2
0
1
2
1
0
1
1
0
2
1
3
1
0
1
1
0
0
1
1
1
1
1
0
2
0
0
1
0
0
0
0
1
1
0
5
0
1
2
0
0
0
0
3
1
0
1
0
2
0
0
1
0
0
1
1
0
0
1
1
1
0
0
0
1
1
1
0
0
1
1
2
2
0
1
3
0
0
2
1
0
0
1
0
0
2
1
1
0
3
0
1
0
1
0
1
0
1
0
0
0
2
1
0
0
0
1
0
0
0
1
0
1
0
0
0
1
0
3
1
0
1
1
0
1
0
1
0
1
0
1
0
1
1
1
0
1
0
0
0
1
1
1
2
2
0
0
1
1
0
0
0
0
2
0
1
0
2
0
3
1
0
0
0
1
1
1
1
0
0
1
0
0
0
0
0
0
0
0
0
1
0
1
1
0
1
3
0
0
0
1
1
0
1
1
0
1
1
0
0
0
0
0
0
0
0
0
1
1
0
0
0
0
0
1
1
0
1
0
0
0
0
0
0
0
0
0
0
1
0
0
0
0
0
2
0
0
2
0
0
0
0
0
0
0
0
0
0
1
0
0
0
0
0
0
1
0
0
0
0
1
0
0
0
0
0
1
0
0
0
1
1
0
0
0
0
0
0
0
0
0
0
0
1
0
0
0
0
0
2
2
0
1
0
0
0
0
0
1
1
0
0
1
0
0
1
2
1
0
0
0
1
1
0
0
1
0
1
0
0
0
0
0
0
0
1
1
0
1
0
0
0
1
2
1
0
0
0
0
0
1
0
1
0
0
0
0
1
0
0
0
0
0
1
0
0
0
1
0
0
1
0
0
0
0
0
0
1
0
0
1
0
0
0
0
1
0
0
0
0
0
0
1
0
0
0
0
0
1
0
0
0
1
0
1
0
0
0
1
0
1
1
2
0
0
0
0
0
0
1
0
1
0
0
0
1
0
0
0
0
0
0
0
0
1
2
0
0
1
0
0
0
0
1
0
0
0
0
1
0
0
0
0
0
0
0
0
0
1
0
0
0
0
0
1
0
1
0
1
0
0
0
0
0
0
0
0
0
0
0
1
0
1
0
0
0
0
0
1
2
0
0
0
1
1
0
1
1
0
0
0
0
0
0
0
0
0
0
0
0
0
0
0
0
0
0
1
0
0
0
2
0
0
0
1
0
0
0
0
0
0
0
0
1
0
0
0
0
0
0
1
0
0
0
0
0
0
0
0
0
0
0
0
0
0
0
0
0
0
0
1
0
0
0
0
0
0
0
0
0
0
0
0
0
0
0
0
0
0
0
0
0
0
0
0
1
0
0
0
1
0
0
0
1
0
0
0
0
0
0
0
0
0
0
0
0
0
1
0
0
0
0
0
0
0
0
0
1
0
0
0
0
0
1
0
0
1
0
0
1
0
0
0
0
0
1
0
0
0
0
0
0
0
0
0
0
0
0
0
0
0
0
0
0
0
0
0
0
0
0
0
0
0
0
0
0
0
0
1
0
0
0
0
0
0
0
0
1
0
0
0
0
0
0
0
1
1
0
0
0
0
0
0
0
0
0
0
0
0
0
0
0
0
0
0
0
0
1
0
0
0
0
0
0
1
0
0
0
0
0
0
0
0
0
0
0
0
0
0
0
1
0
0
0
0
0
0
0
0
0
0
0
0
0
0
0
0
1
0
1
0
0
0
0
0
0
1
0
0
0
0
0
0
0
0
0
0
0
0
0
0
0
1
0
0
0
0
1
0
0
0
0
0
0
0
0
0
0
0
0
1
0
0
0
0
0
0
0
0
0
0
0
0
0
0
0
0
0
0
0
0
0
0
1
0
0
0
0
1
0
0
0
0
0
0
0
0
0
0
0
0
0
0
0
0
0
0
0
0
0
0
0
0
0
0
0
0
0
0
0
0
0
0
0
0
1
0
0
0
0
0
0
0
0
0
0
0
0
0
0
1
0
0
0
0
0
0
0
0
0
0
0
0
0
0
0
0
0
0
1
0
1
0
0
0
0
0
0
0
0
0
0
0
0
1
0
0
0
0
0
0
0
0
0
0
0
0
0
0
0
0
0
0
0
0
0
0
0
0
0
1
0
0
0
0
0
0
0
0
0
0
0
0
0
0
0
0
0
0
0
0
0
0
0
0
0
0
1
0
0
0
0
0
0
0
1
0
0
0
0
0
0
0
0
0
0
0
0
0
0
1
0
0
0
0
0
0
0
0
0
1
0
0
0
0
0
0
0
0
0
0
0
0
0
1
0
0
0
0
0
0
0
0
0
0
0
0
0
0
0
0
0
0
1
0
0
0
0
0
0
0
0
0
0
0
0
0
0
0
0
1
0
0
0
0
0
0
0
0
0
0
0
0
0
0
0
0
1
0
1
0
1
0
0
0
0
0
0
0
0
0
0
0
1
0
0
0
0
0
0
0
0
0
0
0
0
0
0
0
0
0
0
0
0
0
0
0
0
0
0
0
0
0
0
0
0
0
0
0
0
0
0
0
0
0
0
0
0
0
0
0
0
0
0
0
0
0
0
0
0
0
0
0
0
0
0
0
0
0
0
0
0
0
0
0
0
0
0
0
0
0
0
0
0
0
0
0
0
0
0
0
0
0
0
0
0
0
0
0
0
0
0
0
0
0
0
0
0
0
0
1
0
0
0
0
0
0
0
0
0
0
0
0
0
0
0
0
0
0
0
0
0
0
0
0
0
0
0
0
0
0
0
0
0
1
0
0
0
0
0
0
0
0
0
0
0
0
0
0
0
0
0
0
0
0
0
0
0
0
0
0
0
0
0
0
0
0
0
0
0
0
0
0
0
0
0
0
0
0
0
0
0
0
0
0
0
0
0
0
0
0
0
0
0
0
0
0
0
0
0
0
0
0
0
0
0
0
0
0
0
0
0
0
0
0
0
0
0
1
0
0
0
0
0
0
0
0
0
0
0
0
0
0
0
0
0
0
0
0
0
0
0
0
0
0
0
0
0
0
0
0
0
0
0
0
0
0
0
0
0
0
0
0
0
0
0
0
0
0
0
0
0
0
0
0
0
0
0
0
0
0
0
0
0
0
0
0
0
0
0
0
0
0
0
0
0
0
0
0
0
0
0
0
0
0
0
0
0
0
0
0
0
0
0
0
0
0
0
0
0
0
0
0
0
0
0
0
0
0
0
0
0
0
0
0
0
0
0
0
0
0
0
0
0
0
0
0
1
0
0
0
0
0
0
0
0
0
0
0
0
0
0
0
0
0
0
0
0
0
0
0
0
0
0
0
0
0
0
0
0
0
0
0
0
0
0
0
0
0
0
0
0
0
0
0
0
0
0
0
0
0
0
0
0
0
0
0
0
0
0
0
1
0
0
0
0
0
0
0
0
0
0
0
0
0
0
0
0
0
0
0
0
0
0
0
0
0
0
0
0
0
0
0
0
0
0
0
0
0
0
0
0
0
0
0
0
0
0
0
0
0
0
0
0
0
0
0
0
0
0
0
0
0
0
0
0
0
0
0
0
0
0
0
0
0
0
0
0
0
0
0
0
0
0
0
0
0
0
0
0
0
0
0
0
0
0
0
0
0
0
0
0
0
0
0
0
0
0
0
0
0
0
0
0
0
0
0
0
0
0
0
0
0
0
0
0
0
0
0
0
0
0
0
0
0
0
0
0
0
0
0
0
0
0
0
0
0
0
0
0
0
0
0
0
0
0
0
0
0
0
0
0
0
0
0
0
0
0
0
0
0
0
0
0
0
0
0
0
0
0
0
0
0
0
0
0
0
0
0
0
0
0
0
0
0
0
0
0
0
0
0
0
0
0
0
0
0
0
0
0
0
0
0
0
0
0
0
0
0
0
0
0
0
0
0
0
0
0
0
0
0
0
0
0
0
0
0
0
0
0
0
0
0
0
0
0
0
0
0
0
0
0
0
0
0
0
0
0
0
0
0
0
0
0
0
0
0
0
0
0
0
0
0
0
0
0
0
0
0
0
0
0
0
0
0
0
0
0
0
0
0
0
0
0
0
0
0
0
0
0
0
0
0
0
0
0
0
0
0
0
0
0
0
0
0
0
0
0
0
0
0
0
0
0
0
0
0
0
0
0
0
0
0
0
0
0
0
0
0
0
0
0
0
0
0
0
0
0
0
0
0
0
0
0
0
0
0
0
0
0
0
0
0
0
0
0
0
0
0
0
0
0
0
0
0
0
0
0
0
0
0
0
0
0
0
0
0
0
0
0
0
0
0
0
0
0
0
0
0
0
0
0
0
0
0
0
0
0
0
0
0
0
0
0
0
0
0
0
0
0
0
0
0
0
0
0
0
0
0
0
0
0
0
0
0
0
0
0
0
0
0
0
0
0
0
0
0
0
0
0
0
0
0
0
0
0
0
0
0
0
0
0
0
0
0
0
0
0
0
0
0
0
0
0
0
0
0
0
0
0
0
0
0
0
0
0
0
0
0
0
0
0
0
0
0
0
0
0
0
0
0
0
0
0
0
0
0
0
0
0
0
0
0
0
0
0
0
0
0
0
0
0
0
0
0
0
0
0
0
0
0
0
0
0
0
0
0
0
0
0
0
0
0
0
0
0
0
0
0
0
0
0
0
0
0
0
0
0
0
0
0
0
0
0
0
0
0
0
0
0
0
0
0
0
0
0
0
0
0
0
0
0
0
0
0
0
0
0
0
0
0
0
0
0
0
0
0
0
0
0
0
0
0
0
0
0
0
0
0
0
0
0
0
0
0
0
0
0
0
0
0
0
0
0
0
0
0
0
0
0
0
0
0
0
0
0
0
0
0
0
0
0
0
0
0
0
0
0
0
0
0
0
0
0
0
0
0
0
0
0
0
0
0
0
0
0
0
0
0
0
0
0
0
0
0
0
0
0
0
0
0
0
0
0
0
0
0
0
0
0
0
0
0
0
0
0
0
0
0
0
0
0
0
0
0
0
0
0
0
0
0
0
0
0
0
0
0
0
0
0
0
0
0
0
0
0
0
0
0
0
0
0
0
0
0
0
0
0
0
0
0
0
0
0
0
0
0
0
0
0
0
0
0
0
0
0
0
0
0
0
0
0
0
0
0
0
0
0
0
0
0
0
0
0
0
0
0
0
0
0
0
0
0
0
0
0
0
0
0
0
0
0
0
0
0
0
0
0
0
0
0
0
0
0
0
0
0
0
0
0
0
0
0
0
0
0
0
0
0
0
0
0
0
0
0
0
0
0
0
0
0
0
0
0
0
0
0
0
0
0
0
0
0
0
0
0
0
0
0
0
0
0
0
0
0
0
0
0
0
0
0
0
0
0
0
0
0
0
0
0
0
0
0
0
0
0
0
0
0
0
0
0
0
0
0
0
0
0
0
0
0
0
0
0
0
0
0
0
0
0
0
0
0
0
0
0
0
0
0
0
0
0
0
0
0
0
0
0
0
0
0
0
0
0
0
0
0
0
0
0
0
0
0
0
0
0
0
0
0
0
0
0
0
0
0
0
0
0
0
0
0
0
0
0
0
0
0
0
0
0
0
0
0
0
0
0
0
0
0
0
0
0
0
0
0
0
0
0
0
0
0
0
0
0
0
0
0
0
0
0
0
0
0
0
0
0
0
0
0
0
0
0
0
0
0
0
0
0
0
0
0
0
0
0
0
0
0
0
0
0
0
0
0
0
0
0
0
0
0
0
0
0
0
0
0
0
0
0
0
0
0
0
0
0
0
0
0
0
0
0
0
0
0
0
0
0
0
0
0
0
0
0
0
0
0
0
0
0
0
0
0
0
0
0
0
0
0
0
0
0
0
0
0
0
0
0
0
0
0
0
0
0
0
0
0
0
0
0
0
0
0
0
0
0
0
0
0
0
0
0
0
0
0
0
0
0
0
0
0
0
0
0
0
0
0
0
0
0
0
0
0
0
0
0
0
0
0
0
0
0
0
0
0
0
0
0
0
0
0
0
0
0
0
0
0
0
0
0
0
0
0
0
0
0
0
0
0
0
0
0
0
0
0
0
0
0
0
0
0
0
0
0
0
0
0
0
0
0
0
0
0
0
0
0
0
0
0
0
0
0
0
0
0
0
0
0
0
0
0
0
0
0
0
0
0
0
0
0
0
0
0
0
0
0
0
0
0
0
0
0
0
0
0
0
0
0
0
0
0
0
0
0
0
0
0
0
0
0
0
0
0
0
0
0
0
0
0
0
0
0
0
0
0
0
0
0
0
0
0
0
0
0
0
0
0
0
0
0
0
0
0
0
0
0
0
0
0
0
0
0
0
0
0
0
0
0
0
0
0
0
0
0
0
0
0
0
0
0
0
0
0
0
0
0
0
0
0
0
0
0
0
0
0
0
0
0
0
0
0
0
0
0
0
0
0
0
0
0
0
0
0
0
0
0
0
0
0
0
0
0
0
0
0
0
0
0
0
0
0
0
0
0
0
0
0
0
0
0
0
0
0
0
0
0
0
0
0
0
0
0
0
0
0
0
0
0
0
0
0
0
0
0
0
0
0
0
0
0
0
0
0
0
0
0
0
0
0
0
0
0
0
0
0
0
0
0
0
0
0
0
0
0
0
0
0
0
0
0
0
0
0
0
0
0
0
0
0
0
0
0
0
0
0
0
0
0
0
0
0
0
0
0
0
0
0
0
0
0
0
0
0
0
0
0
0
0
0
0
0
0
0
0
0
0
0
0
0
0
0
0
0
0
0
0
0
0
0
0
0
0
0
0
0
0
0
0
0
0
0
0
0
0
0
0
0
0
0
0
0
0
0
0
0
0
0
0
0
0
0
0
0
0
0
0
0
0
0
0
0
0
0
0
0
0
0
0
0
0
0
0
0
0
0
0
0
0
0
0
0
0
0
0
0
0
0
0
0
0
0
0
0
0
0
0
0
0
0
0
0
0
0
0
0
0
0
0
0
0
0
0
0
0
0
0
0
0
0
0
0
0
0
0
0
0
0
0
0
0
0
0
0
0
0
0
0
0
0
0
0
0
0
0
0
0
0
0
0
0
0
0
0
0
0
0
0
0
0
0
0
0
0
0
0
0
0
0
0
0
0
0
0
0
0
0
0
0
0
0
0
0
0
0
0
0
0
0
0
0
0
0
0
0
0
0
0
0
0
0
0
0
0
0
0
0
0
0
0
0
0
0
0
0
0
0
0
0
0
0
0
0
0
0
0
0
0
0
0
0
0
0
0
0
0
0
0
0
0
0
0
0
0
0
0
0
0
0
0
0
0
0
0
0
0
0
0
0
0
0
0
0
0
0
0
0
0
0
0
0
0
0
0
0
0
0
0
0
0
0
0
0
0
0
0
0
0
0
0
0
0
0
0
0
0
0
0
0
0
0
0
0
0
0
0
0
0
0
0
0
0
0
0
0
0
0
0
0
0
0
0
0
0
0
0
0
0
0
0
0
0
0
0
0
0
0
0
0
0
0
0
0
0
0
0
0
0
0
0
0
0
0
0
0
0
0
0
0
0
0
0
0
0
0
0
0
0
0
0
0
0
0
0
0
0
0
0
0
0
0
0
0
0
0
0
0
0
0
0
0
0
0
0
0
0
0
0
0
0
0
0
0
0
0
0
0
0
0
0
0
0
0
0
0
0
0
0
0
0
0
0
0
0
0
0
0
0
0
0
0
0
0
0
0
0
0
0
0
0
0
0
0
0
0
0
0
0
0
0
0
0
0
0
0
0
0
0
0
0
0
0
0
0
0
0
0
0
0
0
0
0
0
0
0
0
0
0
0
0
0
0
0
0
0
0
0
0
0
0
0
0
0
0
0
0
0
0
0
0
0
0
0
0
0
0
0
0
0
0
0
0
0
0
0
0
0
0
0
0
0
0
0
0
0
0
0
0
0
0
0
0
0
0
0
0
0
0
0
0
0
0
0
0
0
0
0
0
0
0
0
0
0
0
0
0
0
0
0
0
0
0
0
0
0
0
0
0
0
0
0
0
0
0
0
0
0
0
0
0
0
0
0
0
0
0
0
0
0
0
0
0
0
0
0
0
0
0
0
0
0
0
0
0
0
0
0
0
0
0
0
0
0
0
0
0
0
0
0
0
0
0
0
0
0
0
0
0
0
0
0
0
0
0
0
0
0
0
0
0
0
0
0
0
0
0
0
0
0
0
0
0
0
0
0
0
0
0
0
0
0
0
0
0
0
0
0
0
0
0
0
0
0
0
0
0
0
0
0
0
0
0
0
0
0
0
0
0
0
0
0
0
0
0
0
0
0
0
0
0
0
0
0
0
0
0
0
0
0
0
0
0
0
0
0
0
0
0
0
0
0
0
0
0
0
0
0
0
0
0
0
0
0
0
0
0
0
0
0
0
0
0
0
0
0
0
0
0
0
0
0
0
0
0
0
0
0
0
0
0
0
0
0
0
0
0
0
0
0
0
0
0
0
0
0
0
0
0
0
0
0
0
0
0
0
0
0
0
0
0
0
0
0
0
0
0
0
0
0
0
0
0
0
0
0
0
0
0
0
0
0
0
0
0
0
0
0
0
0
0
0
0
0
0
0
0
0
0
0
0
0
0
0
0
0
0
0
0
0
0
0
0
0
0
0
0
0
0
0
0
0
0
0
0
0
0
0
0
0
0
0
0
0
0
0
0
0
0
0
0
0
0
0
0
0
0
0
0
0
0
0
0
0
0
0
0
0
0
0
0
0
0
0
0
0
0
0
0
0
0
0
0
0
0
0
0
0
0
0
0
0
0
0
0
0
0
0
0
0
0
0
0
0
0
0
0
0
0
0
0
0
0
0
0
0
0
0
0
0
0
0
0
0
0
0
0
0
0
0
0
0
0
0
0
0
0
0
0
0
0
0
0
0
0
0
0
0
0
0
0
0
0
0
0
0
0
0
0
0
0
0
0
0
0
0
0
0
0
0
0
0
0
0
0
0
0
0
0
0
0
0
0
0
0
0
0
0
0
0
0
0
0
0
0
0
0
0
0
0
0
0
0
0
0
0
0
0
0
0
0
0
0
0
0
0
0
0
0
0
0
0
0
0
0
0
0
0
0
0
0
0
0
0
0
0
0
0
0
0
0
0
0
0
0
0
0
0
0
0
0
0
0
0
0
0
0
0
0
0
0
0
0
0
0
0
0
0
0
0
0
0
0
0
0
0
0
0
0
0
0
0
0
0
0
0
0
0
0
0
0
0
0
0
0
0
0
0
0
0
0
0
0
0
0
0
0
0
0
0
0
0
0
0
0
0
0
0
0
0
0
0
0
0
0
0
0
0
0
0
0
0
0
0
0
0
0
0
0
0
0
0
0
0
0
0
0
0
0
0
0
0
0
0
0
0
0
0
0
0
0
0
0
0
0
0
0
0
0
0
0
0
0
0
0
0
0
0
0
0
0
0
0
0
0
0
0
0
0
0
0
0
0
0
0
0
0
0
0
0
0
0
0
0
0
0
0
0
0
0
0
0
0
0
0
0
0
0
0
0
0
0
0
0
0
0
0
0
0
0
0
0
0
0
0
0
0
0
0
0
0
0
0
0
0
0
0
0
0
0
0
0
0
0
0
0
0
0
0
0
0
0
0
0
0
0
0
0
0
0
0
0
0
0
0
0
0
0
0
0
0
0
0
0
0
0
0
0
0
0
0
0
0
0
0
0
0
0
0
0
0
0
0
0
0
0
0
0
0
0
0
0
0
0
0
0
0
0
0
0
0
0
0
0
0
0
0
0
0
0
0
0
0
0
0
0
0
0
0
0
0
0
0
0
0
0
0
0
0
0
0
0
0
0
0
0
0
0
0
0
0
0
0
0
0
0
0
0
0
0
0
0
0
0
0
0
0
0
0
0
0
0
0
0
0
0
0
0
0
0
0
0
0
0
0
0
0
0
0
0
0
0
0
0
0
0
0
0
0
0
0
0
0
0
0
0
0
0
0
0
0
0
0
0
0
0
0
0
0
0
0
0
0
0
0
0
0
0
0
0
0
0
0
0
0
0
0
0
0
0
0
0
0
0
0
0
0
0
0
0
0
0
0
0
0
0
0
0
0
0
0
0
0
0
0
0
0
0
0
0
0
0
0
0
0
0
0
0
0
0
0
0
0
0
0
0
0
0
0
0
0
0
0
0
0
0
0
0
0
0
0
0
0
0
0
0
0
0
0
0
0
0
0
0
0
0
0
0
0
0
0
0
0
0
0
0
0
0
0
0
0
0
0
0
0
0
0
0
0
0
0
0
0
0
0
0
0
0
0
0
0
0
0
0
0
0
0
0
0
0
0
0
0
0
0
0
0
0
0
0
0
0
0
0
0
0
0
0
0
0
0
0
0
0
0
0
0
0
0
0
0
0
0
0
0
0
0
0
0
0
0
0
0
0
0
0
0
0
0
0
0
0
0
0
0
0
0
0
0
0
0
0
0
0
0
0
0
0
0
0
0
0
0
0
0
0
0
0
0
0
0
0
0
0
0
0
0
0
0
0
0
0
0
0
0
0
0
0
0
0
0
0
0
0
0
0
0
0
0
0
0
0
0
0
0
0
0
0
0
0
0
0
0
0
0
0
0
0
0
0
0
0
0
0
0
0
0
0
0
0
0
0
0
0
0
0
0
0
0
0
0
0
0
0
0
0
0
0
0
0
0
0
0
0
0
0
0
0
0
0
0
0
0
0
0
0
0
0
0
0
0
0
0
0
0
0
0
0
0
0
0
0
0
0
0
0
0
0
0
0
0
0
0
0
0
0
0
0
0
0
0
0
0
0
0
0
0
0
0
0
0
0
0
0
0
0
0
0
0
0
0
0
0
0
0
0
0
0
0
0
0
0
0
0
0
0
0
0
0
0
0
0
0
0
0
0
0
0
0
0
0
0
0
0
0
0
0
0
0
0
0
0
0
0
0
0
0
0
0
0
0
0
0
0
0
0
0
0
0
0
0
0
0
0
0
0
0
0
0
0
0
0
0
0
0
0
0
0
0
0
0
0
0
0
0
0
0
0
0
0
0
0
0
0
0
0
0
0
0
0
0
0
0
0
0
0
0
0
0
0
0
0
0
0
0
0
0
0
0
0
0
0
0
0
0
0
0
0
0
0
0
0
0
0
0
0
0
0
0
0
0
0
0
0
0
0
0
0
0
0
0
0
0
0
0
0
0
0
0
0
0
0
0
0
0
0
0
0
0
0
0
0
0
0
0
0
0
0
0
0
0
0
0
0
0
0
0
0
0
0
0
0
0
0
0
0
0
0
0
0
0
0
0
0
0
0
0
0
0
0
0
0
0
0
0
0
0
0
0
0
0
0
0
0
0
0
0
0
0
0
0
0
0
0
0
0
0
0
0
0
0
0
0
0
0
0
0
0
0
0
0
0
0
0
0
0
0
0
0
0
0
0
0
0
0
0
0
0
0
0
0
0
0
0
0
0
0
0
0
0
0
0
0
0
0
0
0
0
0
0
0
0
0
0
0
0
0
0
0
0
0
0
0
0
0
0
0
0
0
0
0
0
0
0
0
0
0
0
0
0
0
0
0
0
0
0
0
0
0
0
0
0
0
0
0
0
0
0
0
0
0
0
0
0
0
0
0
0
0
0
0
0
0
0
0
0
0
0
0
0
0
0
0
0
0
0
0
0
0
0
0
0
0
0
0
0
0
0
0
0
0
0
0
0
0
0
0
0
0
0
0
0
0
0
0
0
0
0
0
0
0
0
0
0
0
0
0
0
0
0
0
0
0
0
0
0
0
0
0
0
0
0
0
0
0
0
0
0
0
0
0
0
0
0
0
0
0
0
0
0
0
0
0
0
0
0
0
0
0
0
0
0
0
0
0
0
0
0
0
0
0
0
0
0
0
0
0
0
0
0
0
0
0
0
0
0
0
0
0
0
0
0
0
0
0
0
0
0
0
0
0
0
0
0
0
0
0
0
0
0
0
0
0
0
0
0
0
0
0
0
0
0
0
0
0
0
0
0
0
0
0
0
0
0
0
0
0
0
0
0
0
0
0
0
0
0
0
0
0
0
0
0
0
0
0
0
0
0
0
0
0
0
0
0
0
0
0
0
0
0
0
0
0
0
0
0
0
0
0
0
0
0
0
0
0
0
0
0
0
0
0
0
0
0
0
0
0
0
0
0
0
0
0
0
0
0
0
0
0
0
0
0
0
0
0
0
0
0
0
0
0
0
0
0
0
0
0
0
0
0
0
0
0
0
0
0
0
0
0
0
0
0
0
0
0
0
0
0
0
0
0
0
0
0
0
0
0
0
0
0
0
0
0
0
0
0
0
0
0
0
0
0
0
0
0
0
0
0
0
0
0
0
0
0
0
0
0
0
0
0
0
0
0
0
0
0
0
0
0
0
0
0
0
0
0
0
0
0
0
0
0
0
0
0
0
0
0
0
0
0
0
0
0
0
0
0
0
0
0
0
0
0
0
0
0
0
0
0
0
0
0
0
0
0
0
0
0
0
0
0
0
0
0
0
0
0
0
0
0
0
0
0
0
0
0
0
0
0
0
0
0
0
0
0
0
0
0
0
0
0
0
0
0
0
0
0
0
0
0
0
0
0
0
0
0
0
0
0
0
0
0
0
0
0
0
0
0
0
0
0
0
0
0
0
0
0
0
0
0
0
0
0
0
0
0
0
0
0
0
0
0
0
0
0
0
0
0
0
0
0
0
0
0
0
0
0
0
0
0
0
0
0
0
0
0
0
0
0
0
0
0
0
0
0
0
0
0
0
0
0
0
0
0
0
0
0
0
0
0
0
0
0
0
0
0
0
0
0
0
0
0
0
0
0
0
0
0
0
0
0
0
0
0
0
0
0
0
0
0
0
0
0
0
0
0
0
0
0
0
0
0
0
0
0
0
0
0
0
0
0
0
0
0
0
0
0
0
0
0
0
0
0
0
0
0
0
0
0
0
0
0
0
0
0
0
0
0
0
0
0
0
0
0
0
0
0
0
0
0
0
0
0
0
0
0
0
0
0
0
0
0
0
0
0
0
0
0
0
0
0
0
0
0
0
0
0
0
0
0
0
0
0
0
0
0
0
0
0
0
0
0
0
0
0
0
0
0
0
0
0
0
0
0
0
0
0
0
0
0
0
0
0
0
0
0
0
0
0
0
0
0
0
0
0
0
0
0
0
0
0
0
0
0
0
0
0
0
0
0
0
0
0
0
0
0
0
0
0
0
0
0
0
0
0
0
0
0
0
0
0
0
0
0
0
0
0
0
0
0
0
0
0
0
0
0
0
0
0
0
0
0
0
0
0
0
0
0
0
0
0
0
0
0
0
0
0
0
0
0
0
0
0
0
0
0
0
0
0
0
0
0
0
0
0
0
0
0
0
0
0
0
0
0
0
0
0
0
0
0
0
0
0
0
0
0
0
0
0
0
0
0
0
0
0
0
0
0
0
0
0
0
0
0
0
0
0
0
0
0
0
0
0
0
0
0
0
0
0
0
0
0
0
0
0
0
0
0
0
0
0
0
0
0
0
0
0
0
0
0
0
0
0
0
0
0
0
0
0
0
0
0
0
0
0
0
0
0
0
0
0
0
0
0
0
0
0
0
0
0
0
0
0
0
0
0
0
0
0
0
0
0
0
0
0
0
0
0
0
0
0
0
0
0
0
0
0
0
0
0
0
0
0
0
0
0
0
0
0
0
0
0
0
0
0
0
0
0
0
0
0
0
0
0
0
0
0
0
0
0
0
0
0
0
0
0
0
0
0
0
0
0
0
0
0
0
0
0
0
0
0
0
0
0
0
0
0
0
0
0
0
0
0
0
0
0
0
0
0
0
0
0
0
0
0
0
0
0
0
0
0
0
0
0
0
0
0
0
0
0
0
0
0
0
0
0
0
0
0
0
0
0
0
0
0
0
0
0
0
0
0
0
0
0
0
0
0
0
0
0
0
0
0
0
0
0
0
0
0
0
0
0
0
0
0
0
0
0
0
0
0
0
0
0
0
0
0
0
0
0
0
0
0
0
0
0
0
0
0
0
0
0
0
0
0
0
0
0
0
0
0
0
0
0
0
0
0
0
0
0
0
0
0
0
0
0
0
0
0
0
0
0
0
0
0
0
0
0
0
0
0
0
0
0
0
0
0
0
0
0
0
0
0
0
0
0
0
0
0
0
0
0
0
0
0
0
0
0
0
0
0
0
0
0
0
0
0
0
0
0
0
0
0
0
0
0
0
0
0
0
0
0
0
0
0
0
0
0
0
0
0
0
0
0
0
0
0
0
0
0
0
0
0
0
0
0
0
0
0
0
0
0
0
0
0
0
0
0
0
0
0
0
0
0
0
0
0
0
0
0
0
0
0
0
0
0
0
0
0
0
0
0
0
0
0
0
0
0
0
0
0
0
0
0
0
0
0
0
0
0
0
0
0
0
0
0
0
0
0
0
0
0
0
0
0
0
0
0
0
0
0
0
0
0
0
0
0
0
0
0
0
0
0
0
0
0
0
0
0
0
0
0
0
0
0
0
0
0
0
0
0
0
0
0
0
0
0
0
0
0
0
0
0
0
0
0
0
0
0
0
0
0
0
0
0
0
0
0
0
0
0
0
0
0
0
0
0
0
0
0
0
0
0
0
0
0
0
0
0
0
0
0
0
0
0
0
0
0
0
0
0
0
0
0
0
0
0
0
0
0
0
0
0
0
0
0
0
0
0
0
0
0
0
0
0
0
0
0
0
0
0
0
0
0
0
0
0
0
0
0
0
0
0
0
0
0
0
0
0
0
0
0
0
0
0
0
0
0
0
0
0
0
0
0
0
0
0
0
0
0
0
0
0
0
0
0
0
0
0
0
0
0
0
0
0
0
0
0
0
0
