3.01932e+06
9.86995e+06
7.35081e+06
2.08036e+06
346199
43792
4851
822
388
347
319
325
299
305
316
325
334
324
339
335
331
308
287
337
298
292
314
292
279
300
304
301
287
310
297
299
313
326
302
287
323
315
302
327
313
315
293
311
310
295
280
309
297
327
297
288
311
305
310
296
288
281
270
286
296
294
283
299
286
272
302
260
272
317
284
305
284
289
313
301
273
253
261
291
281
314
278
255
287
279
292
265
258
300
264
267
259
265
268
279
295
301
273
274
279
279
282
290
267
243
284
263
260
270
296
283
298
263
285
266
272
276
246
263
276
254
252
256
249
271
282
257
263
281
259
264
252
245
261
276
271
276
264
259
257
219
254
258
235
251
236
262
280
253
254
250
283
254
267
255
261
238
230
252
215
286
238
246
242
256
250
288
249
244
265
248
247
259
296
233
262
235
275
258
248
258
257
250
254
269
273
255
275
269
261
282
235
248
278
268
242
263
273
261
235
270
273
250
275
247
220
238
275
272
252
282
286
265
283
273
259
273
270
273
248
239
261
244
256
240
227
280
251
256
253
266
272
250
250
248
264
272
245
282
272
278
249
238
243
273
237
250
253
270
275
268
237
253
255
242
266
236
262
285
244
261
255
246
289
246
273
298
252
231
268
264
232
259
238
239
252
246
262
303
284
261
277
267
282
251
272
244
243
284
253
270
285
249
258
256
268
300
259
288
287
305
260
260
270
279
253
246
277
269
276
252
280
256
251
253
291
269
294
268
260
233
260
289
229
284
269
256
296
267
270
272
239
259
256
243
267
256
288
240
292
289
291
279
280
279
271
304
278
287
252
301
290
258
257
290
280
302
272
275
302
314
281
285
262
291
287
305
288
279
281
285
287
303
279
273
264
300
295
280
337
261
283
290
290
302
298
278
272
275
275
302
281
276
285
284
320
318
300
288
278
296
296
268
319
281
299
287
281
261
284
295
322
277
266
289
307
302
274
274
316
282
307
274
289
286
289
289
292
287
293
279
311
296
293
254
254
310
288
261
309
279
282
295
271
304
301
295
292
285
306
280
307
316
299
275
309
285
286
296
282
270
279
298
295
261
267
312
288
286
312
277
282
263
270
284
278
252
301
268
272
334
267
319
267
310
267
296
299
307
307
271
302
309
285
316
322
323
323
297
332
309
303
342
335
315
323
337
328
329
361
330
334
315
328
319
311
304
322
340
340
343
389
357
345
328
358
360
328
370
349
378
368
353
373
354
366
416
380
389
370
404
393
341
351
388
370
401
406
382
397
375
370
387
359
420
418
423
383
379
364
373
420
397
414
429
384
409
388
419
373
411
401
415
375
362
388
412
372
396
393
391
371
401
372
398
375
388
419
374
429
417
367
426
379
402
378
376
380
369
409
415
389
355
403
370
403
398
389
377
367
396
390
389
374
322
385
372
396
380
366
341
368
381
397
382
366
359
380
345
340
390
342
362
379
375
372
374
350
338
340
365
336
351
371
363
330
354
389
365
368
350
361
322
350
336
336
347
320
365
333
356
337
335
327
354
329
356
356
340
344
352
334
337
343
342
329
357
328
317
337
346
338
322
349
337
334
340
342
324
323
344
325
319
292
322
326
356
355
314
310
333
313
325
317
299
348
305
332
326
301
307
317
294
330
320
337
341
340
332
330
288
306
298
322
290
322
323
295
324
306
308
324
322
322
323
321
327
310
313
295
331
302
317
320
291
299
324
301
285
300
258
282
339
307
291
273
279
289
321
313
313
276
280
289
276
312
283
285
282
311
288
290
254
281
314
284
299
248
298
303
283
301
279
271
276
308
276
251
290
305
293
317
280
297
284
292
296
280
243
286
278
281
293
277
301
283
283
318
279
268
314
255
284
280
280
273
271
269
294
272
272
280
309
263
282
288
269
281
287
258
271
251
268
274
256
242
282
233
282
267
276
264
283
252
244
265
300
284
307
245
247
261
240
296
248
259
260
279
275
289
278
274
285
254
236
293
281
280
258
282
279
260
250
235
256
245
278
240
283
256
289
294
269
264
266
294
283
281
256
284
268
267
267
257
262
256
236
249
268
263
265
285
266
257
271
280
266
286
270
295
270
264
283
288
252
272
263
246
263
263
266
269
255
281
264
276
257
249
255
236
275
278
257
273
247
248
268
250
233
259
280
262
259
300
275
270
297
300
319
292
276
275
280
268
285
284
260
269
278
237
277
252
268
307
274
280
281
254
244
253
268
265
277
263
275
275
271
265
283
251
290
253
252
280
270
266
266
272
243
270
278
291
270
282
241
261
281
275
271
246
267
290
240
254
267
294
269
259
307
259
250
253
263
281
274
277
262
236
239
280
262
252
276
269
229
241
263
273
264
284
248
265
259
251
244
237
259
260
253
284
246
247
283
259
268
266
246
266
260
245
242
252
261
261
255
263
249
272
265
243
265
249
263
238
272
242
279
252
249
241
247
259
266
251
236
240
269
242
273
238
267
241
247
246
243
255
241
230
233
234
243
233
241
251
251
258
230
257
257
235
235
234
232
231
218
251
221
229
244
216
198
231
212
216
213
222
189
226
221
197
192
206
218
224
239
203
205
206
181
196
187
190
197
221
221
177
180
222
177
193
180
194
181
183
179
168
163
183
177
161
169
187
178
177
177
191
191
184
189
179
168
174
146
162
163
158
153
182
163
151
151
142
150
139
148
131
156
155
149
159
180
159
149
157
138
140
128
149
119
132
127
123
141
142
136
157
153
160
131
144
128
145
128
121
145
149
134
119
150
135
148
116
124
109
125
128
109
108
135
119
130
126
119
137
118
116
121
128
125
133
115
111
121
136
113
132
122
132
110
123
140
112
111
122
107
135
135
120
122
119
137
131
140
123
113
116
91
137
127
120
121
110
125
136
114
122
116
111
131
122
100
116
107
115
123
126
131
133
117
112
114
137
126
97
126
127
109
122
109
100
109
107
130
105
118
104
120
135
120
98
139
127
114
121
117
104
129
130
108
107
134
109
130
127
115
132
107
117
102
113
129
106
109
130
132
135
110
135
132
120
136
127
116
132
124
136
119
137
117
136
137
123
127
140
132
133
127
146
140
143
138
146
140
148
131
150
144
168
110
151
131
167
159
136
151
147
142
155
172
177
150
161
165
153
180
161
172
178
175
188
162
209
213
206
183
189
186
213
205
199
197
186
187
203
201
205
202
220
185
203
223
236
196
213
241
235
222
233
253
254
248
261
241
257
277
279
305
270
253
265
291
307
294
281
321
281
289
318
303
323
340
360
318
359
348
341
346
352
350
371
402
347
373
385
384
399
401
397
405
456
447
477
440
448
460
458
490
534
488
534
502
546
561
554
561
646
572
602
591
626
631
702
656
706
707
728
682
764
759
778
821
821
774
823
850
884
893
894
875
907
892
955
989
982
1018
992
1036
1043
1069
1120
1119
1140
1139
1146
1199
1183
1204
1197
1269
1191
1304
1274
1256
1289
1311
1306
1336
1372
1340
1351
1442
1384
1396
1475
1445
1433
1431
1464
1481
1458
1494
1416
1469
1386
1549
1452
1414
1527
1497
1521
1476
1512
1461
1528
1471
1498
1500
1538
1528
1535
1517
1538
1501
1418
1459
1490
1421
1387
1422
1346
1390
1360
1341
1396
1361
1360
1293
1354
1263
1274
1255
1262
1281
1248
1204
1199
1184
1147
1133
1193
1128
1130
1088
1091
1079
1060
1004
934
985
949
977
965
965
893
887
914
860
826
809
841
752
731
717
717
713
717
696
724
638
644
640
612
564
594
588
535
568
498
464
445
468
508
438
396
413
415
384
391
388
364
354
355
336
333
320
281
315
312
295
277
278
268
253
256
227
246
236
240
243
213
248
226
211
183
185
170
208
173
161
166
164
134
139
168
121
158
151
125
144
132
120
121
121
132
130
114
114
108
108
104
113
108
120
104
114
105
110
107
89
107
86
99
93
89
90
100
89
83
87
79
88
98
97
73
103
107
88
92
74
76
83
86
94
101
87
90
78
83
73
89
86
89
89
95
82
69
87
89
91
87
92
76
90
82
86
85
80
80
94
84
76
85
90
88
82
104
88
73
83
88
97
84
78
92
75
89
82
69
73
85
82
84
93
84
76
86
87
75
71
79
72
85
79
81
70
79
66
69
83
82
77
69
96
81
86
87
89
75
88
74
72
82
85
76
92
96
65
80
63
77
84
54
90
75
70
83
83
85
76
75
90
75
74
92
99
70
81
82
83
75
75
73
77
82
96
66
76
75
98
86
72
83
89
93
77
75
92
90
85
84
70
71
81
68
77
72
77
87
97
78
86
78
89
88
75
86
84
79
78
83
94
75
87
74
79
85
86
86
74
73
71
76
85
71
70
76
67
80
83
76
81
84
71
66
73
74
73
85
82
90
98
76
73
88
62
80
80
76
86
78
73
75
79
93
77
71
69
66
85
86
66
79
82
81
74
85
99
77
106
81
72
94
74
66
68
75
79
86
72
71
74
73
85
87
68
78
74
70
69
77
86
89
86
67
85
77
80
86
77
81
68
67
72
78
77
76
74
71
82
60
71
80
82
82
60
56
76
90
79
81
69
67
80
74
72
73
85
78
79
87
73
79
73
78
76
71
78
63
73
93
59
73
79
59
81
69
61
76
62
62
89
75
79
69
76
79
77
72
74
62
67
68
61
80
69
68
73
77
72
81
78
64
69
81
62
80
55
65
70
79
77
85
74
85
76
73
77
70
84
76
69
73
80
78
72
97
62
80
73
75
69
56
75
72
81
70
74
90
69
69
81
72
79
66
72
66
87
70
66
80
78
73
76
75
71
74
65
86
73
80
72
68
65
82
66
67
74
65
57
72
73
76
80
69
74
66
69
59
63
72
66
76
75
81
60
79
70
83
68
63
78
68
79
67
72
67
69
78
78
80
55
75
73
52
88
65
60
72
78
73
72
77
79
77
68
59
68
60
73
79
65
59
64
68
83
69
84
66
82
84
82
79
57
79
82
73
83
50
69
63
56
66
74
57
58
78
80
71
69
59
65
89
81
68
79
101
80
71
66
72
63
51
80
73
67
62
55
69
69
67
69
70
84
75
52
86
72
66
78
52
73
75
72
80
75
81
50
63
65
71
73
79
81
80
64
91
73
47
87
71
77
68
71
67
67
85
67
81
72
59
78
72
59
66
66
72
63
82
73
69
78
69
69
70
67
77
66
70
80
79
69
79
63
69
75
67
77
72
82
60
66
86
67
76
72
76
65
78
54
97
67
69
89
76
71
72
72
79
72
65
65
54
66
73
75
75
79
70
66
96
72
73
93
70
72
63
80
77
69
65
66
72
68
87
81
59
90
83
67
63
69
61
73
79
91
74
74
64
71
94
69
75
68
64
61
62
61
76
75
75
79
68
68
76
66
67
79
68
60
77
76
73
88
75
73
73
70
67
70
86
78
74
87
68
66
76
85
79
86
61
80
83
92
82
71
72
75
72
84
55
63
57
84
72
76
78
84
86
74
93
79
67
86
84
83
88
80
84
81
70
79
91
87
71
80
75
94
87
77
77
85
81
77
87
72
95
88
83
95
73
79
86
84
79
84
77
92
77
96
69
82
83
81
78
96
82
103
89
88
76
76
81
88
80
80
90
85
76
80
82
83
82
92
77
89
82
84
91
82
86
87
74
93
76
77
76
72
84
76
61
96
92
83
85
89
91
85
89
88
83
91
90
86
80
82
88
91
76
88
95
99
90
101
87
97
71
78
72
97
75
89
83
60
83
90
92
94
73
86
83
87
81
78
83
86
82
74
73
74
93
76
91
86
85
67
75
67
79
59
81
76
83
75
91
83
93
76
78
72
73
82
71
83
64
73
98
90
84
86
81
75
88
70
69
67
76
67
70
72
76
69
67
81
75
67
77
69
74
59
65
58
67
67
50
62
66
45
60
52
58
53
71
50
64
57
56
45
55
52
58
45
53
48
53
56
41
46
49
47
55
55
47
61
50
48
36
52
41
38
45
43
40
28
31
26
46
40
38
34
41
27
33
45
39
34
32
22
26
34
36
22
34
24
21
29
29
31
26
25
28
26
31
16
26
31
33
18
24
18
27
25
18
22
21
14
22
20
13
16
17
16
17
18
16
14
18
10
14
17
17
20
11
8
23
12
19
18
13
16
16
13
12
16
8
8
10
14
13
13
11
11
12
6
11
13
9
9
10
18
13
12
17
14
12
8
9
10
10
18
9
11
2
17
5
20
11
12
12
6
11
12
19
10
12
12
14
11
15
19
11
15
15
14
11
13
17
18
19
20
19
16
16
24
25
18
31
20
26
25
25
29
27
32
31
33
33
17
41
39
36
43
35
33
40
41
46
53
34
47
54
47
46
51
57
49
64
72
64
75
69
55
88
87
85
88
75
83
78
99
94
86
105
110
116
109
107
115
115
88
96
112
139
120
134
142
121
121
140
140
151
167
159
139
135
157
157
173
158
171
181
169
171
176
171
186
165
172
167
182
178
187
230
203
158
196
181
200
213
188
186
183
191
208
205
199
194
208
182
197
187
176
173
172
204
186
200
196
188
199
193
161
160
165
174
161
152
178
141
139
159
151
164
144
154
142
146
154
134
119
140
126
143
131
128
123
100
112
117
109
117
117
106
108
84
81
91
97
94
72
78
91
78
72
58
73
68
58
52
44
53
50
52
47
49
35
47
45
36
47
36
28
27
30
30
36
23
29
31
22
28
19
19
24
14
17
20
22
14
21
18
19
5
16
15
7
13
12
10
17
9
10
16
8
4
4
8
6
12
3
5
4
10
9
8
4
2
2
4
4
6
2
9
4
1
6
3
1
1
3
1
7
2
0
2
1
2
0
1
1
1
1
1
2
2
1
2
4
3
1
2
1
0
0
0
2
4
1
1
2
1
3
0
1
1
2
1
0
1
3
0
1
2
0
0
0
2
0
1
0
1
1
0
3
1
1
1
2
0
0
1
0
1
1
1
1
1
1
4
1
1
2
0
0
1
0
0
1
2
0
1
2
1
2
0
2
0
1
2
0
2
2
0
1
1
0
0
0
0
2
1
1
2
1
1
1
0
1
3
1
1
1
4
2
2
0
2
0
0
0
2
0
0
1
1
0
1
1
0
2
0
0
0
0
0
2
0
0
0
2
0
0
0
1
0
1
2
2
1
0
1
1
2
0
0
1
1
0
3
0
0
0
3
0
0
3
2
0
1
0
1
1
2
0
1
2
0
1
0
1
0
0
0
1
0
0
0
0
1
1
1
1
0
1
1
1
1
2
0
0
0
0
0
0
0
0
1
0
1
2
0
0
1
0
3
0
0
0
1
0
1
0
0
0
1
0
0
0
1
0
0
1
0
1
0
1
2
0
1
0
0
0
0
0
0
0
0
1
0
0
0
0
0
1
0
0
0
0
0
0
0
0
0
0
0
1
0
0
1
0
1
0
0
0
0
0
1
0
1
0
0
2
0
1
1
0
0
0
0
0
0
0
1
2
1
0
0
0
0
1
0
0
0
1
0
0
0
1
2
0
0
1
1
0
2
1
0
2
1
0
1
0
0
2
0
2
0
1
0
1
0
3
1
1
1
2
1
1
0
0
2
0
1
1
0
1
1
1
0
1
1
0
0
0
2
0
2
1
0
1
1
0
0
1
3
1
2
2
0
0
1
4
1
1
0
1
1
0
0
1
0
0
0
1
0
0
2
0
1
0
0
0
1
1
0
0
2
1
0
0
0
0
0
1
0
0
2
0
0
2
1
0
0
0
1
0
0
0
0
0
0
0
0
0
0
0
0
0
0
0
0
0
2
0
0
0
0
0
0
0
0
0
0
0
0
0
0
0
0
0
0
0
0
0
0
0
0
0
0
0
0
0
0
0
0
0
0
0
0
0
0
0
0
0
0
0
0
1
0
0
0
0
0
0
0
0
0
0
0
0
0
0
0
0
0
0
0
0
0
0
0
0
0
0
1
0
0
0
0
0
0
0
0
0
0
0
0
0
0
0
0
0
0
0
0
0
0
0
0
0
0
0
0
0
0
0
0
0
0
0
0
0
0
0
0
1
0
0
0
0
0
0
0
0
0
0
0
0
0
0
0
0
0
0
0
0
0
0
0
0
0
0
0
0
0
0
1
0
0
0
0
0
0
0
0
0
0
0
0
0
0
0
0
0
0
0
1
0
0
0
0
0
0
0
1
1
0
0
0
0
0
1
0
0
0
0
0
0
1
0
0
0
0
1
0
0
0
0
0
0
0
0
0
0
0
1
0
0
0
0
0
0
0
0
0
0
0
1
0
0
0
0
0
0
0
0
0
0
0
0
0
0
0
0
0
0
0
0
0
0
0
0
0
1
0
0
0
0
0
0
1
0
0
0
0
0
0
1
0
0
0
0
0
0
0
0
0
0
0
0
0
0
0
0
0
0
0
0
0
0
0
0
0
0
0
0
0
0
0
0
0
1
0
0
0
0
0
0
0
0
0
0
0
0
1
0
0
0
0
0
0
0
0
0
0
0
0
0
0
0
0
0
0
0
0
0
0
0
0
0
1
0
0
0
0
0
0
0
0
0
0
0
0
0
1
0
0
0
0
0
0
0
0
0
0
0
1
0
0
0
0
0
0
0
0
0
0
0
0
0
0
0
0
0
0
0
0
0
0
0
0
0
0
0
0
0
0
0
0
0
0
0
0
0
0
0
0
1
0
0
0
0
0
0
0
0
0
1
0
0
0
0
0
1
0
0
0
0
0
0
0
0
0
0
0
0
0
0
0
0
1
1
0
0
0
0
0
0
0
0
1
0
0
0
0
0
0
0
0
0
0
0
1
0
0
0
0
0
0
0
0
0
0
0
0
0
0
0
0
0
0
0
0
0
0
0
1
0
0
0
0
0
0
0
0
0
0
0
0
0
0
0
0
0
0
2
0
0
0
0
0
0
0
0
0
0
0
0
0
0
0
0
0
0
1
0
0
0
0
0
0
0
0
0
0
0
0
0
0
0
0
0
0
0
0
0
0
0
1
0
0
1
0
0
0
1
0
0
0
0
0
0
0
0
0
0
0
0
0
0
0
0
0
0
0
0
0
0
0
0
0
0
0
0
0
0
0
0
0
0
0
0
0
0
0
0
0
0
0
0
1
0
0
0
0
0
0
0
0
0
0
0
0
0
0
0
0
0
0
0
0
0
0
0
0
0
0
0
0
0
0
0
0
0
0
0
0
0
0
0
0
0
0
0
0
0
0
1
0
0
0
0
0
0
1
0
0
0
0
1
0
0
0
0
0
0
0
0
0
0
0
0
0
0
0
0
0
0
0
1
0
0
0
0
0
0
0
1
0
0
0
0
0
0
1
1
1
2
0
2
0
