0
0
0
0
0
0
0
0
0
0
67087
93786
91790
91334
90197
89545
89089
87996
87281
87049
86260
85349
85106
84808
84415
83920
84116
83858
83030
82833
82082
81397
81370
81309
81202
80893
81076
80123
80285
80215
79022
79086
78763
78264
78088
77330
77726
78307
77407
76823
76231
75817
75613
75401
75668
74811
74530
74300
73865
73858
73749
73709
73229
73149
72593
72264
72147
72157
71507
71630
70838
71113
70529
70415
69748
69746
70056
69406
68973
69026
68850
68753
68242
67670
67517
67528
67276
67201
66789
66090
66235
65852
66028
65392
65256
65534
64622
64542
63891
64502
64075
63366
63758
63016
62837
62383
63008
62085
62276
62065
61513
61825
61123
61011
60316
60573
60036
59975
60234
59663
59343
58803
59403
58627
58941
58701
58163
58364
57634
57664
57534
57468
57022
56825
56520
56057
56670
55784
55903
55474
55517
55356
55026
55168
54596
54387
54318
54214
53749
53832
53509
53422
52984
52633
52240
52731
52466
51742
51872
51708
51208
51854
51164
51577
50670
50277
51004
50348
49760
50013
49648
49793
49373
49246
49194
49304
48708
48154
48349
48119
47957
48234
47494
47761
47033
47300
46933
46605
46861
46287
46453
46755
46191
45805
45579
46184
45277
45220
45061
44851
44618
44333
44524
44349
44351
44099
43880
43813
43670
43565
43491
43193
42521
42537
42727
42479
42297
42340
41878
42080
41399
41259
41338
41501
41426
40995
41085
40754
40526
40054
40296
39884
40273
40055
39733
39633
39708
39092
38823
39017
38780
38708
38291
38498
38631
38144
38119
37923
37607
37721
37938
37754
36884
37152
37078
36842
36650
36396
36663
36239
36177
35622
36308
35894
35455
35420
35243
35020
35113
35252
34533
34627
34711
34505
34187
34519
34117
34111
33786
34026
33652
33667
33264
33470
33198
33145
32776
33019
32832
32790
32431
32123
32462
32391
32146
32007
31685
31833
31613
31620
31335
31015
31030
30950
31040
30948
30389
30675
30696
30505
30563
30529
29900
29840
29759
29838
29926
29742
29690
29601
28942
29185
28755
28989
28943
28787
28261
28787
28772
28223
28198
28068
28000
28068
27900
27693
27733
27285
27194
27296
27334
27135
26749
27084
26636
26906
26594
26711
26527
26559
26274
25858
25947
26165
25880
26213
25769
25800
25362
25620
25367
25270
25291
25028
25142
24892
25021
24416
24854
24498
24520
24476
24452
24120
24126
23864
24078
23870
23624
23633
23680
23602
23487
23423
23068
23090
23292
22904
22724
22913
23188
22912
22648
22581
22613
22406
21910
22532
21990
22100
22048
21811
22074
21905
21618
21684
21508
21442
21390
21254
21359
21476
20911
21378
20794
20628
20781
20622
20577
20679
20425
20527
20625
20400
20007
20036
20244
19976
19915
19986
20034
19715
19667
19864
19484
19518
19258
19386
19406
19123
19248
19230
18983
18625
18751
18450
18910
18954
18455
18504
18262
18410
18334
18311
18100
18444
18271
18009
17985
17732
17900
17917
17493
17806
17343
17423
17419
17172
17342
17390
17230
17108
16988
16748
17200
16996
16651
16647
16695
16788
16546
16652
16590
16635
16586
16029
16300
16099
16029
16212
16033
16229
15999
15754
15788
15754
15673
15686
15595
15523
15920
15719
15378
15338
15078
15145
15245
15288
15175
14956
15167
14849
14797
14826
14580
14639
14761
14289
14341
14669
14338
14208
14375
14482
14191
14198
14052
14119
14063
13983
13952
14017
13847
13893
13806
13725
13806
13591
13796
13555
13397
13416
13265
13397
13368
13117
13235
13046
12897
13172
12982
12919
12838
12836
12645
12838
12698
12686
12622
12528
12498
12587
12332
12388
12260
12166
12002
12295
12089
12120
12062
11957
12045
11929
11895
11677
11625
11836
11810
11447
11797
11512
11622
11533
11578
11488
11458
11180
11369
11342
11431
11293
11080
11149
10982
11256
10917
10890
10736
10773
10841
10755
10754
10746
10579
10482
10470
10686
10687
10588
10791
10551
10643
10349
10491
10545
10212
10137
10262
10135
10308
10183
9867
10104
10180
10020
9932
9981
9768
9809
9616
9821
9763
9571
9674
9596
9583
9699
9626
9521
9280
9507
9457
9262
9188
9318
9241
9211
9107
9163
9084
9105
9215
9086
8999
9012
8739
8898
8819
8950
8757
8682
8690
8736
8656
8658
8471
8493
8640
8476
8342
8541
8588
8507
8503
8343
8495
8308
8308
8255
8109
8198
8114
8108
8176
7903
8025
8009
7875
8003
7927
7892
7894
7869
7832
7831
7951
7802
7521
7714
7480
7484
7579
7419
7536
7409
7498
7473
7342
7321
7279
7216
7299
7195
7305
7317
7158
7118
7113
7080
7170
7075
6998
7036
7034
7070
6866
6956
6996
6944
6972
6728
6615
6845
6638
6660
6677
6673
6535
6624
6586
6549
6734
6572
6529
6442
6380
6494
6490
6341
6433
6233
6426
6157
6405
6225
6356
6215
6155
6010
6227
6034
6054
6090
5991
5983
5874
6135
5998
5946
5988
6028
5917
5743
5862
5929
5803
5835
5833
5726
5786
5689
5732
5774
5753
5545
5576
5637
5612
5511
5642
5582
5459
5482
5431
5367
5339
5596
5340
5420
5251
5188
5278
5398
5258
5322
5398
5166
5247
5094
5164
5133
5156
5171
5068
5064
5137
5100
5134
5121
4904
4996
4811
4882
4809
4834
5082
4892
4788
4923
4829
4773
4793
4730
4643
4741
4729
4705
4792
4633
4566
4686
4577
4677
4481
4542
4483
4536
4360
4530
4467
4523
4490
4417
4481
4403
4424
4408
4344
4351
4343
4450
4309
4368
4154
4390
4219
4238
4278
4079
4212
4232
4120
4130
4108
4033
4084
4049
4035
4131
4012
4015
4078
4023
3965
3920
3909
3906
4033
3873
3826
3895
3980
3857
3822
3698
3769
3746
3734
3950
3831
3682
3690
3741
3664
3652
3535
3583
3700
3733
3689
3592
3666
3617
3622
3519
3572
3565
3476
3473
3417
3495
3521
3476
3502
3445
3424
3337
3435
3334
3363
3377
3309
3392
3324
3386
3313
3322
3291
3312
3257
3229
3098
3203
3170
3330
3168
3156
3186
3113
3216
3105
3093
3078
3109
3011
3020
3097
3026
3035
3024
3045
2999
2944
3080
3013
2977
2927
2925
2907
2969
2924
2979
2941
2937
2905
2922
2872
2897
2787
2767
2820
2811
2809
2778
2830
2783
2718
2724
2794
2743
2700
2728
2755
2771
2582
2674
2751
2673
2664
2659
2656
2597
2566
2642
2557
2545
2640
2532
2544
2424
2539
2524
2495
2572
2600
2502
2569
2529
2486
2557
2476
2520
2445
2412
2385
2477
2399
2441
2442
2401
2342
2355
2335
2343
2336
2442
2423
2293
2265
2259
2375
2301
2256
2291
2208
2270
2178
2221
2225
2268
2221
2152
2289
2194
2266
2092
2115
2132
2101
2102
2138
2093
2124
2162
2042
2129
2056
2014
2079
2077
2045
2067
2015
2095
1964
2021
2013
1931
2026
1988
1969
2082
1954
1893
2063
1935
1884
1959
1984
1892
1939
1931
1906
1897
1863
1816
1902
1872
1891
1825
1874
1853
1833
1809
1851
1884
1819
1841
1785
1841
1793
1669
1802
1770
1775
1786
1761
1711
1654
1665
1782
1703
1669
1695
1722
1749
1717
1676
1672
1701
1584
1653
1597
1600
1618
1587
1627
1609
1682
1620
1615
1675
1544
1597
1500
1574
1616
1543
1603
1540
1642
1555
1511
1477
1452
1546
1519
1460
1500
1470
1522
1497
1475
1464
1465
1483
1519
1508
1479
1446
1490
1413
1438
1430
1479
1418
1439
1417
1350
1426
1378
1344
1427
1355
1403
1359
1349
1370
1413
1316
1375
1351
1341
1366
1332
1346
1328
1331
1348
1265
1256
1352
1259
1309
1298
1285
1242
1293
1276
1249
1291
1280
1173
1239
1253
1312
1202
1210
1192
1281
1229
1227
1181
1096
1185
1162
1155
1146
1146
1199
1147
1192
1183
1197
1064
1136
1147
1085
1163
1075
1136
1132
1171
1119
1058
1160
1113
1104
1153
1058
1046
1091
1122
1186
1037
1140
1103
967
1014
1062
1017
997
979
1046
1036
1037
1058
1038
977
1053
1078
1021
1031
1046
984
1006
1019
976
986
1021
953
969
969
980
1022
966
940
947
879
995
969
948
964
934
941
1027
845
958
931
917
921
896
963
889
940
887
905
949
904
825
871
895
895
855
935
865
913
881
878
886
812
820
852
880
788
802
834
793
819
785
798
823
784
824
826
821
801
816
781
783
813
803
782
746
823
810
809
767
767
783
745
723
778
752
763
728
763
739
763
743
783
756
723
734
674
673
740
697
768
721
749
719
710
700
728
699
679
762
676
682
652
693
671
637
659
745
660
667
660
703
658
640
661
635
604
659
694
641
613
640
663
648
614
622
623
583
658
601
654
627
647
571
629
605
602
602
599
602
565
588
602
607
601
592
555
561
555
626
555
575
582
585
567
579
553
577
626
550
528
591
557
527
560
527
518
558
498
549
543
541
519
541
502
549
544
515
542
505
584
539
526
562
515
483
532
514
553
509
469
426
511
450
535
499
488
512
451
495
478
469
487
535
472
501
432
432
498
456
527
452
473
482
457
467
473
443
429
462
438
453
492
454
462
414
446
426
442
482
425
455
401
454
430
419
421
387
427
420
412
432
414
423
415
420
404
418
448
412
427
411
421
423
405
409
399
431
404
379
400
397
389
402
446
418
406
408
374
424
382
363
389
364
388
365
349
387
374
366
359
358
367
357
380
369
321
370
367
364
367
380
382
353
348
338
339
354
352
369
339
330
339
334
336
339
303
347
316
328
352
317
296
349
327
329
330
333
307
335
328
299
326
279
303
317
339
344
307
293
306
306
308
332
329
320
289
257
300
322
277
282
279
290
299
309
306
296
255
293
280
303
279
292
287
258
275
276
272
297
265
283
306
273
268
274
254
263
255
252
289
261
268
217
280
273
237
250
245
242
245
249
229
266
236
262
226
247
237
223
246
244
233
245
232
244
234
252
231
238
244
231
223
230
248
261
228
211
211
228
218
244
238
241
255
211
267
233
221
203
221
241
248
252
221
212
221
225
211
240
213
217
203
239
194
203
219
228
214
211
214
186
200
180
177
222
210
205
244
214
200
227
225
212
206
197
208
222
193
221
216
196
189
183
199
209
215
174
174
189
202
190
175
184
202
181
186
177
189
179
194
195
179
191
184
191
199
175
161
176
160
172
174
189
179
153
178
195
198
181
153
150
195
175
171
150
175
165
189
176
127
147
155
173
170
164
166
175
157
159
169
161
164
161
154
164
150
169
144
151
138
133
157
138
143
154
134
147
141
128
152
147
137
147
160
124
156
137
134
125
137
148
152
127
125
134
153
144
132
125
146
132
139
130
106
126
130
115
112
119
165
113
128
133
161
142
111
125
121
145
134
118
127
127
118
116
121
125
127
119
130
120
126
105
93
118
120
131
115
118
131
110
106
109
123
124
113
117
116
119
121
113
119
110
109
121
110
98
117
117
108
89
123
101
112
91
106
116
115
133
99
113
108
128
117
114
113
110
107
111
101
95
97
99
121
105
88
99
101
99
122
95
114
100
124
92
96
110
106
111
98
94
84
79
92
91
83
100
98
97
78
93
113
71
106
82
81
84
79
90
92
90
108
86
88
96
94
72
92
98
68
114
94
83
100
67
67
104
88
91
80
78
92
74
96
90
63
78
75
81
78
73
73
80
90
88
77
81
85
76
74
67
80
74
79
91
65
73
70
70
77
85
81
71
56
68
61
68
71
73
80
54
73
73
72
65
73
83
82
68
66
83
71
72
73
72
76
61
78
66
76
65
72
62
66
62
70
58
60
71
49
55
58
54
63
58
63
62
67
54
64
69
55
64
74
63
77
53
55
63
59
66
48
62
62
63
73
65
70
55
57
59
51
67
61
53
68
56
50
54
57
63
68
46
63
56
56
65
56
56
55
53
56
48
62
64
43
55
63
59
45
54
57
55
54
41
42
46
50
56
51
47
52
42
61
49
49
63
51
49
43
51
56
48
60
49
44
65
48
44
37
48
50
36
52
56
53
53
37
43
58
32
47
53
46
43
45
45
38
40
39
47
45
40
58
42
42
43
43
42
41
39
34
41
36
36
29
41
39
50
41
29
35
37
33
37
40
38
46
35
44
38
46
39
34
34
36
39
47
41
30
45
37
38
44
37
42
47
45
32
40
35
39
36
33
36
49
33
33
38
32
37
32
41
38
33
37
43
32
46
35
29
25
30
41
38
39
41
37
44
41
29
27
35
32
40
37
25
35
34
41
32
29
19
35
37
46
35
37
28
27
25
26
29
31
31
29
32
40
29
33
32
36
33
27
26
29
33
25
48
29
35
35
37
33
25
33
23
16
37
28
33
31
22
33
23
25
23
17
31
33
38
34
22
28
23
20
27
27
17
35
29
25
28
25
24
28
23
30
19
23
24
32
33
26
27
28
23
24
24
18
23
14
28
20
23
14
19
14
23
20
27
30
29
27
21
24
19
23
23
30
32
16
32
24
15
15
22
26
27
19
18
24
17
22
26
22
28
20
25
25
19
25
20
12
28
25
27
13
17
19
16
13
21
16
26
20
23
17
22
24
13
20
16
13
16
15
18
23
17
17
14
16
16
16
12
16
15
14
16
29
15
15
24
16
20
23
21
12
12
13
19
19
15
17
19
18
9
10
19
16
18
19
25
19
18
9
14
21
21
21
10
13
11
13
22
11
16
18
17
19
16
13
18
15
13
15
12
12
20
15
24
12
18
17
14
17
16
19
15
15
18
13
18
16
13
9
12
16
13
16
16
13
8
12
20
9
19
12
14
14
17
9
16
10
13
11
10
13
13
9
7
10
9
19
17
12
16
16
11
14
18
6
18
8
17
13
18
9
15
13
12
13
12
17
16
9
7
13
14
9
17
13
8
12
11
9
10
10
16
5
10
10
7
13
10
5
15
16
13
14
12
7
13
9
14
13
14
14
11
12
15
8
11
14
10
18
25
12
6
13
17
11
15
13
9
7
10
9
15
10
13
11
14
12
15
16
9
12
9
12
10
7
6
8
11
12
12
12
8
13
7
8
12
11
9
6
5
11
8
12
14
16
8
5
6
8
12
9
7
9
9
8
6
10
10
19
10
5
9
8
9
4
9
8
11
6
10
12
8
11
9
9
3
9
10
7
7
10
6
5
9
5
8
7
13
8
6
6
2
6
7
7
4
11
9
11
9
5
9
9
9
5
11
11
4
8
7
4
6
4
10
6
10
3
10
7
8
6
5
5
12
5
3
4
12
9
5
8
10
5
3
4
11
4
6
4
8
11
1
5
11
8
6
10
5
6
0
9
7
5
3
11
11
7
7
5
10
4
6
6
7
5
4
4
5
11
5
14
5
4
5
6
8
2
5
1
5
6
7
3
4
3
13
5
7
4
3
4
6
5
4
7
5
5
4
7
5
10
4
4
7
8
5
6
5
5
7
7
4
3
4
9
1
5
8
5
2
2
11
4
3
1
3
1
6
7
3
2
2
3
4
3
9
2
8
3
4
5
7
5
6
3
4
3
4
9
6
3
3
6
11
2
6
0
4
4
4
4
3
1
5
6
3
5
6
3
2
7
6
4
2
4
5
3
3
2
4
2
6
5
4
6
2
2
6
2
2
2
5
4
6
5
3
2
3
1
4
2
1
1
1
5
6
1
4
9
4
5
7
5
5
3
3
5
5
4
2
3
6
4
4
5
2
4
3
2
4
4
2
3
5
3
1
4
3
5
2
5
6
3
6
8
1
6
2
4
5
6
5
3
5
2
3
5
7
0
3
1
1
1
1
5
2
4
2
5
1
5
1
2
4
4
3
4
5
5
2
2
4
2
4
4
5
6
1
3
5
1
5
5
2
0
5
2
4
3
0
0
2
4
2
5
5
4
4
3
5
2
1
2
5
3
2
2
0
1
2
3
2
1
4
3
2
1
3
1
0
2
2
1
1
2
0
1
2
3
2
1
3
3
2
0
4
6
0
2
4
2
2
1
5
2
0
2
6
3
2
3
4
8
2
2
0
2
1
3
2
1
0
2
1
2
4
4
2
1
4
3
2
0
4
1
1
2
2
4
0
3
0
2
1
3
1
4
3
3
3
1
5
3
0
0
0
1
1
3
0
5
6
2
2
1
2
1
0
5
0
4
1
1
2
1
1
1
2
4
2
1
2
1
1
0
2
3
1
3
2
1
5
1
3
2
2
3
0
1
1
2
3
4
2
0
1
0
3
3
2
2
2
5
1
2
3
0
3
2
0
0
2
1
3
2
2
2
2
1
1
4
2
0
1
1
3
2
3
2
2
4
1
3
1
1
2
1
1
0
2
0
3
3
0
1
1
0
1
0
0
1
1
0
1
1
2
0
2
0
2
2
1
4
2
1
0
0
1
0
2
1
0
0
2
0
1
0
3
0
1
1
0
1
0
2
3
0
0
4
1
1
2
0
0
2
2
0
1
2
1
4
1
1
0
2
0
1
2
1
2
1
2
0
0
1
0
2
1
2
1
0
0
0
2
1
0
0
1
2
0
0
0
0
2
0
1
1
4
0
2
0
0
1
0
2
2
0
1
2
1
1
0
0
1
0
4
0
2
2
0
2
2
1
2
1
2
2
1
1
1
0
1
0
1
1
0
1
1
0
0
1
1
0
2
0
0
3
0
0
1
0
1
2
0
0
0
1
2
0
1
3
0
0
0
1
1
1
1
1
0
1
2
0
4
0
0
1
0
0
2
0
0
1
1
1
1
1
0
2
0
0
0
1
1
0
0
0
1
0
0
0
1
0
1
0
3
0
0
2
0
1
1
0
1
1
1
0
1
0
1
3
0
1
1
1
0
1
0
1
1
1
1
2
2
1
1
0
0
2
0
0
2
0
1
0
3
0
0
3
0
0
3
1
1
0
0
0
1
0
0
0
1
1
0
0
0
0
1
1
2
0
0
1
0
0
0
0
1
0
2
1
0
1
1
0
1
0
1
0
0
0
0
1
1
0
0
0
0
2
0
0
0
0
0
1
0
0
0
0
1
1
1
0
0
0
0
2
0
0
0
0
0
0
0
0
0
2
0
0
0
1
1
0
0
0
1
0
2
0
1
1
0
1
0
1
0
0
2
0
0
0
0
2
0
1
0
3
1
1
0
1
0
2
0
0
0
0
1
0
1
0
0
0
0
2
0
0
1
0
0
0
0
0
0
0
0
0
0
1
0
0
0
0
1
0
0
0
2
4
0
0
0
2
0
1
1
0
1
0
0
0
1
1
3
0
0
1
1
0
0
1
1
0
0
1
2
1
0
0
0
1
0
0
0
0
0
0
0
1
1
1
0
1
1
0
1
0
1
0
0
1
0
0
0
0
0
0
0
0
0
0
0
0
0
0
0
0
0
1
2
1
1
0
1
0
0
0
0
0
0
3
0
0
0
0
0
0
1
1
0
0
0
0
0
0
0
0
0
0
0
0
0
0
0
0
0
0
3
0
1
0
0
0
0
0
0
0
0
0
0
0
0
0
0
0
1
0
0
0
0
0
0
0
0
0
0
0
0
1
1
1
0
0
0
1
0
0
0
0
0
0
0
0
0
0
0
0
0
0
0
0
0
0
0
0
0
0
0
0
0
0
0
0
0
0
0
1
0
0
0
0
0
0
0
0
0
0
1
0
0
1
0
0
0
0
0
0
0
0
0
0
0
0
1
0
0
0
0
1
0
0
0
0
0
1
0
0
0
0
0
0
0
0
0
0
0
0
0
0
0
0
0
0
0
0
0
1
0
1
0
0
0
0
0
0
0
0
0
0
0
0
0
1
0
0
0
0
0
0
0
0
0
0
0
0
0
1
1
0
0
0
0
0
0
1
0
0
0
0
0
0
0
0
0
0
1
0
1
0
0
0
0
0
0
1
0
0
0
0
0
0
0
0
0
0
1
0
0
1
0
1
0
0
0
0
1
1
0
2
0
0
0
0
2
0
0
0
0
0
0
0
0
0
0
1
0
0
0
0
1
0
0
1
0
0
0
0
0
0
0
1
0
0
0
0
0
0
0
0
0
0
0
0
0
2
1
0
0
0
0
1
0
0
0
1
0
0
0
0
0
0
0
0
0
0
0
1
0
0
0
0
0
0
0
0
0
0
0
1
0
0
0
0
1
0
0
0
0
1
0
0
0
0
0
0
1
0
0
0
0
0
0
0
0
1
0
1
0
1
0
0
0
0
0
0
1
0
0
0
0
0
0
0
1
0
0
0
0
0
0
0
0
0
0
0
0
0
0
0
0
0
0
0
0
0
0
0
1
0
0
0
0
1
0
0
0
0
0
0
0
0
0
0
0
0
0
0
0
0
0
1
0
0
0
0
0
0
0
0
0
0
0
0
0
0
0
0
0
0
0
0
0
0
0
0
0
0
0
0
0
0
1
0
0
0
0
0
0
0
0
0
0
0
0
0
0
0
0
1
0
0
0
0
0
0
0
0
1
0
0
0
1
0
0
0
0
0
0
0
0
0
0
0
0
0
0
0
0
0
0
0
0
0
0
0
0
0
0
0
0
0
0
0
0
0
0
0
0
0
0
0
0
0
0
0
0
0
0
0
0
1
0
0
0
0
0
0
0
0
0
0
0
0
0
0
0
0
0
1
0
0
0
0
0
0
0
0
0
0
0
0
0
0
0
0
0
0
0
0
1
0
0
0
0
0
0
0
0
0
0
0
0
0
0
0
0
0
0
0
0
0
0
0
0
0
0
0
0
0
0
0
0
0
0
0
0
0
0
0
0
0
1
0
0
0
0
0
0
0
0
0
0
0
0
0
0
0
0
0
0
0
0
0
0
0
0
0
0
0
0
0
0
0
0
0
0
0
0
0
0
0
0
0
0
0
0
0
0
0
0
0
0
0
0
0
0
0
0
0
1
0
0
0
0
0
0
1
1
0
0
0
0
0
0
0
0
0
0
0
0
0
0
0
0
0
0
0
0
0
0
0
0
0
0
0
0
0
0
0
0
0
0
0
1
0
0
0
0
0
0
0
0
0
0
0
0
0
0
0
0
0
0
0
0
0
0
0
0
0
0
0
0
0
0
0
0
0
0
0
0
0
0
0
0
0
0
0
0
0
0
0
0
0
0
0
0
0
0
0
0
0
0
0
0
0
0
0
0
0
0
0
0
0
0
0
0
0
0
0
0
0
0
0
0
0
0
0
0
0
0
0
0
0
0
0
0
0
0
0
0
0
0
0
0
0
0
0
0
0
0
0
0
0
0
0
0
0
0
0
0
0
0
0
0
0
0
0
0
0
0
0
0
0
0
0
0
0
0
0
0
0
0
0
0
0
0
0
0
0
0
0
0
0
0
0
0
0
0
0
0
0
0
0
0
0
0
0
0
0
0
0
0
0
0
0
0
0
0
0
0
0
0
0
0
0
0
0
0
0
0
0
0
0
0
0
0
0
0
0
0
0
0
0
0
0
0
0
0
0
0
0
0
0
0
0
0
0
0
0
0
0
0
0
0
0
0
0
0
0
0
0
0
0
0
0
0
0
0
0
0
0
0
1
0
0
0
0
0
0
0
0
0
0
0
0
0
0
0
0
0
0
0
0
0
0
0
0
0
0
0
0
0
0
0
0
0
0
0
0
0
0
0
0
0
0
0
0
0
0
0
0
0
0
0
0
0
0
0
0
0
0
0
0
0
0
0
1
0
0
0
0
0
0
0
0
0
0
0
0
0
0
0
0
0
0
0
0
0
0
0
0
0
0
0
0
0
0
0
0
0
0
0
0
0
0
0
0
0
0
0
0
0
0
0
0
0
0
0
0
0
0
0
0
0
0
0
0
0
0
0
0
0
0
0
0
0
0
0
0
0
0
0
0
0
0
0
0
0
0
0
0
0
0
0
0
0
0
0
0
0
0
0
0
0
0
0
0
0
0
0
0
0
0
0
0
0
0
0
0
0
0
0
0
0
0
0
0
0
0
0
0
0
0
0
0
0
0
0
0
0
0
0
0
0
0
0
0
0
0
0
0
0
0
0
0
0
0
0
0
0
0
0
0
0
0
0
0
0
0
0
0
0
0
0
0
0
0
0
0
0
0
0
0
0
0
0
0
0
0
0
0
0
0
0
0
0
0
0
0
0
0
0
0
0
0
0
0
0
0
0
0
0
0
0
0
0
0
0
0
0
0
0
0
0
0
0
0
0
0
0
0
0
0
0
0
0
0
0
0
0
0
0
0
0
0
0
0
0
0
0
0
0
0
0
0
0
0
0
0
0
0
0
0
0
0
0
0
0
0
0
0
0
0
0
0
0
0
0
0
0
0
0
0
0
0
0
0
0
0
0
0
0
0
0
0
0
0
0
0
0
0
0
0
0
0
0
0
0
0
0
0
0
0
0
0
0
0
0
0
0
0
0
0
0
0
0
0
0
0
0
0
0
0
0
0
0
0
0
0
0
0
0
0
0
0
0
0
0
0
0
0
0
0
0
0
0
0
0
0
0
1
0
0
0
0
0
0
0
0
0
0
0
0
0
0
0
0
0
0
0
0
0
0
0
0
0
0
0
0
0
0
0
0
0
0
0
0
0
0
0
0
0
0
0
0
0
0
0
0
0
0
0
0
0
0
0
0
0
0
0
0
0
0
0
0
0
0
0
0
0
0
0
0
0
0
0
0
0
0
0
0
0
0
0
0
0
0
0
0
0
0
0
0
0
0
0
0
0
0
0
0
0
0
0
0
0
0
0
0
0
0
0
0
0
0
0
0
0
0
0
0
0
0
0
0
0
0
0
0
0
0
0
0
0
0
0
0
0
0
0
0
0
0
0
0
0
0
0
0
0
0
0
0
0
0
0
0
0
0
0
0
0
0
0
0
0
0
0
0
0
0
0
0
0
0
0
0
0
0
0
0
0
0
0
0
0
0
0
0
0
0
0
0
0
0
0
0
0
0
0
0
0
0
0
0
0
0
0
0
0
0
0
0
0
0
0
0
0
0
0
0
0
0
0
0
0
0
0
0
0
0
0
0
0
0
0
0
0
0
0
0
0
0
0
0
0
0
0
0
0
0
0
0
0
0
0
0
0
0
0
0
0
0
0
0
0
0
0
0
0
0
0
0
0
0
0
0
0
0
0
0
0
0
0
0
0
0
0
0
0
0
0
0
0
0
0
0
0
0
0
0
0
0
0
0
0
0
0
0
0
0
0
0
0
0
0
0
0
0
0
0
0
0
0
0
0
0
0
0
0
0
0
0
0
0
0
0
0
0
0
0
0
0
0
0
0
0
0
0
0
0
0
0
0
0
0
0
0
0
0
0
0
0
0
0
0
0
0
0
0
0
0
0
0
0
0
0
0
0
0
0
0
0
0
0
0
0
0
0
0
0
0
0
0
0
0
0
0
0
0
0
0
0
0
0
0
0
0
0
0
0
0
0
0
0
0
0
0
0
0
0
0
0
0
0
0
0
0
0
0
0
0
0
0
0
0
0
0
0
0
0
0
0
0
0
0
0
0
0
0
0
0
0
0
0
0
0
0
0
0
0
0
0
0
0
0
0
0
0
0
0
0
0
0
0
0
0
0
0
0
0
0
0
0
0
0
0
0
0
0
0
0
0
0
0
0
0
0
0
0
0
0
0
0
0
0
0
0
0
0
0
0
0
0
0
0
0
0
0
0
0
0
0
0
0
0
0
0
0
0
0
0
0
0
0
0
0
0
0
0
0
0
0
0
0
0
0
0
0
0
0
0
0
0
0
0
0
0
0
0
0
0
0
0
0
0
0
0
0
0
0
0
0
0
0
0
0
0
0
0
0
0
0
0
0
0
0
0
0
0
0
0
0
0
0
0
0
0
0
0
0
0
0
0
0
0
0
0
0
0
0
0
0
0
0
0
0
0
0
0
0
0
0
0
0
0
0
0
0
0
0
0
0
0
0
0
0
0
0
0
0
0
0
0
0
0
0
0
0
0
0
0
0
0
0
0
0
0
0
0
0
0
0
0
0
0
0
0
0
0
0
0
0
0
0
0
0
0
0
0
0
0
0
0
0
0
0
0
0
0
0
0
0
0
0
0
0
0
0
0
0
0
0
0
0
0
0
0
0
0
0
0
0
0
0
0
0
0
0
0
0
0
0
0
0
0
0
0
0
0
0
0
0
0
0
0
0
0
0
0
0
0
0
0
0
0
0
0
0
0
0
0
0
0
0
0
0
0
0
0
0
0
0
0
0
0
0
0
0
0
0
0
0
0
0
0
0
0
0
0
0
0
0
0
0
0
0
0
0
0
0
0
0
0
0
0
0
0
0
0
0
0
0
0
0
0
0
0
0
0
0
0
0
0
0
0
0
0
0
0
0
0
0
0
0
0
0
0
0
0
0
0
0
0
0
0
0
0
0
0
0
0
0
0
0
0
0
0
0
0
0
0
0
0
0
0
0
0
0
0
0
0
0
0
0
0
0
0
0
0
0
0
0
0
0
0
0
0
0
0
0
0
0
0
0
0
0
0
0
0
0
0
0
0
0
0
0
0
0
0
0
0
0
0
0
0
0
0
0
0
0
0
0
0
0
0
0
0
0
0
0
0
0
0
0
0
0
0
0
0
0
0
0
0
0
0
0
0
0
0
0
0
0
0
0
0
0
0
0
0
0
0
0
0
0
0
0
0
0
0
0
0
0
0
0
0
0
0
0
0
0
0
0
0
0
0
0
0
0
0
0
0
0
0
0
0
0
0
0
0
0
0
0
0
0
0
0
0
0
0
0
0
0
0
0
0
0
0
0
0
0
0
0
0
0
0
0
0
0
0
0
0
0
0
0
0
0
0
0
0
0
0
0
0
0
0
0
0
0
0
0
0
0
0
0
0
0
0
0
0
0
0
0
0
0
0
0
0
0
0
0
0
0
0
0
0
0
0
0
0
0
0
0
0
0
0
0
0
0
0
0
0
0
0
0
0
0
0
0
0
0
0
0
0
0
0
0
0
0
0
0
0
0
0
0
0
0
0
0
0
0
0
0
0
0
0
0
0
0
0
0
0
0
0
0
0
0
0
0
0
0
0
0
0
0
0
0
0
0
0
0
0
0
0
0
0
0
0
0
0
0
0
0
0
0
0
0
0
0
0
0
0
0
0
0
0
0
0
0
0
0
0
0
0
0
0
0
0
0
0
0
0
0
0
0
0
0
0
0
0
0
0
0
0
0
0
0
0
0
0
0
0
0
0
0
0
0
0
0
0
0
0
0
0
0
0
0
0
0
0
0
0
0
0
0
0
0
0
0
0
0
0
0
0
0
0
0
0
0
0
0
0
0
0
0
0
0
0
0
0
0
0
0
0
0
0
0
0
0
0
0
0
0
0
0
0
0
0
0
0
0
0
0
0
0
0
0
0
0
0
0
0
0
0
0
0
0
0
0
0
0
0
0
0
0
0
0
0
0
0
0
0
0
0
0
0
0
0
0
0
0
0
0
0
0
0
0
0
0
0
0
0
0
0
0
0
0
0
0
0
0
0
0
0
0
0
0
0
0
0
0
0
0
0
0
0
0
0
0
0
0
0
0
0
0
0
0
0
0
0
0
0
0
0
0
0
0
0
0
0
0
0
0
0
0
0
0
0
0
0
0
0
0
0
0
0
0
0
0
0
0
0
0
0
0
0
0
0
0
0
0
0
0
0
0
0
0
0
0
0
0
0
0
0
0
0
0
0
0
0
0
0
0
0
0
0
0
0
0
0
0
0
0
0
0
0
0
0
0
0
0
0
0
0
0
0
0
0
0
0
0
0
0
0
0
0
0
0
0
0
0
0
0
0
0
0
0
0
0
0
0
0
0
0
0
0
0
0
0
0
0
0
0
0
0
0
0
0
0
0
0
0
0
0
0
0
0
0
0
0
0
0
0
0
0
0
0
0
0
0
0
0
0
0
0
0
0
0
0
0
0
0
0
0
0
0
0
0
0
0
0
0
0
0
0
0
0
0
0
0
0
0
0
0
0
0
0
0
0
0
0
0
0
0
0
0
0
0
0
0
0
0
0
0
0
0
0
0
0
0
0
0
0
0
0
0
0
0
0
0
0
0
0
0
0
0
0
0
0
0
0
0
0
0
0
0
0
0
0
0
0
0
0
0
0
0
0
0
0
0
0
0
0
0
0
0
0
0
0
0
0
0
0
0
0
0
0
0
0
0
0
0
0
0
0
0
0
0
0
0
0
0
0
0
0
0
0
0
0
0
0
0
0
0
0
0
0
0
0
0
0
0
0
0
0
0
0
0
0
0
0
0
0
0
0
0
0
0
0
0
0
0
0
0
0
0
0
0
0
0
0
0
0
0
0
0
0
0
0
0
0
0
0
0
0
0
0
0
0
0
0
0
0
0
0
0
0
0
0
0
0
0
0
0
0
0
0
0
0
0
0
0
0
0
0
0
0
0
0
0
0
0
0
0
0
0
0
0
0
0
0
0
0
0
0
0
0
0
0
0
0
0
0
0
0
0
0
0
0
0
0
0
0
0
0
0
0
0
0
0
0
0
0
0
0
0
0
0
0
0
0
0
0
0
0
0
0
0
0
0
0
0
0
0
0
0
0
0
0
0
0
0
0
0
0
0
0
0
0
0
0
0
0
0
0
0
0
0
0
0
0
0
0
0
0
0
0
0
0
0
0
0
0
0
0
0
0
0
0
0
0
0
0
0
0
0
0
0
0
0
0
0
0
0
0
0
0
0
0
0
0
0
0
0
0
0
0
0
0
0
0
0
0
0
0
0
0
0
0
0
0
0
0
0
0
0
0
0
0
0
0
0
0
0
0
0
0
0
0
0
0
0
0
0
0
0
0
0
0
0
0
0
0
0
0
0
0
0
0
0
0
0
0
0
0
0
0
0
0
0
0
0
0
0
0
0
0
0
0
0
0
0
0
0
0
0
0
0
0
0
0
0
0
0
0
0
0
0
0
0
0
0
0
0
0
0
0
0
0
0
0
0
0
0
0
0
0
0
0
0
0
0
0
0
0
0
0
0
0
0
0
0
0
0
0
0
0
0
0
0
0
0
0
0
0
0
0
0
0
0
0
0
0
0
0
0
0
0
0
0
0
0
0
0
0
0
0
0
0
0
0
0
0
0
0
0
0
0
0
0
0
0
0
0
0
0
0
0
0
0
0
0
0
0
0
0
0
0
0
0
0
0
0
0
0
0
0
0
0
0
0
0
0
0
0
0
0
0
0
0
0
0
0
0
0
0
0
0
0
0
0
0
0
0
0
0
0
0
0
0
0
0
0
0
0
0
0
0
0
0
0
0
0
0
0
0
0
0
0
0
0
0
0
0
0
0
0
0
0
0
0
0
0
0
0
0
0
0
0
0
0
0
0
0
0
0
0
0
0
0
0
0
0
0
0
0
0
0
0
0
0
0
0
0
0
0
0
0
0
0
0
0
0
0
0
0
0
0
0
0
0
0
0
0
0
0
0
0
0
0
0
0
0
0
0
0
0
0
0
0
0
0
0
0
0
0
0
0
0
0
0
0
0
0
0
0
0
0
0
0
0
0
0
0
0
0
0
0
0
0
0
0
0
0
0
0
0
0
0
0
0
0
0
0
0
0
0
0
0
0
0
0
0
0
0
0
0
0
0
0
0
0
0
0
0
0
0
0
0
0
0
0
0
0
0
0
0
0
0
0
0
0
0
0
0
0
0
0
0
0
0
0
0
0
0
0
0
0
0
0
0
0
0
0
0
0
0
0
0
0
0
0
0
0
0
0
0
0
0
0
0
0
0
0
0
0
0
0
0
0
0
0
0
0
0
0
0
0
0
0
0
0
0
0
0
0
0
0
0
0
0
0
0
0
0
0
0
0
0
0
0
0
0
0
0
0
0
0
0
0
0
0
0
0
0
0
0
0
0
0
0
0
0
0
0
0
0
0
0
0
0
0
0
0
0
0
0
0
0
0
0
0
0
0
0
0
0
0
0
0
0
0
0
0
0
0
0
0
0
0
0
0
0
0
0
0
0
0
0
0
0
0
0
0
0
0
0
0
0
0
0
0
0
0
0
0
0
0
0
0
0
0
0
0
0
0
0
0
0
0
0
0
0
0
0
0
0
0
0
0
0
0
0
0
0
0
0
0
0
0
0
0
0
0
0
0
0
0
0
0
0
0
0
0
0
0
0
0
0
0
0
0
0
0
0
0
0
0
0
0
0
0
0
0
0
0
0
0
0
0
0
0
0
0
0
0
0
0
0
0
0
0
0
0
0
0
0
0
0
0
0
0
0
0
0
0
0
0
0
0
0
0
0
0
0
0
0
0
0
0
0
0
0
0
0
0
0
0
0
0
0
0
0
0
0
0
0
0
0
0
0
0
0
0
0
0
0
0
0
0
0
0
0
0
0
0
0
0
0
0
0
0
0
0
0
0
0
0
0
0
0
0
0
0
0
0
0
0
0
0
0
0
0
0
0
0
0
0
0
0
0
0
0
0
0
0
0
0
0
0
0
0
0
0
0
0
0
0
0
0
0
0
0
0
0
0
0
0
0
0
0
0
0
0
0
0
0
0
0
0
0
0
0
0
0
0
0
0
0
0
0
0
0
0
0
0
0
0
0
0
0
0
0
0
0
0
0
0
0
0
0
0
0
0
0
0
0
0
0
0
0
0
0
0
0
0
0
0
0
0
0
0
0
0
0
0
0
0
0
0
0
0
0
0
0
0
0
0
0
0
0
0
0
0
0
0
0
0
0
0
0
0
0
0
0
0
0
0
0
0
0
0
0
0
0
0
0
0
0
0
0
0
0
0
0
0
0
0
0
0
0
0
0
0
0
0
0
0
0
0
0
0
0
0
0
0
0
0
0
0
0
0
0
0
0
0
0
0
0
0
0
0
0
0
0
0
0
0
0
0
0
0
0
0
0
0
0
0
0
0
0
0
0
0
0
0
0
0
0
0
0
0
0
0
0
0
0
0
0
0
0
0
0
0
0
0
0
0
0
0
0
0
0
0
0
0
0
0
0
0
0
0
0
0
0
0
0
0
0
0
0
0
0
0
0
0
0
0
0
0
0
0
0
0
0
0
0
0
0
0
0
0
0
0
0
0
0
0
0
0
0
0
0
0
0
0
0
0
0
0
0
0
0
0
0
0
0
0
0
0
0
0
0
0
0
0
0
0
0
0
0
0
0
0
0
0
0
0
0
0
0
0
0
0
0
0
0
0
0
0
0
0
0
0
0
0
0
0
0
0
0
0
0
0
0
0
0
0
0
0
0
0
0
0
0
0
0
0
0
0
0
0
0
0
0
0
0
0
0
0
0
0
0
0
0
0
0
0
0
0
0
0
0
0
0
0
0
0
0
0
0
0
0
0
0
0
0
0
0
0
0
0
0
0
0
0
0
0
0
0
0
0
0
0
0
0
0
0
0
0
0
0
0
0
0
0
0
0
0
0
0
0
0
0
0
0
0
0
0
0
0
0
0
0
0
0
0
0
0
0
0
0
0
0
0
0
0
0
0
0
0
0
0
0
0
0
0
0
0
0
0
0
0
0
0
0
0
0
0
0
0
0
0
0
0
0
0
0
0
0
0
0
0
0
0
0
0
0
0
0
0
0
0
0
0
0
0
0
0
0
0
0
0
0
0
0
0
0
0
0
0
0
0
0
0
0
0
0
0
0
0
0
0
0
0
0
0
0
0
0
0
0
0
0
0
0
0
0
0
0
0
0
0
0
0
0
0
0
0
0
0
0
0
0
0
0
0
0
0
0
0
0
0
0
0
0
0
0
0
0
0
0
0
0
0
0
0
0
0
0
0
0
0
0
0
0
0
0
0
0
0
0
0
0
0
0
0
0
0
0
0
0
0
0
0
0
0
0
0
0
0
0
0
0
0
0
0
0
0
0
0
0
0
0
0
0
0
0
0
0
0
0
0
0
0
0
0
0
0
0
0
0
0
0
0
0
0
0
0
0
0
0
0
0
0
0
0
0
0
0
0
0
0
0
0
0
0
0
0
0
0
0
0
0
0
0
0
0
0
0
0
0
0
0
0
0
0
0
0
0
0
0
0
0
0
0
0
0
0
0
0
0
0
0
0
0
0
0
0
0
0
0
0
0
0
0
0
0
0
0
0
0
0
0
0
0
0
0
0
0
0
0
0
0
0
0
0
0
0
0
0
0
0
0
0
0
0
0
0
0
0
0
0
0
0
0
0
0
0
0
0
0
0
0
0
0
0
0
0
0
0
0
0
0
0
0
0
0
0
0
0
0
0
0
0
0
0
0
0
0
0
0
0
0
0
0
0
0
0
0
0
0
0
0
0
0
0
0
0
0
0
0
0
0
0
0
0
0
0
0
0
0
0
0
0
0
0
0
0
0
0
0
0
0
0
0
0
0
0
0
0
0
0
0
0
0
0
0
0
0
0
0
0
0
0
0
0
0
0
0
0
0
0
0
0
0
0
0
0
0
0
0
0
0
0
0
0
0
0
0
0
0
0
0
0
0
0
0
0
0
0
0
0
0
0
0
0
0
0
0
0
0
0
0
0
0
0
0
0
0
0
0
0
0
0
0
0
0
0
0
0
0
0
0
0
0
0
0
0
0
0
0
0
0
0
0
0
0
0
0
0
0
0
0
0
0
0
0
0
0
0
0
0
0
0
0
0
0
0
0
0
0
0
0
0
0
0
0
0
0
0
0
0
0
0
0
0
0
0
0
0
0
0
0
0
0
0
0
0
0
0
0
0
0
0
0
0
0
0
0
0
0
0
0
0
0
0
0
0
0
0
0
0
0
0
0
0
0
0
0
0
0
0
0
0
0
0
0
0
0
0
0
0
0
0
0
0
0
0
0
0
0
0
0
0
0
0
0
0
0
0
0
0
0
0
0
0
0
0
0
0
0
0
0
0
0
0
0
0
0
0
0
0
0
0
0
0
0
0
0
0
0
0
0
0
0
0
0
0
0
0
0
0
0
0
0
0
0
0
0
0
0
0
0
0
0
0
0
0
0
0
0
0
0
0
0
0
0
0
0
0
0
0
0
0
0
0
0
0
0
0
0
0
0
0
0
0
0
0
0
0
0
0
0
0
0
0
0
0
0
0
0
0
0
0
0
0
0
0
0
0
0
0
0
0
0
0
0
0
0
0
0
0
0
0
0
0
0
0
0
0
0
0
0
0
0
0
0
0
0
0
0
0
0
0
0
0
0
0
0
0
0
0
0
0
0
0
0
0
0
0
0
0
0
0
0
0
0
0
0
0
0
0
0
0
0
0
0
0
0
0
0
0
0
0
0
0
0
0
0
0
0
0
0
0
0
0
0
0
0
0
0
0
0
0
0
0
0
0
0
0
0
0
0
0
0
0
0
0
0
0
0
0
0
0
0
0
0
0
0
0
0
0
0
0
0
0
0
0
0
0
0
0
0
0
0
0
0
0
0
0
0
0
0
0
0
0
0
0
0
0
0
0
0
0
0
0
0
0
0
0
0
0
0
0
0
0
0
0
0
0
0
0
0
0
0
0
0
0
0
0
0
0
0
0
0
0
0
0
0
0
0
0
0
0
0
0
0
0
0
0
0
0
0
0
0
0
0
0
0
0
0
0
0
0
0
0
0
0
0
0
0
0
0
0
0
0
0
0
0
0
0
0
0
0
0
0
0
0
0
0
0
0
0
0
0
0
0
0
0
0
0
0
0
0
0
0
0
0
0
0
0
0
0
0
0
0
0
0
0
0
0
0
0
0
0
0
0
0
0
0
0
0
0
0
0
0
0
0
0
0
0
0
0
0
0
0
0
0
0
0
0
0
0
0
0
0
0
0
0
0
0
0
0
0
0
0
0
0
0
0
0
0
0
0
0
0
0
0
0
0
0
0
0
0
0
0
0
0
0
0
0
0
0
0
0
0
0
0
0
0
0
0
0
0
0
0
0
0
0
0
0
0
0
0
0
0
0
0
0
0
0
0
0
0
0
0
0
0
0
0
0
0
0
0
0
0
0
0
0
0
0
0
0
0
0
0
0
0
0
0
0
0
0
0
0
0
0
0
0
0
0
0
0
0
0
0
0
0
0
0
0
0
0
0
0
0
0
0
0
0
0
0
0
0
0
0
0
0
0
0
0
0
0
0
0
0
0
0
0
0
0
0
0
0
0
0
0
0
0
0
0
0
0
0
0
0
0
0
0
0
0
0
0
0
0
0
0
0
0
0
0
0
0
0
0
0
0
0
0
0
0
0
0
0
0
0
0
0
0
0
0
0
0
0
0
0
0
0
0
0
0
0
0
0
0
0
0
0
0
0
0
0
0
0
0
0
0
0
0
0
0
0
0
0
0
0
0
0
0
0
0
0
0
0
0
0
0
0
0
0
0
0
0
0
0
0
0
0
0
0
0
0
0
0
0
0
0
0
0
0
0
0
0
0
0
0
0
0
0
0
0
0
0
0
0
0
0
0
0
0
0
0
0
0
0
0
0
0
0
0
0
0
0
0
0
0
0
0
0
0
0
0
0
0
0
0
0
0
0
0
0
0
0
0
0
0
0
0
0
0
0
0
0
0
0
0
0
0
0
0
0
0
0
0
0
0
0
0
0
0
0
0
0
0
0
0
0
0
0
0
0
0
0
0
0
0
0
0
0
0
0
0
0
0
0
0
0
0
0
0
0
0
0
0
0
0
0
0
0
0
0
0
0
0
0
0
0
0
0
0
0
0
0
0
0
0
0
0
0
0
0
0
0
0
0
0
0
0
0
0
0
0
0
0
0
0
0
0
0
0
0
0
0
0
0
0
0
0
0
0
0
0
0
0
0
0
0
0
0
0
0
0
0
0
0
0
0
0
0
0
0
0
0
0
0
0
0
0
0
0
0
0
0
0
0
0
0
0
0
0
0
0
0
0
0
0
0
0
0
0
0
0
0
0
0
0
0
0
0
0
0
0
0
0
0
0
0
0
0
0
0
0
0
0
0
0
0
0
0
0
0
0
0
0
0
0
0
0
0
0
0
0
0
0
0
0
0
0
0
0
0
0
0
0
0
0
0
0
0
0
0
0
0
0
0
0
0
0
0
0
0
0
0
0
0
0
0
0
0
0
0
0
0
0
0
0
0
0
0
0
0
0
0
0
0
0
0
0
0
0
0
0
0
0
0
0
0
0
0
0
0
0
0
0
0
0
0
0
0
0
0
0
0
0
0
0
0
0
0
0
0
0
0
0
0
0
0
0
0
0
0
0
0
0
0
0
0
0
0
0
0
0
0
0
0
0
0
0
0
0
0
0
0
0
0
0
0
0
0
0
0
0
0
0
0
0
0
0
0
0
0
0
0
0
0
0
0
0
0
0
0
0
0
0
0
0
0
0
0
0
0
0
0
0
0
0
0
0
0
0
0
0
0
0
0
0
0
0
0
0
0
0
0
0
0
0
0
0
0
0
0
0
0
0
0
0
0
0
0
0
0
0
0
0
0
0
0
0
0
0
0
0
0
0
0
0
0
0
0
0
0
0
0
0
0
0
0
0
0
0
0
0
0
0
0
0
0
0
0
0
0
0
0
0
0
0
0
0
0
0
0
0
0
0
0
0
0
0
0
0
0
0
0
0
0
0
0
0
0
0
0
0
0
0
0
0
0
0
0
0
0
0
0
0
0
0
0
0
0
0
0
0
0
0
0
0
0
0
0
0
0
0
0
0
0
0
0
0
0
0
0
0
0
0
0
0
0
0
0
0
0
0
0
0
0
0
0
0
0
0
0
0
0
0
0
0
0
0
0
0
0
0
0
0
0
0
0
0
0
0
0
0
