3.25001e+06
1.01392e+07
7.84966e+06
2.37433e+06
417389
54015
6337
978
432
405
396
402
378
382
373
373
375
355
348
373
362
361
369
355
383
364
384
361
356
364
394
357
352
366
359
391
351
357
363
351
367
318
355
364
376
365
377
350
338
335
326
374
347
381
343
339
358
334
337
343
360
333
353
345
347
334
340
331
330
328
361
345
362
343
355
305
366
324
343
358
306
279
294
336
331
318
309
319
340
331
317
337
302
325
319
309
314
322
312
306
322
346
292
346
324
304
331
319
307
314
328
311
306
289
290
319
313
337
304
318
334
306
321
319
318
340
318
325
322
324
302
291
300
294
311
311
304
324
319
332
313
308
288
281
303
264
296
308
306
302
291
298
296
319
312
293
304
309
305
307
349
274
300
300
323
314
304
296
309
311
297
301
318
298
292
307
300
299
328
276
333
337
292
301
290
319
304
294
296
305
324
326
300
285
282
274
308
314
315
300
278
272
299
293
300
290
280
312
331
301
313
307
269
300
322
309
311
313
287
288
288
304
296
296
294
302
288
275
286
294
283
332
279
286
317
293
286
295
300
324
284
297
288
294
293
286
269
325
285
293
288
276
299
295
320
287
281
280
268
301
290
309
300
280
306
301
310
291
293
284
317
296
313
287
336
304
289
294
301
279
283
285
323
311
281
281
317
309
276
293
323
301
318
321
312
314
298
320
284
299
313
317
308
311
283
312
300
303
279
324
306
319
294
308
296
305
284
315
310
310
314
313
307
288
321
342
318
292
300
318
293
315
289
296
322
298
314
348
297
312
293
334
345
317
339
310
334
327
314
295
324
338
321
315
321
346
309
338
349
337
344
332
321
315
297
298
322
302
331
323
349
305
340
357
328
322
362
312
290
328
331
319
295
328
350
329
323
344
332
328
313
379
310
331
342
326
349
324
292
382
320
321
341
336
367
299
336
302
301
367
314
321
348
335
321
386
326
332
314
330
337
297
298
301
356
283
303
316
354
332
312
358
345
321
362
346
330
351
319
328
312
333
338
289
341
345
321
321
323
327
340
343
303
333
301
309
367
333
325
313
315
342
312
299
330
331
346
341
317
329
312
351
332
356
348
282
327
329
337
318
319
313
305
308
352
336
335
305
350
347
344
345
414
320
362
355
305
343
342
342
352
355
358
314
347
348
322
347
357
348
343
365
334
352
367
349
361
378
359
343
372
385
387
368
421
383
382
409
378
385
376
387
419
405
419
391
429
433
409
427
414
418
409
449
432
417
426
422
410
455
438
424
469
443
438
429
427
449
421
439
435
439
428
448
441
472
467
478
443
466
433
471
466
449
466
431
469
462
439
442
471
451
433
446
490
426
455
495
459
467
443
455
474
453
425
408
434
488
427
441
513
388
477
434
491
419
461
440
439
469
453
478
466
445
436
416
444
416
422
444
392
445
460
431
448
458
408
421
442
433
440
428
437
429
402
406
427
404
392
407
414
408
428
395
430
450
431
425
423
386
400
411
406
425
401
426
365
432
419
375
421
410
375
392
408
394
377
395
394
394
431
378
376
392
392
365
423
398
379
376
382
371
391
416
389
356
387
360
401
373
362
391
378
354
356
349
371
398
380
385
360
349
361
376
340
356
347
382
356
370
367
348
376
386
327
348
351
330
364
323
362
351
353
367
365
367
336
352
368
329
369
370
351
396
375
344
353
345
345
396
341
304
367
354
335
329
349
370
329
339
339
328
329
376
329
388
353
356
380
351
341
342
323
307
305
320
341
361
348
335
323
348
337
314
325
358
372
321
345
328
333
335
334
350
291
357
325
328
348
327
343
326
320
303
323
298
337
318
348
316
283
307
333
295
309
289
286
315
307
292
319
314
335
325
313
330
321
310
319
316
311
313
295
342
314
296
314
314
304
321
311
292
297
319
307
306
301
285
320
336
306
308
300
322
300
283
285
337
300
306
329
297
315
305
306
301
328
317
289
311
296
316
299
309
310
307
304
292
355
282
295
333
286
301
307
272
305
293
292
310
318
276
306
316
283
300
291
282
306
278
297
331
305
298
284
290
311
293
291
339
315
283
316
289
306
359
309
298
296
294
305
317
301
295
302
309
329
322
307
301
287
284
285
276
335
278
296
317
301
318
283
297
302
313
310
309
284
297
295
313
318
314
312
260
315
296
320
314
285
291
313
330
291
311
318
298
286
285
305
298
313
306
298
293
292
305
301
254
290
300
298
321
283
328
301
331
319
315
306
327
289
293
313
310
253
297
300
315
267
300
311
264
284
298
303
329
333
275
319
305
310
291
298
308
290
307
305
283
336
317
298
323
329
303
314
292
281
319
294
304
306
330
302
321
305
296
287
285
315
306
297
277
302
300
310
308
285
286
305
337
342
304
306
290
309
293
298
297
293
310
329
294
299
297
318
288
269
274
299
333
298
316
314
305
294
287
276
310
325
321
280
293
274
297
280
317
273
306
280
297
301
289
272
269
321
320
280
287
292
309
277
291
253
267
286
258
287
289
296
295
288
258
268
273
252
271
257
274
268
293
265
292
289
283
270
306
283
262
271
263
270
281
260
248
254
261
239
270
233
249
247
252
269
265
228
225
247
223
223
227
214
231
220
237
257
222
232
217
233
220
214
231
203
218
218
222
219
212
214
205
218
229
235
195
195
198
196
238
204
200
210
220
195
181
205
200
177
185
191
186
242
208
154
185
195
216
176
186
178
194
157
195
169
167
173
167
172
171
179
167
166
164
156
160
148
145
178
165
150
165
149
143
169
158
165
146
143
164
164
150
141
138
155
160
154
139
153
151
161
137
130
154
142
131
155
134
145
133
147
148
129
129
128
135
129
127
142
127
129
132
139
148
160
120
130
125
115
129
132
128
131
140
142
130
128
130
136
143
137
145
147
112
123
136
143
119
136
124
128
151
131
131
143
129
131
127
138
143
116
107
133
147
156
129
132
131
119
156
144
115
152
138
142
134
145
127
128
134
133
143
141
144
135
115
135
153
119
139
131
131
109
146
146
137
138
131
147
121
144
124
154
122
104
126
127
162
140
156
145
148
145
161
150
140
165
150
138
147
154
150
162
133
135
145
146
154
162
174
163
141
165
155
172
161
165
162
178
177
163
182
188
168
158
169
175
170
180
177
170
198
185
184
189
216
166
178
166
192
197
217
227
204
183
212
174
234
204
213
197
211
205
214
210
235
214
204
210
239
248
248
209
219
253
263
252
256
284
264
281
284
263
266
274
289
333
266
302
296
271
292
320
299
306
318
283
304
303
305
317
333
322
335
369
358
338
360
359
371
353
399
377
382
420
380
388
380
393
418
399
429
467
434
421
452
429
487
455
444
523
466
521
482
526
528
515
552
574
611
567
613
580
599
623
610
616
682
670
672
677
705
709
779
770
786
798
789
807
837
889
885
864
913
853
956
980
998
1038
959
1001
996
1004
1095
1098
1058
1077
1152
1170
1209
1235
1256
1249
1280
1335
1314
1388
1411
1334
1418
1342
1440
1452
1457
1514
1511
1551
1466
1537
1515
1525
1525
1566
1533
1592
1585
1708
1645
1759
1701
1690
1698
1656
1773
1725
1735
1735
1754
1782
1748
1802
1761
1814
1732
1734
1799
1753
1817
1856
1803
1877
1777
1757
1747
1824
1795
1792
1816
1769
1710
1715
1676
1656
1770
1702
1710
1657
1607
1699
1621
1586
1591
1604
1598
1598
1451
1541
1452
1495
1510
1427
1537
1405
1364
1414
1339
1282
1306
1309
1250
1221
1237
1202
1205
1170
1084
1128
1096
1047
1017
1025
990
988
1013
834
933
878
920
852
825
831
783
792
796
805
679
695
718
688
624
586
606
540
546
581
547
531
460
503
476
454
439
417
423
387
379
402
404
383
340
364
306
321
300
300
299
266
251
266
279
228
265
250
234
235
212
214
199
194
212
172
172
186
180
184
143
168
157
143
159
152
157
139
130
139
136
123
118
103
117
131
108
120
126
122
122
110
104
95
116
106
93
86
108
120
86
108
75
78
106
100
94
96
86
102
100
99
97
80
91
109
97
94
104
88
117
91
109
77
95
84
88
92
88
95
96
80
95
109
101
106
101
111
89
93
110
81
85
86
95
93
101
85
90
91
75
70
105
101
94
105
76
82
99
87
105
94
75
90
85
89
90
99
92
95
82
113
76
102
104
88
91
73
86
98
89
81
115
83
88
82
92
106
84
110
105
89
96
93
82
91
77
96
95
85
88
75
94
87
107
93
91
94
96
92
90
67
93
86
95
81
96
91
99
102
96
89
67
82
88
80
111
92
86
97
91
67
104
85
111
100
89
93
97
92
86
95
82
85
97
94
70
89
88
95
81
95
85
72
106
79
76
99
98
75
92
92
91
89
75
76
92
81
94
91
90
89
72
103
99
74
87
87
84
90
96
86
70
84
89
92
79
78
95
92
73
82
86
94
82
80
94
74
79
85
101
100
90
79
79
84
86
95
102
93
88
90
84
80
81
68
73
69
91
83
82
103
94
95
87
86
97
82
101
93
93
66
92
73
73
88
87
78
81
80
93
75
92
84
83
85
88
87
90
80
94
78
81
105
94
86
95
99
86
82
75
77
76
84
96
82
85
96
90
91
93
81
95
99
80
72
71
75
91
91
85
78
86
79
88
80
79
79
86
103
77
74
83
70
94
116
95
85
86
92
74
92
64
69
103
76
94
78
81
88
87
81
82
78
92
90
75
79
90
74
86
87
93
73
82
75
78
97
98
98
85
85
90
88
65
80
91
85
89
90
88
75
96
74
86
79
94
75
87
90
81
77
80
83
82
95
109
95
80
73
97
90
91
78
79
81
76
75
74
71
72
87
79
97
93
73
81
70
99
107
76
67
82
83
75
84
74
85
88
76
84
93
82
94
71
59
87
73
93
84
87
56
80
85
83
83
91
80
77
80
100
90
86
96
93
90
81
99
73
82
77
93
81
93
86
82
74
81
75
93
89
88
102
86
107
95
90
95
73
78
91
71
83
87
90
70
87
72
90
69
86
91
98
75
71
74
71
90
80
75
86
76
73
84
80
81
63
96
74
86
81
84
74
82
80
83
88
65
93
83
81
75
89
86
77
82
69
60
76
92
89
86
90
67
76
100
97
79
81
93
78
85
85
63
83
79
86
76
70
72
98
84
87
95
63
81
84
90
71
85
62
87
85
85
74
89
78
100
80
79
81
73
80
65
83
73
72
73
91
89
83
72
79
88
80
99
79
76
80
88
96
88
88
83
87
67
79
82
89
81
86
84
97
81
69
89
90
74
102
67
83
99
90
74
86
85
93
75
99
81
75
80
85
82
97
99
91
74
95
101
83
75
82
97
70
88
85
83
89
98
88
81
83
103
73
87
85
89
88
79
93
92
90
81
85
108
82
73
75
72
84
93
90
96
94
91
96
77
109
76
91
76
89
75
91
106
92
82
104
95
90
84
96
104
92
94
105
91
93
73
86
84
90
81
104
97
94
83
95
85
97
90
90
88
84
85
97
89
78
106
90
92
86
96
83
98
81
87
95
113
108
82
101
92
89
94
66
93
76
97
84
76
79
110
88
87
107
94
98
100
99
96
86
88
95
94
99
103
73
99
108
74
106
96
105
100
96
99
88
108
86
106
98
85
76
103
101
84
78
85
95
95
110
93
98
85
92
89
89
91
68
102
94
81
113
118
71
102
86
106
100
97
95
100
115
102
82
99
109
104
97
91
83
106
103
104
119
93
88
114
90
97
96
94
101
85
94
96
88
108
97
111
109
101
109
96
127
87
99
93
105
108
93
91
107
92
97
97
114
105
107
112
103
108
94
101
93
98
88
98
105
116
101
97
95
93
93
77
104
90
105
92
106
86
90
94
118
93
96
98
86
92
98
95
98
100
109
115
99
86
90
94
104
93
93
87
96
99
104
80
78
79
80
90
73
85
82
99
81
94
97
86
69
100
93
74
75
78
74
100
79
67
81
75
71
76
86
73
65
64
61
52
85
69
67
66
66
61
67
67
69
66
63
71
57
50
60
55
56
49
53
63
48
56
50
59
45
61
49
41
48
58
40
44
42
51
31
40
47
50
45
41
51
43
40
31
35
37
31
41
48
41
32
37
25
37
34
29
32
30
34
24
18
27
31
26
18
24
29
26
28
27
30
22
23
14
18
20
28
18
18
21
17
27
25
20
22
13
18
11
16
20
20
22
16
12
11
18
15
23
20
24
13
13
22
15
20
18
18
16
13
15
18
12
16
19
12
14
21
17
17
15
16
18
12
19
12
14
14
17
12
14
19
27
19
21
17
21
21
26
19
25
22
23
22
18
16
24
29
25
17
31
28
24
23
24
29
36
34
35
33
35
35
31
37
31
46
42
44
39
33
39
54
44
38
40
45
64
48
37
52
53
48
61
60
60
54
65
91
53
68
67
68
85
91
76
87
77
104
67
84
98
85
104
95
105
103
116
124
107
104
119
108
115
108
129
123
131
145
119
150
163
145
153
153
159
165
198
184
164
174
166
186
183
203
184
152
193
206
211
210
219
209
200
216
215
188
243
235
236
236
221
242
230
246
196
221
224
229
233
228
217
238
238
218
227
238
271
230
213
227
208
251
209
222
201
212
219
208
206
217
238
197
189
193
218
229
212
185
168
203
173
198
183
165
173
179
179
166
149
146
140
143
126
140
127
142
128
119
110
117
122
108
99
117
112
103
102
92
91
75
74
70
72
73
79
64
64
61
64
59
27
38
32
54
29
36
45
32
36
34
33
28
30
33
17
23
23
17
24
19
19
20
10
18
10
8
11
14
15
16
11
11
12
10
7
2
11
3
5
6
7
2
7
2
5
4
4
1
5
2
3
6
3
5
2
4
1
3
2
0
1
3
4
5
1
4
3
1
0
0
2
0
0
1
0
1
2
2
2
1
1
0
2
1
0
1
2
2
1
0
2
1
2
1
0
0
1
4
2
1
4
0
2
2
2
0
3
0
1
0
0
3
0
2
0
2
2
2
2
3
1
0
3
1
2
1
2
2
1
1
1
1
1
0
2
0
1
6
0
0
2
0
2
0
1
3
0
1
3
1
2
1
0
2
0
0
1
0
3
2
1
0
1
1
0
0
0
2
2
5
1
3
0
0
3
1
0
2
0
1
0
1
0
0
1
2
1
0
1
1
1
0
2
5
1
4
0
2
1
2
1
2
2
2
0
0
1
0
3
1
1
2
0
2
0
1
2
0
1
1
0
1
2
1
0
1
0
0
2
0
0
1
2
1
0
1
0
2
1
2
0
1
1
0
2
1
2
0
1
2
0
1
1
0
0
0
1
0
2
0
0
2
0
1
1
1
2
1
0
0
0
0
0
1
3
0
0
2
1
0
1
0
1
1
0
0
0
1
0
0
0
1
0
0
2
1
0
0
1
1
2
0
0
0
1
1
0
1
0
0
0
0
0
0
0
0
2
0
2
0
0
0
0
0
1
1
1
1
0
0
0
0
0
0
0
1
0
0
1
0
0
0
0
0
0
0
0
1
1
2
0
1
2
0
1
1
4
0
0
1
0
0
0
0
0
2
0
2
0
0
3
1
1
1
1
1
0
2
0
2
0
1
0
5
0
0
2
1
1
0
0
1
0
3
2
1
0
1
2
2
0
1
2
2
0
3
1
2
2
0
1
1
2
1
1
1
2
2
0
1
2
1
2
2
1
2
2
0
0
0
4
1
0
2
0
0
1
3
1
0
0
1
0
0
1
1
1
0
0
0
1
1
1
4
0
1
0
0
0
0
1
0
0
0
1
0
0
0
1
0
0
0
0
0
0
0
0
0
0
0
0
0
1
0
0
0
0
0
0
0
0
0
0
0
1
0
0
0
0
0
0
0
0
0
0
0
0
0
0
0
1
0
0
0
1
0
0
0
0
0
0
0
0
0
0
0
0
0
0
0
0
0
1
1
0
0
0
0
0
0
1
1
0
1
0
0
0
0
0
0
0
0
0
0
0
0
0
0
0
0
1
0
0
0
0
0
0
0
0
0
0
0
0
0
1
0
0
0
0
0
0
0
0
0
0
0
0
0
0
0
0
0
0
0
0
0
0
1
0
0
0
0
1
1
1
0
0
0
0
0
0
0
0
0
0
0
0
0
0
0
0
0
0
0
0
0
0
0
0
0
0
0
0
0
0
0
1
0
0
0
0
0
0
0
0
0
0
0
0
0
0
0
0
0
0
0
0
0
0
0
0
0
0
1
0
0
0
0
0
0
0
0
0
0
1
0
0
0
0
0
0
0
0
0
0
0
0
0
0
0
0
0
0
0
0
1
0
0
0
0
0
0
0
0
0
0
0
0
0
0
0
0
0
0
0
0
0
0
0
0
1
1
0
1
2
0
0
0
1
0
0
0
0
0
0
0
1
0
0
0
0
0
0
0
1
0
0
0
1
0
0
0
0
0
0
0
0
0
0
0
0
0
0
0
0
0
0
0
0
0
0
0
0
0
0
0
0
0
0
0
0
0
0
0
0
0
0
0
1
0
0
0
0
0
0
0
0
0
1
0
0
0
0
0
0
0
0
0
0
0
0
0
0
0
0
1
0
0
0
0
0
0
0
0
0
0
0
0
0
0
0
0
0
0
0
0
0
0
0
0
0
0
0
0
0
0
0
0
0
1
1
0
0
0
0
0
0
0
1
0
0
0
0
0
0
0
0
0
0
0
0
0
0
0
0
0
0
0
0
0
0
0
0
0
0
0
0
0
0
0
0
0
0
0
0
0
0
0
0
0
1
1
0
0
0
0
1
1
0
0
0
0
0
0
0
0
0
0
0
0
0
0
0
0
0
0
0
0
0
0
0
0
0
0
0
0
0
0
0
1
0
0
0
0
0
0
0
0
0
0
0
0
0
0
0
0
0
0
1
0
0
0
0
0
0
0
0
0
0
0
0
0
0
0
0
0
0
0
0
0
0
0
0
0
0
0
0
0
0
0
0
0
0
0
0
0
0
0
0
0
1
0
0
0
0
0
0
0
0
0
0
0
0
0
0
0
0
0
0
0
0
0
0
0
0
0
0
0
0
0
0
0
0
0
0
0
0
0
0
0
0
0
0
0
0
0
0
0
0
0
0
0
0
0
0
0
0
0
0
0
0
0
0
0
0
0
0
0
0
0
0
0
0
0
0
0
0
1
0
0
0
0
0
0
0
0
0
0
0
0
0
0
0
2
0
0
0
0
0
0
0
0
0
0
0
0
0
0
0
0
0
0
0
0
0
0
0
0
0
0
0
0
0
0
0
0
0
0
0
0
1
0
0
0
0
0
0
0
0
0
0
0
0
0
0
0
1
0
0
0
1
0
0
0
1
0
1
0
1
0
1
1
0
0
0
0
1
1
0
0
0
