0
1
31
474
1059
1144
1190
1124
1187
1167
1198
1111
1099
1161
1134
1153
1075
1153
1137
1081
1134
1063
1048
1088
1043
995
1017
1030
1047
1014
1047
1038
1007
970
1012
1011
1014
981
976
1009
1040
1042
1006
985
1012
1024
1015
970
977
1036
982
1032
1042
1104
1023
982
961
1036
936
1014
998
980
1084
974
1026
959
989
931
1010
1017
1021
1023
1050
994
996
1017
1034
1016
979
1018
1054
1046
1078
1036
1032
1014
1023
1046
1062
1122
1099
1139
1039
1110
1086
1039
1129
1049
1070
1061
1103
1084
1062
1091
1103
1101
1139
1100
1073
1135
1189
1106
1068
1139
1106
1084
1102
1174
1113
1141
1187
1156
1182
1197
1235
1257
1234
1295
1353
1356
1390
1326
1413
1420
1384
1438
1403
1480
1526
1430
1598
1455
1428
1485
1481
1511
1458
1451
1459
1438
1457
1454
1389
1454
1356
1447
1355
1350
1389
1331
1305
1370
1325
1263
1292
1221
1306
1345
1227
1250
1258
1292
1203
1177
1218
1221
1163
1248
1234
1206
1198
1212
1155
1137
1154
1147
1110
1138
1152
1167
1107
1072
1059
1112
1052
1055
1005
1023
1024
1040
1042
1022
1072
1033
967
1043
991
1023
1056
1031
1029
1052
987
1005
1011
1029
983
955
978
973
970
1031
948
989
991
966
981
984
1002
998
1017
976
983
1053
1021
984
996
905
952
1018
1010
976
1016
993
952
983
963
980
930
993
992
1018
928
956
1011
985
911
958
923
934
920
942
851
938
932
840
933
917
880
861
858
918
850
855
885
811
824
814
789
764
723
790
705
735
739
688
681
686
682
654
617
613
608
560
579
522
512
573
503
527
513
485
484
463
450
503
450
452
434
431
404
400
433
402
412
380
416
430
371
401
397
376
416
377
386
403
326
379
371
355
388
347
354
348
371
377
384
403
383
446
353
364
394
407
387
403
413
483
427
435
451
418
487
492
477
534
485
526
536
561
578
573
591
586
641
680
736
710
789
759
836
853
912
991
1006
1061
1122
1190
1274
1361
1370
1450
1485
1550
1747
1891
2005
2067
2207
2323
2560
2566
2812
2884
3109
3153
3291
3482
3604
3781
3781
3905
3981
4114
4241
4260
4316
4433
4292
4362
4330
4279
4109
4108
4094
3964
3742
3737
3574
3607
3408
3376
3195
3028
2882
2714
2559
2414
2321
2181
2090
1927
1824
1633
1541
1464
1342
1321
1150
1003
899
907
828
821
735
642
647
572
547
512
464
453
433
395
378
365
361
309
317
290
297
268
275
240
257
239
274
226
242
251
257
222
242
252
219
254
260
254
246
256
214
224
250
207
259
224
232
236
205
220
225
208
214
207
218
222
227
228
218
215
239
213
203
222
219
217
228
204
205
203
203
226
222
187
188
203
214
241
229
218
202
232
224
221
212
207
229
211
202
218
201
204
186
196
220
210
204
210
194
206
189
196
205
204
198
208
219
189
211
188
203
199
208
195
188
207
205
189
195
183
239
181
196
188
198
193
186
181
189
199
183
170
216
196
193
209
189
180
189
165
198
186
214
186
186
200
175
163
183
183
206
187
192
177
163
176
204
182
194
173
176
196
207
174
168
149
188
142
157
162
174
183
180
161
171
164
182
179
191
166
185
192
173
163
159
165
154
176
177
194
136
167
157
174
178
135
151
171
177
154
170
169
171
171
183
183
193
162
158
179
161
160
151
149
149
167
156
152
171
168
154
155
155
157
154
164
165
174
174
162
168
178
164
175
146
161
176
175
158
162
155
147
157
163
172
158
163
170
184
180
152
165
160
174
167
148
169
160
182
168
169
205
170
179
173
167
172
185
154
164
162
178
166
170
181
158
182
206
179
182
149
184
194
167
172
178
186
168
169
180
161
169
174
168
180
176
167
172
167
159
162
177
167
158
191
156
165
163
183
172
178
158
201
147
204
197
189
167
179
180
189
203
188
169
189
173
201
149
165
175
168
173
196
195
170
187
198
174
182
163
170
168
164
175
177
164
151
169
182
158
169
173
162
160
156
142
161
133
168
180
131
144
146
137
140
145
153
141
146
145
141
113
124
144
106
135
111
107
105
138
106
100
98
87
96
90
88
96
75
70
67
66
65
65
74
64
57
53
42
54
46
60
51
47
46
34
39
34
33
43
33
30
35
30
31
29
33
24
31
29
27
21
27
22
28
27
18
19
39
22
20
18
24
14
23
21
22
23
25
26
26
32
23
24
29
23
29
31
31
33
40
50
44
40
48
52
59
66
61
66
76
65
91
81
85
93
108
104
117
117
138
142
165
172
155
174
189
196
188
221
239
254
267
255
252
261
287
299
291
294
299
300
335
352
327
343
330
348
354
317
357
339
351
339
358
334
353
311
321
314
292
291
326
287
314
305
298
268
251
239
243
270
257
243
213
191
188
185
189
165
177
159
137
156
136
140
119
136
102
87
92
90
78
102
94
73
71
52
63
56
54
49
34
40
33
31
32
32
23
23
18
22
17
22
25
18
20
16
23
17
12
10
17
8
7
6
9
5
5
8
5
2
3
4
4
6
4
4
0
0
2
4
2
1
3
3
3
2
0
1
5
1
2
1
0
2
1
2
1
1
1
0
2
4
2
5
3
3
0
4
2
1
3
3
0
2
2
3
2
1
2
1
3
0
4
0
2
1
0
2
0
0
1
1
0
4
4
1
2
2
1
2
1
1
0
2
2
0
1
2
1
0
1
0
0
2
0
2
1
0
4
2
1
2
5
2
0
1
0
2
2
0
1
2
2
0
1
0
0
0
0
1
2
1
0
3
1
1
1
2
1
2
0
0
0
0
2
1
0
0
1
1
0
0
1
2
0
0
1
0
0
1
0
0
3
2
0
0
1
0
0
0
1
0
0
0
1
2
0
0
1
0
2
0
1
2
0
1
1
2
0
2
2
1
1
1
0
1
0
1
0
2
1
1
1
1
1
0
1
0
0
0
4
1
1
1
4
2
2
1
2
0
3
4
1
1
2
1
1
2
1
4
1
2
0
1
2
2
1
0
2
1
1
2
1
2
1
0
0
0
1
1
0
1
0
3
1
0
0
1
1
0
2
0
2
0
0
0
2
0
1
0
0
0
0
0
0
0
1
0
0
1
0
1
0
0
0
1
0
0
0
1
0
0
0
0
0
0
0
0
0
0
0
0
0
0
0
1
0
0
0
0
0
0
0
0
0
0
0
0
0
0
0
0
0
0
0
0
0
0
0
0
0
1
0
0
0
0
0
0
0
0
0
0
0
1
0
0
0
0
0
0
0
0
1
0
0
0
0
0
0
0
0
0
0
1
0
0
0
0
0
0
0
0
0
0
0
0
0
0
0
0
0
0
0
0
1
0
0
0
0
0
0
0
0
0
0
0
0
0
0
0
0
0
0
0
0
0
0
0
0
1
0
0
1
0
0
0
0
0
0
0
0
0
0
0
1
0
0
0
0
0
0
0
0
0
0
0
0
0
0
0
0
0
0
0
0
0
0
0
0
0
0
0
0
0
0
1
0
0
0
1
0
0
0
0
0
0
0
0
1
0
0
0
0
0
0
0
1
0
0
0
0
0
0
0
0
0
0
0
0
0
0
0
0
0
0
0
0
0
0
0
0
0
0
0
0
0
0
0
0
1
0
0
0
0
0
0
0
0
0
0
0
0
0
0
0
0
0
0
0
0
0
0
0
0
0
1
0
0
0
0
0
0
0
0
0
0
0
0
0
0
0
0
0
0
0
0
0
0
0
0
0
0
0
0
0
0
0
0
0
0
0
0
0
0
0
0
0
0
0
0
0
0
0
0
0
0
0
0
0
0
0
0
0
0
0
0
0
0
0
0
0
0
0
0
0
0
0
0
0
0
0
0
0
0
0
0
0
0
0
0
0
0
0
0
0
0
0
0
0
0
0
0
0
0
0
0
0
0
0
0
0
0
0
0
0
0
0
0
0
0
0
0
0
0
0
0
0
0
0
0
0
0
0
0
0
0
0
0
0
0
0
0
0
0
0
0
0
0
0
0
0
0
0
0
0
0
0
0
0
0
0
0
1
0
0
0
0
1
1
0
0
0
0
0
0
0
0
0
0
0
0
0
0
0
0
0
0
0
0
0
0
0
0
0
0
0
0
0
0
0
0
0
0
0
0
0
0
0
0
0
0
0
0
0
0
0
0
0
0
0
0
0
0
0
0
0
0
0
0
0
0
1
0
0
0
0
0
0
0
0
0
0
0
0
0
0
0
0
0
0
0
1
0
0
0
0
0
0
0
0
0
0
0
0
0
0
0
0
0
1
1
0
0
0
0
0
0
0
0
0
0
0
1
0
0
0
0
0
0
0
0
0
0
0
0
0
0
0
0
0
0
0
0
0
0
0
0
0
0
0
0
0
0
0
0
0
0
0
0
0
0
0
0
0
0
0
0
0
0
0
0
0
0
0
0
0
0
0
0
0
0
0
0
0
0
0
0
0
0
0
0
0
0
0
0
0
0
0
0
0
0
1
0
0
0
0
0
0
0
0
0
0
0
0
0
0
0
0
0
0
0
0
0
0
0
0
0
0
0
0
0
0
0
0
0
0
0
0
0
0
0
0
0
0
0
0
0
0
0
0
0
0
0
0
0
0
0
0
0
0
0
0
0
0
0
0
0
0
0
0
0
1
0
0
0
0
0
0
0
1
0
0
0
0
0
0
0
0
0
0
0
0
0
0
0
0
0
0
0
0
0
0
1
0
0
0
0
0
0
0
0
0
0
0
0
0
0
0
0
0
0
0
0
0
0
0
0
0
0
0
0
0
0
0
0
0
0
0
0
1
0
0
0
0
0
0
0
0
0
0
0
0
0
0
0
0
0
0
0
0
0
0
0
0
0
0
0
0
0
0
0
0
0
0
0
0
0
0
0
0
0
0
0
0
0
0
0
0
0
0
0
0
0
0
0
1
0
0
0
0
0
0
0
1
0
0
0
0
1
0
0
0
0
0
0
0
0
0
0
0
0
0
0
0
0
0
0
0
0
0
0
0
0
0
0
0
0
0
0
0
0
0
0
0
0
0
0
0
0
0
0
0
0
0
0
0
0
0
0
0
0
0
0
0
0
0
0
0
0
0
0
0
0
0
0
0
0
0
0
0
0
0
1
0
0
0
0
0
0
0
0
0
0
0
0
0
0
0
0
1
0
0
0
0
0
0
0
0
0
0
0
0
0
0
0
0
0
0
0
0
0
0
0
0
0
0
0
0
0
0
0
0
0
0
0
0
0
0
0
0
0
0
0
0
0
0
0
0
0
0
0
0
0
0
0
0
0
0
0
0
0
0
0
0
0
0
0
0
0
0
0
0
0
0
0
0
0
0
0
0
0
0
0
0
0
0
0
0
0
0
0
0
0
0
0
0
0
0
0
0
0
0
0
0
0
0
0
0
0
0
0
0
0
1
0
0
0
0
0
0
0
0
0
0
0
0
0
0
0
0
0
0
0
0
0
0
0
0
0
0
0
0
0
0
0
0
0
0
0
0
0
0
0
0
0
0
0
0
0
0
0
0
0
0
0
0
0
0
0
0
0
0
0
0
0
0
0
0
0
0
0
0
0
0
0
0
0
0
0
0
0
0
0
0
0
0
0
0
0
0
0
0
0
0
0
0
0
0
0
0
0
0
0
0
0
0
0
0
0
0
0
0
0
0
0
0
0
0
0
0
0
0
0
0
0
0
0
0
0
0
0
0
0
0
0
0
0
0
0
0
0
0
0
0
0
0
0
0
0
0
0
0
0
0
0
0
0
0
0
0
0
0
0
0
0
0
0
0
0
0
0
0
0
0
0
0
0
0
0
0
0
0
0
0
0
0
0
0
0
0
0
0
0
0
0
0
0
0
0
0
0
0
0
0
0
0
0
0
0
0
0
0
0
0
0
0
0
0
0
0
0
0
0
0
0
0
0
0
0
0
0
0
0
0
0
0
0
0
0
0
0
0
0
0
0
0
0
0
0
0
0
0
0
0
0
0
0
0
0
0
0
0
0
0
0
0
0
0
0
0
0
0
0
0
0
0
0
0
0
0
0
0
0
0
0
0
0
0
0
0
0
0
0
0
0
0
0
0
0
0
0
0
0
0
0
0
0
0
0
0
0
0
0
0
0
0
0
0
0
0
0
0
0
0
0
0
0
0
0
0
0
0
0
0
0
0
0
0
0
0
0
0
0
0
0
0
0
0
0
0
0
0
0
0
0
0
0
0
0
0
0
0
0
0
0
0
0
0
0
0
0
0
0
0
0
0
0
0
0
0
0
0
0
0
0
0
0
0
0
0
0
0
0
0
0
0
0
0
0
0
0
0
0
0
0
0
0
0
0
0
0
0
0
0
0
0
0
0
0
0
0
0
0
0
0
0
0
0
0
0
0
0
0
0
0
0
0
0
0
0
0
0
0
0
0
0
0
0
0
0
0
0
0
0
0
0
0
0
0
0
0
0
0
0
0
0
0
0
0
0
0
0
0
0
0
0
0
0
0
0
0
0
0
0
0
0
0
0
0
0
0
0
0
0
0
0
0
0
0
0
0
0
0
0
0
0
0
0
0
0
0
0
0
0
0
0
0
0
0
0
0
0
0
0
0
0
0
0
0
0
0
0
0
0
0
0
0
0
0
0
0
0
0
0
0
0
0
0
0
0
0
0
0
0
0
0
0
0
0
0
0
0
0
0
0
0
0
0
0
0
0
0
0
0
0
0
0
0
0
0
0
0
0
0
0
0
0
0
0
0
0
0
0
0
0
0
0
0
0
0
0
0
0
0
0
0
0
0
0
0
0
0
0
0
0
0
0
0
0
0
0
0
0
0
0
0
0
0
0
0
0
0
0
0
0
0
0
0
0
0
0
0
0
0
0
0
0
0
0
0
0
0
0
0
0
0
0
0
0
0
0
0
0
0
0
0
0
0
0
0
0
0
0
0
0
0
0
0
0
0
0
0
0
0
0
0
0
0
0
0
0
0
0
0
0
0
0
0
0
0
0
0
0
0
0
0
0
0
0
0
0
0
0
0
0
0
0
0
0
0
0
0
0
0
0
0
0
0
0
0
0
0
0
0
0
0
0
0
0
0
0
0
0
0
0
0
0
0
0
0
0
0
0
0
0
0
0
0
0
0
0
0
0
0
0
0
0
0
0
0
0
0
0
0
0
0
0
0
0
0
0
0
0
0
0
0
0
0
0
0
0
0
0
0
0
0
0
0
0
0
0
0
0
0
0
0
0
0
0
0
0
0
0
0
0
0
0
0
0
0
0
0
0
0
0
0
0
0
0
0
0
0
0
0
0
0
0
0
0
0
0
0
0
0
0
0
0
0
0
0
0
0
0
0
0
0
0
0
0
0
0
0
0
0
0
0
0
0
0
0
0
0
0
0
0
0
0
0
0
0
0
0
0
0
0
0
0
0
0
0
0
0
0
0
0
0
0
0
0
0
0
0
0
0
0
0
0
0
0
0
0
0
0
0
0
0
0
0
0
0
0
0
0
0
0
0
0
0
0
0
0
0
0
0
0
0
0
0
0
0
0
0
0
0
0
0
0
0
0
0
0
0
0
0
0
0
0
0
0
0
0
0
0
0
0
0
0
0
0
0
0
0
0
0
0
0
0
0
0
0
0
0
0
0
0
0
0
0
0
0
0
0
0
0
0
0
0
0
0
0
0
0
0
0
0
0
0
0
0
0
0
0
0
0
0
0
0
0
0
0
0
0
0
0
0
0
0
0
0
0
0
0
0
0
0
0
0
0
0
0
0
0
0
0
0
0
0
0
0
0
0
0
0
0
0
0
0
0
0
0
0
0
0
0
0
0
0
0
0
0
0
0
0
0
0
0
0
0
0
0
0
0
0
0
0
0
0
0
0
0
0
0
0
0
0
0
0
0
0
0
0
0
0
0
0
0
0
0
0
0
0
0
0
0
0
0
0
0
0
0
0
0
0
0
0
0
0
0
0
0
0
0
0
0
0
0
0
0
0
0
0
0
0
0
0
0
0
0
0
0
0
0
0
0
0
0
0
0
0
0
0
0
0
0
0
0
0
0
0
0
0
0
0
0
0
0
0
0
0
0
0
0
0
0
0
0
0
0
0
0
0
0
0
0
0
0
0
0
0
0
0
0
0
0
0
0
0
0
0
0
0
0
0
0
0
0
0
0
0
0
0
0
0
0
0
0
0
0
0
0
0
0
0
0
0
0
0
0
0
0
0
0
0
0
0
0
0
0
0
0
0
0
0
0
0
0
0
0
0
0
0
0
0
0
0
0
0
0
0
0
0
0
0
0
0
0
0
0
0
0
0
0
0
0
0
0
0
0
0
0
0
0
0
0
0
0
0
0
0
0
0
0
0
0
0
0
0
0
0
0
0
0
0
0
0
0
0
0
0
0
0
0
0
0
0
0
0
0
0
0
0
0
0
0
0
0
0
0
0
0
0
0
0
0
0
0
0
0
0
0
0
0
0
0
0
0
0
0
0
0
0
0
0
0
0
0
0
0
0
0
0
0
0
0
0
0
0
0
0
0
0
0
0
0
0
0
0
0
0
0
0
0
0
0
0
0
0
0
0
0
0
0
0
0
0
0
0
0
0
0
0
0
0
0
0
0
0
0
0
0
0
0
0
0
0
0
0
0
0
0
0
0
0
0
0
0
0
0
0
0
0
0
0
0
0
0
0
0
0
0
0
0
0
0
0
0
0
0
0
0
0
0
0
0
0
0
0
0
0
0
0
0
0
0
0
0
0
0
0
0
0
0
0
0
0
0
0
0
0
0
0
0
0
0
0
0
0
0
0
0
0
0
0
0
0
0
0
0
0
0
0
0
0
0
0
0
0
0
0
0
0
0
0
0
0
0
0
0
0
0
0
0
0
0
0
0
0
0
0
0
0
0
0
0
0
0
0
0
0
0
0
0
0
0
0
0
0
0
0
0
0
0
0
0
0
0
0
0
0
0
0
0
0
0
0
0
0
0
0
0
0
0
0
0
0
0
0
0
0
0
0
0
0
0
0
0
0
0
0
0
0
0
0
0
0
0
0
0
0
0
0
0
0
0
0
0
0
0
0
0
0
0
0
0
0
0
0
0
0
0
0
0
0
0
0
0
0
0
0
0
0
0
0
0
0
0
0
0
0
0
0
0
0
0
0
0
0
0
0
0
0
0
0
0
0
0
0
0
0
0
0
0
0
0
0
0
0
0
0
0
0
0
0
0
0
0
0
0
0
0
0
0
0
0
0
0
0
0
0
0
0
0
0
0
0
0
0
0
0
0
0
0
0
0
0
0
0
0
0
0
0
0
0
0
0
0
0
0
0
0
0
0
0
0
0
0
0
0
0
0
0
0
0
0
0
0
0
0
0
0
0
0
0
0
0
0
0
0
0
0
0
0
0
0
0
0
0
0
0
0
0
0
0
0
0
0
0
0
0
0
0
0
0
0
0
0
0
0
0
0
0
0
0
