0
0
40
511
1314
1435
1323
1371
1332
1419
1410
1409
1330
1335
1390
1303
1327
1308
1277
1276
1330
1276
1300
1302
1244
1191
1234
1167
1200
1192
1207
1205
1280
1251
1160
1204
1173
1158
1192
1169
1145
1119
1212
1194
1221
1200
1232
1125
1201
1193
1154
1167
1167
1201
1174
1151
1177
1073
1194
1152
1155
1142
1133
1126
1216
1170
1128
1159
1169
1176
1142
1154
1140
1157
1209
1199
1127
1216
1154
1169
1219
1215
1242
1165
1192
1225
1215
1211
1263
1205
1227
1213
1205
1278
1260
1195
1290
1286
1226
1290
1224
1246
1259
1304
1272
1253
1264
1279
1252
1231
1244
1277
1333
1247
1280
1263
1281
1302
1235
1411
1289
1313
1315
1399
1358
1367
1462
1475
1528
1511
1568
1552
1577
1618
1623
1641
1673
1649
1707
1759
1796
1738
1755
1701
1670
1662
1814
1673
1667
1645
1729
1624
1587
1597
1594
1617
1492
1553
1584
1517
1454
1533
1480
1457
1408
1429
1409
1457
1386
1381
1383
1377
1329
1344
1324
1379
1369
1418
1353
1329
1286
1251
1256
1301
1315
1284
1238
1291
1269
1267
1239
1167
1237
1200
1249
1205
1158
1181
1156
1197
1150
1177
1123
1202
1156
1197
1094
1200
1152
1077
1101
1098
1108
1160
1132
1115
1143
1128
1131
1085
1186
1165
1133
1131
1195
1133
1103
1125
1064
1166
1156
1116
1080
1121
1100
1162
1154
1160
1123
1100
1104
1129
1125
1091
1153
1131
1139
1193
1076
1124
1070
1167
1090
1070
1079
1113
1155
1062
1143
1107
1115
1069
1062
1079
1026
1080
1082
1064
1074
1050
1069
993
1037
947
954
963
931
910
912
912
903
906
844
773
846
822
800
822
738
726
734
716
688
667
636
634
604
583
536
606
548
554
536
516
505
518
465
547
452
503
457
434
446
446
449
465
424
452
404
473
415
436
468
472
430
424
414
481
468
449
442
415
418
417
436
399
441
439
451
404
415
410
454
467
455
483
461
474
502
522
558
508
517
563
579
567
627
623
589
665
666
691
695
768
783
790
849
853
856
937
905
978
1034
1078
1125
1168
1201
1338
1227
1314
1461
1502
1575
1698
1820
1970
2024
2235
2331
2457
2628
2787
2851
3145
3320
3488
3618
3840
3918
4184
4375
4504
4629
4901
4871
5011
5154
5125
5226
5283
5251
5344
5483
5288
5221
5105
4980
4990
4786
4766
4341
4317
4139
3886
3808
3600
3326
3237
2898
2833
2579
2394
2355
2060
1941
1795
1579
1493
1345
1231
1090
1002
1003
852
844
715
677
596
579
494
465
434
449
397
353
347
296
314
294
294
297
296
270
278
317
274
263
264
273
244
225
207
262
258
291
249
237
250
254
254
225
234
256
235
267
243
248
216
271
269
275
245
264
231
252
254
266
249
243
257
244
244
252
266
233
238
247
240
225
230
243
259
270
239
231
237
234
247
253
258
232
238
225
265
246
207
225
204
251
276
222
230
233
258
190
205
228
227
209
207
223
227
225
201
208
209
232
219
222
227
204
206
229
218
230
227
218
210
198
213
205
245
211
206
232
213
224
224
219
205
196
185
221
224
215
206
210
210
228
221
188
209
225
229
201
218
224
198
219
194
194
212
219
226
215
225
217
199
193
202
225
207
229
238
231
194
192
222
223
198
207
207
213
207
213
204
200
214
192
198
189
209
201
191
204
178
209
219
223
193
208
194
190
186
217
183
182
173
189
201
209
198
190
198
184
159
180
194
180
171
164
203
187
181
182
208
188
213
217
198
178
211
196
214
216
184
173
177
187
195
161
199
187
167
185
212
190
192
196
185
183
195
211
199
212
194
172
217
196
181
174
187
187
195
199
161
173
196
198
177
197
166
189
214
196
202
218
181
181
192
200
218
210
199
208
195
188
195
187
196
208
211
212
204
181
196
231
192
190
171
233
180
204
182
210
197
183
188
187
191
224
193
186
178
193
194
226
204
201
240
200
185
238
208
186
208
209
238
200
201
187
189
225
207
192
209
194
203
196
215
205
198
202
194
224
224
206
205
203
202
235
198
225
222
212
220
194
233
205
206
202
202
198
180
192
201
176
203
155
206
206
164
150
181
198
152
191
163
151
147
170
142
137
144
138
169
130
130
137
140
121
108
112
110
106
126
96
93
105
92
86
101
84
88
75
71
73
59
75
72
64
66
45
59
50
59
43
46
57
42
40
31
37
29
33
35
39
30
33
31
26
22
33
32
26
23
28
18
29
27
30
27
14
30
33
38
26
33
37
20
20
47
25
29
31
34
37
29
34
41
32
50
51
41
69
45
63
58
59
64
75
63
67
93
109
92
120
112
129
124
147
153
155
141
173
185
173
183
220
220
214
240
259
255
278
257
255
290
315
301
306
348
376
376
427
412
390
370
381
412
439
418
400
436
444
442
423
417
456
440
422
467
384
406
399
374
373
359
348
390
359
337
333
296
356
292
312
283
284
242
227
252
228
182
176
174
146
156
153
132
145
117
122
84
90
82
77
71
71
69
41
42
40
52
44
25
32
24
32
19
18
14
15
11
10
5
5
10
13
9
5
5
5
7
3
4
2
5
4
6
1
5
2
2
3
3
5
0
2
3
3
4
1
1
2
4
2
1
3
1
0
0
2
2
2
3
1
0
2
3
3
3
1
5
4
4
4
4
3
1
6
1
0
0
4
3
1
4
2
0
0
4
2
1
3
3
0
3
5
2
3
1
3
3
2
1
3
2
1
1
4
1
3
0
3
2
5
4
2
2
2
4
0
1
1
0
3
1
4
1
0
2
2
1
2
0
2
2
0
1
2
5
0
1
0
2
1
0
3
1
0
2
2
1
2
2
3
0
0
1
1
1
2
1
1
2
0
1
1
0
0
1
0
1
0
0
0
0
0
1
4
0
1
1
1
0
0
0
0
0
0
1
1
1
1
0
2
0
1
0
0
1
0
0
1
0
2
0
0
2
1
0
2
1
1
2
0
3
0
0
2
0
1
3
3
0
1
2
2
3
1
2
2
1
1
3
3
3
2
0
1
3
2
3
5
3
2
2
3
1
4
0
4
1
2
3
4
1
2
4
1
1
3
2
2
1
1
1
3
0
0
0
0
3
0
2
0
2
2
2
0
0
0
0
0
0
0
1
1
0
0
0
0
0
0
0
0
0
0
0
0
0
0
0
0
0
0
1
0
1
0
0
0
0
0
0
0
0
0
0
0
0
0
0
0
0
0
0
1
0
0
0
0
0
0
0
1
0
0
0
0
0
0
0
0
0
0
0
0
0
0
0
0
0
0
0
1
0
0
0
0
0
0
0
0
0
0
0
0
0
0
1
0
0
0
0
0
0
0
0
0
0
0
0
0
0
0
0
0
0
0
0
0
0
0
1
0
0
0
0
0
0
0
0
0
0
1
0
0
0
0
0
0
0
0
0
1
0
0
0
0
0
0
0
0
0
0
0
0
0
0
0
0
0
0
0
0
0
0
0
0
0
0
0
0
0
0
0
0
0
1
0
0
0
0
0
0
0
0
0
0
0
0
0
0
0
0
0
0
0
0
0
0
0
0
0
0
0
0
0
0
0
0
0
0
0
0
0
0
0
1
0
0
0
1
0
0
0
0
0
2
1
0
0
0
0
0
0
1
0
0
0
0
0
0
0
0
0
0
0
0
0
0
0
1
0
0
0
0
0
0
0
0
1
0
0
1
0
0
0
0
0
0
0
0
0
0
0
0
0
0
0
0
0
0
0
0
0
0
0
0
0
0
0
0
0
0
0
0
0
0
0
0
0
0
0
0
0
0
0
0
0
0
0
0
0
0
0
0
0
0
0
0
1
0
0
0
0
0
0
0
0
0
0
0
0
0
0
0
0
0
0
0
0
0
0
0
0
0
0
0
0
0
0
0
0
0
0
0
0
0
0
0
0
0
0
0
0
0
0
0
0
0
0
0
0
0
0
0
0
0
0
0
0
0
1
0
0
0
0
0
0
0
0
0
0
0
0
0
0
0
0
0
0
0
0
0
0
0
0
0
0
0
0
0
0
0
0
0
0
0
0
0
0
0
0
0
0
0
0
0
0
0
0
0
0
1
0
0
0
0
0
0
0
0
0
1
0
0
0
0
0
0
0
0
0
0
0
0
0
0
0
0
0
0
0
0
0
0
0
0
1
0
0
0
0
0
0
0
0
0
0
0
0
0
0
0
0
0
0
0
0
0
0
0
0
0
0
0
0
0
0
0
0
0
0
0
0
0
0
0
1
0
0
0
0
0
0
0
0
0
1
0
0
0
0
1
0
0
0
0
1
0
0
0
0
0
0
0
0
0
0
0
0
0
0
0
0
0
0
0
0
0
0
0
0
0
0
0
0
1
0
0
0
0
0
0
0
0
0
0
0
0
1
0
0
1
0
0
0
0
0
0
0
0
0
0
0
0
0
0
0
0
1
0
0
0
0
0
0
0
0
0
0
0
0
0
0
0
0
0
0
0
0
0
0
0
0
0
0
0
0
0
0
0
0
0
0
0
0
0
0
0
0
0
0
0
0
0
0
0
0
0
0
0
0
0
0
0
0
0
0
0
0
0
0
0
0
0
0
0
0
0
0
0
0
0
0
0
0
0
0
0
0
0
0
0
0
0
0
0
0
0
0
0
0
0
0
0
0
0
0
0
0
0
0
0
0
0
0
0
0
0
0
0
0
1
0
0
0
0
0
0
1
0
0
0
0
0
0
0
0
0
0
0
1
0
0
0
0
0
0
0
0
0
0
0
0
0
0
0
0
0
0
0
0
0
0
0
0
0
0
0
0
0
0
0
0
0
0
0
0
0
0
0
0
0
1
0
0
0
0
0
0
0
0
0
0
0
0
0
0
0
1
0
0
0
0
0
0
0
0
0
0
0
0
0
0
0
0
1
0
0
0
0
0
0
0
0
0
0
0
0
0
0
0
0
0
0
0
0
0
0
0
0
0
0
0
0
0
0
0
0
0
0
0
0
0
0
0
0
0
0
0
0
0
0
0
0
0
0
0
1
0
0
0
0
0
0
0
0
0
0
0
0
0
0
0
0
0
0
0
0
0
0
0
0
0
0
0
0
0
0
0
0
0
0
0
0
0
0
0
0
1
0
0
0
0
0
0
0
0
0
0
0
0
0
0
0
0
0
0
0
0
0
0
0
0
0
0
0
0
0
0
0
0
0
0
0
0
0
0
0
0
0
0
0
0
0
0
0
0
0
0
0
0
0
0
0
0
0
0
0
0
0
0
0
0
0
0
0
0
0
0
0
0
0
0
0
0
0
0
0
0
0
0
0
1
0
0
0
0
0
0
0
0
0
0
0
0
0
0
0
0
0
0
0
0
0
0
0
0
0
0
0
0
0
0
0
0
0
0
0
0
0
0
0
0
0
0
0
0
0
0
0
0
0
0
0
0
0
0
0
0
0
0
0
0
0
0
0
0
0
0
0
0
0
0
0
0
0
0
1
0
0
0
0
0
0
0
0
0
0
0
0
0
0
0
0
0
0
0
0
0
0
0
0
0
0
0
0
0
0
0
0
0
0
0
0
0
0
0
0
0
0
0
0
0
0
0
0
0
0
0
0
0
0
0
0
0
0
0
0
0
0
0
0
0
0
0
0
0
0
0
0
0
0
0
0
0
0
0
0
0
0
0
0
0
0
0
0
0
0
0
0
0
0
0
0
1
0
0
0
0
0
0
0
0
0
0
0
0
0
0
0
0
0
0
0
0
0
0
0
0
0
0
0
0
0
0
0
0
0
0
0
0
0
0
0
0
0
0
0
0
0
0
0
0
0
0
1
0
0
0
0
0
0
0
0
0
0
0
0
0
0
0
0
0
0
0
0
0
0
0
0
0
0
0
0
0
0
0
0
0
0
0
0
0
0
0
0
0
0
0
0
0
0
0
0
0
0
0
0
0
0
0
0
0
0
0
0
0
0
0
0
0
0
0
0
0
0
0
0
0
0
0
0
0
0
0
0
0
0
0
0
0
0
0
0
0
0
0
0
0
0
0
0
0
0
0
0
0
0
0
0
0
0
0
0
0
0
0
0
0
0
0
0
0
0
0
0
0
0
0
0
0
0
0
0
0
0
0
0
0
0
0
0
0
0
0
0
0
0
0
0
0
0
0
0
0
0
0
0
0
0
0
0
0
0
0
0
0
0
0
0
0
0
0
0
0
0
0
0
0
0
0
0
0
0
0
0
0
0
0
0
0
0
0
0
0
0
0
0
0
0
0
0
0
0
0
0
0
0
0
0
0
0
0
0
0
0
0
0
0
0
0
0
0
0
0
0
0
0
0
0
0
0
0
0
0
0
0
0
0
0
0
0
0
0
0
0
0
0
0
0
0
0
0
0
0
0
0
0
0
0
0
0
0
0
0
0
0
0
0
0
0
0
0
0
0
0
0
0
0
0
0
0
0
0
0
0
0
0
0
0
0
0
0
0
0
0
0
0
0
0
0
0
0
0
0
0
0
0
0
0
0
0
0
0
0
0
0
0
0
0
0
0
0
0
0
0
0
0
0
0
0
0
0
0
0
0
0
0
0
0
0
0
0
0
0
0
0
0
0
0
0
0
0
0
0
0
0
0
0
0
0
0
0
0
0
0
0
0
0
0
0
0
0
0
0
0
0
0
0
0
0
0
0
0
0
0
0
0
0
0
0
0
0
0
0
0
0
0
0
0
0
0
0
0
0
0
0
0
0
0
0
0
0
0
0
0
0
0
0
0
0
0
0
0
0
0
0
0
0
0
0
0
1
0
0
0
0
0
0
0
0
0
0
0
0
0
0
0
0
0
0
0
0
0
0
0
0
0
0
0
0
0
0
0
0
0
0
0
0
0
0
0
0
0
0
0
0
0
0
0
0
0
0
0
0
0
0
0
0
0
0
0
0
0
0
0
0
0
0
0
0
0
0
0
0
0
0
0
0
0
0
0
0
0
0
0
0
0
0
0
0
0
0
0
0
0
0
0
0
0
0
0
0
0
0
0
0
0
0
0
0
0
0
0
0
0
0
0
0
0
0
0
0
0
0
0
0
0
0
0
0
0
0
0
0
0
0
0
0
0
0
0
0
0
0
0
0
0
0
0
0
0
0
0
0
0
0
0
0
0
0
0
0
0
0
0
0
0
0
0
0
0
0
0
0
0
0
0
0
0
0
0
0
0
0
0
0
0
0
0
0
0
0
0
0
0
0
0
0
0
0
0
0
0
0
0
0
0
0
0
0
0
0
0
0
0
0
0
0
0
0
0
0
0
0
0
0
0
0
0
0
0
0
0
0
0
0
0
0
0
0
0
0
0
0
0
0
0
0
0
0
0
0
0
0
0
0
0
0
0
0
0
0
0
0
0
0
0
0
0
0
0
0
0
0
0
0
0
0
0
0
0
0
0
0
0
0
0
0
0
0
0
0
0
0
0
0
0
0
0
0
0
0
0
0
0
0
0
0
0
0
0
0
0
0
0
0
0
0
0
0
0
0
0
0
0
0
0
0
0
0
0
0
0
0
0
0
0
0
0
0
0
0
0
0
0
0
0
0
0
0
0
0
0
0
0
0
0
0
0
0
0
0
0
0
0
0
0
0
0
0
0
0
0
0
0
0
0
0
0
0
0
0
0
0
0
0
0
0
0
0
0
0
0
0
0
0
0
0
0
0
0
0
0
0
0
0
0
0
0
0
0
0
0
0
0
0
0
0
0
0
0
0
0
0
0
0
0
0
0
0
0
0
0
0
0
0
0
0
0
0
0
0
0
0
0
0
0
0
0
0
0
0
0
0
0
0
0
0
0
0
0
0
0
0
0
0
0
0
0
0
0
0
0
0
0
0
0
0
0
0
0
0
0
0
0
0
0
0
0
0
0
0
0
0
0
0
0
0
0
0
0
0
0
0
0
0
0
0
0
0
0
0
0
0
0
0
0
0
0
0
0
0
0
0
0
0
0
0
0
0
0
0
0
0
0
0
0
0
0
0
0
0
0
0
0
0
0
0
0
0
0
0
0
0
0
0
0
0
0
0
0
0
0
0
0
0
0
0
0
0
0
0
0
0
0
0
0
0
0
0
0
0
0
0
0
0
0
0
0
0
0
0
0
0
0
0
0
0
0
0
0
0
0
0
0
0
0
0
0
0
0
0
0
0
0
0
0
0
0
0
0
0
0
0
0
0
0
0
0
0
0
0
0
0
0
0
0
0
0
0
0
0
0
0
0
0
0
0
0
0
0
0
0
0
0
0
0
0
0
0
0
0
0
0
0
0
0
0
0
0
0
0
0
0
0
0
0
0
0
0
0
0
0
0
0
0
0
0
0
0
0
0
0
0
0
0
0
0
0
0
0
0
0
0
0
0
0
0
0
0
0
0
0
0
0
0
0
0
0
0
0
0
0
0
0
0
0
0
0
0
0
0
0
0
0
0
0
0
0
0
0
0
0
0
0
0
0
0
0
0
0
0
0
0
0
0
0
0
0
0
0
0
0
0
0
0
0
0
0
0
0
0
0
0
0
0
0
0
0
0
0
0
0
0
0
0
0
0
0
0
0
0
0
0
0
0
0
0
0
0
0
0
0
0
0
0
0
0
0
0
0
0
0
0
0
0
0
0
0
0
0
0
0
0
0
0
0
0
0
0
0
0
0
0
0
0
0
0
0
0
0
0
0
0
0
0
0
0
0
0
0
0
0
0
0
0
0
0
0
0
0
0
0
0
0
0
0
0
0
0
0
0
0
0
0
0
0
0
0
0
0
0
0
0
0
0
0
0
0
0
0
0
0
0
0
0
0
0
0
0
0
0
0
0
0
0
0
0
0
0
0
0
0
0
0
0
0
0
0
0
0
0
0
0
0
0
0
0
0
0
0
0
0
0
0
0
0
0
0
0
0
0
0
0
0
0
0
0
0
0
0
0
0
0
0
0
0
0
0
0
0
0
0
0
0
0
0
0
0
0
0
0
0
0
0
0
0
0
0
0
0
0
0
0
0
0
0
0
0
0
0
0
0
0
0
0
0
0
0
0
0
0
0
0
0
0
0
0
0
0
0
0
0
0
0
0
0
0
0
0
0
0
0
0
0
0
0
0
0
0
0
0
0
0
0
0
0
0
0
0
0
0
0
0
0
0
0
0
0
0
0
0
0
0
0
0
0
0
0
0
0
0
0
0
0
0
0
0
0
0
0
0
0
0
0
0
0
0
0
0
0
0
0
0
0
0
0
0
0
0
0
0
0
0
0
0
0
0
0
0
0
0
0
0
0
0
0
0
0
0
0
0
0
0
0
0
0
0
0
0
0
0
0
0
0
0
0
0
0
0
0
0
0
0
0
0
0
0
0
0
0
0
0
0
0
0
0
0
0
0
0
0
0
0
0
0
0
0
0
0
0
0
0
0
0
0
0
0
0
0
0
0
0
0
0
0
0
0
0
0
0
0
0
0
0
0
0
0
0
0
0
0
0
0
0
0
0
0
0
0
0
0
0
0
0
0
0
0
0
0
0
0
0
0
0
0
0
0
0
