0
0
0
0
0
0
0
0
0
0
324
417
385
405
420
430
383
400
432
376
352
393
395
380
386
416
384
400
414
390
376
380
351
389
411
392
398
372
408
372
358
389
387
405
329
376
359
398
387
373
369
353
374
343
356
355
348
357
349
389
404
402
320
364
358
374
378
373
340
399
373
380
353
365
371
360
429
363
428
360
405
369
394
368
361
363
366
382
392
392
327
373
391
371
391
379
380
372
374
392
367
352
358
381
379
339
355
353
389
376
355
373
369
394
334
375
370
337
352
360
357
377
407
333
364
378
346
360
367
385
345
352
367
378
359
367
378
358
371
332
373
387
385
354
344
365
376
361
344
401
386
369
360
329
379
352
392
362
350
353
339
393
351
361
354
384
362
331
345
364
381
372
376
358
341
407
346
349
379
364
368
361
345
366
332
363
372
319
390
347
323
359
363
390
354
331
373
359
353
371
367
382
339
371
360
360
356
353
368
386
330
358
365
346
360
347
364
353
346
352
309
364
343
366
351
319
351
327
329
345
358
360
353
344
391
337
371
371
384
330
357
387
335
342
305
341
322
322
326
362
313
351
353
348
357
344
352
387
393
380
336
352
361
362
349
348
328
358
362
384
391
314
378
335
370
356
355
343
348
340
333
362
355
341
386
352
346
342
378
369
331
337
371
336
322
375
361
346
326
338
307
382
339
340
335
336
352
347
352
356
344
321
360
361
348
345
356
353
346
348
307
344
324
374
368
353
342
357
362
349
353
343
358
305
345
329
371
324
334
311
346
362
327
351
353
346
354
344
380
344
333
362
333
340
357
346
351
317
364
344
358
339
363
335
371
341
315
337
361
329
353
376
337
343
317
330
331
315
349
366
333
390
333
332
363
379
332
339
340
364
354
334
320
307
341
302
353
345
344
309
341
318
354
342
300
369
359
363
312
337
302
333
322
358
337
326
346
338
349
335
332
376
338
345
379
309
357
345
334
366
347
322
324
296
339
343
343
316
335
361
318
306
311
324
348
340
340
342
318
337
310
298
328
338
305
338
318
331
343
320
330
365
337
331
347
326
359
325
293
324
331
329
349
318
303
325
337
361
333
340
349
358
322
331
346
341
343
325
308
314
307
327
350
352
318
312
356
327
348
341
347
348
345
321
355
317
329
322
306
325
348
308
337
313
317
316
345
321
336
324
339
316
340
322
324
327
328
323
320
346
357
328
357
318
295
371
297
335
312
316
361
323
296
319
302
329
319
359
313
338
333
342
331
371
322
300
363
343
309
341
319
311
336
345
333
324
339
329
299
359
335
334
365
318
318
329
308
367
343
330
298
297
318
337
318
291
323
304
297
331
309
308
325
320
347
363
344
322
304
332
335
323
330
312
318
320
336
340
316
299
308
348
330
315
340
306
311
320
331
331
339
325
314
329
339
307
309
314
326
334
316
335
327
340
322
319
317
328
351
331
352
315
346
331
297
339
336
332
311
294
329
326
291
311
315
304
351
315
308
315
321
292
298
293
321
323
313
355
337
335
349
286
329
320
329
338
327
320
348
302
322
313
317
328
297
333
314
324
325
314
323
314
315
319
327
292
294
283
321
306
331
316
296
305
329
302
322
337
314
311
337
321
336
275
289
341
313
316
310
303
318
313
322
339
303
297
286
290
337
305
333
311
308
295
305
308
311
301
332
310
321
349
291
308
317
317
287
310
296
318
288
314
315
302
299
303
327
334
331
310
296
308
318
303
331
317
294
298
336
306
303
353
310
298
312
331
332
307
319
329
300
308
321
322
276
291
310
310
303
322
302
323
322
315
279
325
327
285
309
306
321
283
323
339
293
284
339
323
308
325
342
328
295
326
306
263
309
319
341
324
269
316
321
278
328
285
305
314
321
266
307
282
321
278
321
327
327
324
320
280
309
292
294
321
307
299
284
302
331
303
298
310
306
323
277
298
269
307
294
315
296
328
293
289
338
297
307
323
262
283
305
352
291
304
304
303
298
309
286
322
316
299
330
330
295
274
342
305
282
305
291
277
357
294
295
300
295
296
317
333
322
300
300
296
257
294
279
314
261
305
283
306
360
299
276
293
296
306
300
295
323
287
333
314
267
319
281
283
288
290
282
287
309
324
288
280
315
305
286
304
313
282
302
313
288
307
318
291
280
314
270
325
303
288
331
283
278
313
292
307
283
277
299
310
331
294
327
311
310
297
310
300
272
302
289
295
327
302
290
291
273
313
304
298
297
324
281
263
294
318
253
313
292
268
313
311
286
308
305
304
302
319
296
306
296
300
294
279
274
329
257
296
275
290
295
289
303
300
288
273
308
310
314
295
292
305
279
270
296
290
278
296
307
297
301
306
276
296
299
272
273
300
288
294
258
293
302
283
282
300
293
266
278
288
286
303
267
329
284
298
286
283
307
285
308
280
283
285
286
268
280
268
298
317
299
306
305
293
323
303
300
324
303
278
333
248
318
297
279
263
334
293
282
298
293
310
305
296
264
269
277
280
280
284
283
282
287
282
312
301
279
286
295
255
272
312
307
281
313
280
311
259
280
323
328
289
276
308
266
320
269
282
251
287
265
305
293
272
261
311
288
250
291
276
277
322
287
272
316
279
273
273
261
298
290
300
273
319
249
278
291
275
270
299
269
273
302
311
316
294
295
280
275
313
285
270
294
269
280
294
282
270
299
278
291
289
279
268
295
287
285
281
304
288
304
262
262
292
290
294
299
290
263
295
281
302
284
270
279
282
280
268
269
298
289
283
283
251
300
294
307
276
307
302
309
279
294
280
301
295
302
267
298
263
281
312
277
313
286
268
297
284
272
275
303
279
295
282
289
264
276
254
277
275
266
264
268
280
241
271
279
312
261
279
268
232
279
267
273
301
298
321
249
274
269
262
267
303
309
252
269
315
280
309
290
279
277
259
296
275
277
289
277
295
261
250
285
259
303
300
279
266
277
270
268
283
280
280
306
276
272
244
271
275
278
263
334
271
252
274
291
255
272
282
284
258
270
257
278
294
253
260
277
272
262
288
267
264
287
264
289
284
263
266
250
278
283
292
288
286
269
281
285
294
271
271
273
274
243
285
285
292
272
283
260
279
271
282
267
268
250
263
291
249
280
255
256
260
269
265
276
267
273
284
257
303
284
253
273
277
260
273
269
289
262
259
263
246
270
302
252
268
251
255
261
276
252
270
278
225
268
282
267
285
251
276
261
272
275
263
285
255
279
280
247
262
289
239
266
294
278
260
256
284
255
278
249
300
292
285
307
241
265
299
267
269
267
251
249
269
279
265
280
283
275
297
277
278
252
274
280
248
269
260
272
257
267
290
288
278
265
281
291
281
293
273
311
260
300
264
267
283
277
274
265
266
266
250
256
267
293
245
264
289
255
272
269
280
277
258
284
293
307
255
240
257
222
244
273
238
239
259
260
239
265
236
259
265
248
240
258
247
252
261
262
252
279
246
278
248
258
265
251
263
252
275
259
264
250
251
253
281
285
278
250
271
275
272
245
295
247
286
270
247
265
240
274
262
242
258
258
255
261
243
263
235
237
271
247
257
292
265
276
270
256
251
271
247
284
237
267
258
266
278
274
241
229
249
258
267
254
272
247
254
250
253
239
255
246
261
276
244
269
226
259
231
273
257
247
260
264
284
260
246
248
238
241
239
266
262
261
238
275
263
247
238
281
275
264
257
264
251
241
256
241
261
278
237
286
249
255
263
260
257
266
253
245
263
265
249
253
254
244
219
284
286
251
228
243
262
246
261
235
266
274
254
245
233
236
230
255
236
244
258
268
247
242
264
250
244
253
213
249
237
250
263
243
252
262
249
248
283
271
259
257
230
240
258
285
246
267
222
277
275
266
269
248
259
239
265
247
234
233
250
243
253
231
243
285
268
243
243
261
237
276
235
228
230
261
257
257
244
221
237
230
238
231
255
255
265
267
254
237
267
234
238
272
232
221
229
226
262
242
249
243
271
229
276
261
241
257
230
230
264
274
262
243
227
236
251
275
228
241
237
244
225
257
249
253
226
236
255
268
258
251
245
221
241
237
239
242
272
292
246
238
274
236
232
250
268
229
249
225
210
213
250
273
214
258
233
229
255
241
251
276
227
255
273
224
264
269
277
259
208
254
259
252
234
239
277
234
261
247
262
258
262
222
246
238
233
259
254
239
259
222
227
233
266
239
255
241
233
279
233
241
244
223
242
218
262
245
225
234
237
263
217
235
226
243
225
238
286
253
256
270
237
254
231
257
237
222
249
236
246
230
256
253
224
213
246
213
231
218
255
249
206
226
228
246
223
222
272
247
258
233
239
238
213
246
261
252
231
240
238
223
229
237
252
237
237
214
232
234
219
210
235
233
240
236
237
227
234
214
226
252
226
213
232
235
218
228
245
237
263
249
240
240
234
236
227
240
242
237
215
249
261
238
217
208
259
244
243
268
252
246
243
212
209
230
250
242
251
263
225
238
254
254
249
226
247
240
257
239
258
275
253
193
238
241
234
227
225
234
220
229
235
205
226
226
223
223
211
227
227
258
212
234
246
229
240
231
233
237
261
223
238
270
239
230
239
233
228
211
229
247
234
234
219
245
230
221
223
266
231
240
235
223
238
239
239
255
197
199
236
260
244
222
202
231
239
230
239
212
212
240
231
232
217
258
219
222
223
210
206
236
209
236
245
232
214
234
228
219
241
254
201
220
233
222
219
227
221
228
225
250
192
228
219
229
213
246
258
225
232
234
203
203
233
232
225
229
230
248
230
236
197
239
239
228
229
236
229
251
225
229
215
226
225
239
238
231
253
233
230
219
233
245
219
214
203
200
238
234
250
250
233
241
218
244
225
213
235
242
232
238
203
203
216
235
269
209
234
235
216
231
259
232
245
186
228
213
245
220
240
220
217
225
249
246
206
243
253
217
220
198
235
204
226
208
230
221
218
223
231
230
231
215
243
220
212
224
249
231
224
209
220
223
242
243
231
229
223
217
231
217
212
240
219
234
242
243
206
217
220
230
224
250
177
231
237
250
225
237
206
227
222
203
211
243
224
226
215
233
251
240
236
227
232
226
249
228
203
219
200
205
247
223
235
204
235
226
221
234
216
212
253
209
223
241
195
252
213
206
220
236
227
240
201
203
219
215
206
203
209
252
229
231
226
226
214
183
215
227
199
218
231
204
212
226
206
221
230
213
223
199
236
212
185
209
243
215
213
221
199
241
213
214
233
216
222
224
203
214
202
217
226
209
217
218
222
211
237
215
201
231
226
225
221
212
247
216
200
241
210
215
205
209
211
186
209
212
229
212
191
212
239
226
218
202
209
228
194
232
233
240
250
235
219
236
248
230
217
234
218
211
199
232
209
222
215
232
229
227
211
178
178
204
213
202
215
222
243
217
203
222
202
219
222
227
195
206
206
224
211
222
201
225
223
203
196
217
234
231
213
237
215
232
229
216
212
211
214
234
210
228
216
219
212
203
223
213
198
216
226
198
201
220
205
204
225
212
192
228
201
190
176
213
220
221
207
214
211
189
220
212
195
189
212
198
239
226
255
213
210
227
220
215
221
230
187
206
203
210
212
193
214
218
199
180
212
235
230
202
238
203
196
205
207
216
210
229
209
218
220
215
187
207
185
246
216
204
217
216
201
216
231
224
204
196
233
225
218
200
222
203
215
226
220
200
203
210
195
203
209
229
199
221
217
190
193
226
201
215
202
214
213
205
182
224
209
206
215
216
201
215
211
191
200
204
211
190
188
209
233
201
196
199
200
206
172
213
211
209
203
192
210
193
212
213
216
191
208
217
188
207
201
194
204
206
206
200
195
205
217
203
213
213
226
204
196
239
230
214
194
196
212
197
190
205
203
208
197
184
232
177
203
197
211
187
212
202
211
207
198
208
181
231
189
203
208
195
219
233
202
213
211
189
211
214
197
220
208
204
224
192
202
186
214
199
206
204
217
203
211
187
205
196
206
230
177
209
214
214
184
214
185
200
207
205
189
210
211
194
173
189
182
182
200
199
189
209
214
190
238
213
202
202
207
211
218
229
197
199
191
199
192
219
185
196
209
201
199
198
196
200
214
226
231
219
205
219
216
176
209
211
198
188
187
180
196
182
204
204
195
188
225
223
199
200
213
219
185
202
187
215
202
204
192
205
163
224
205
171
189
215
174
190
218
212
224
195
216
208
195
179
190
209
197
214
187
212
199
180
213
226
201
190
209
200
185
204
189
226
239
227
164
170
183
220
181
187
207
225
178
197
189
213
188
174
196
172
195
186
170
189
210
195
218
195
207
208
200
191
196
183
203
168
189
192
200
208
220
201
190
203
222
167
187
178
198
209
200
217
186
192
192
212
192
184
193
213
184
211
199
187
178
212
206
216
202
202
193
184
217
198
224
193
210
221
191
214
160
187
170
218
220
196
183
185
186
170
210
198
204
213
196
202
195
195
191
199
169
184
219
187
206
173
190
186
217
176
195
165
169
190
202
173
172
188
198
194
196
179
226
189
194
212
192
192
191
200
172
197
186
201
188
203
188
187
207
193
206
187
188
192
190
190
192
188
192
180
177
187
212
166
201
200
187
173
194
196
204
197
216
189
215
202
199
187
211
173
198
197
203
189
194
193
208
188
211
186
201
175
177
167
186
170
178
184
213
193
216
184
170
161
219
182
161
181
178
167
197
202
188
207
180
178
179
168
175
188
202
182
184
167
184
221
142
195
199
188
172
185
225
186
192
192
167
206
198
186
204
192
193
183
210
158
226
233
175
203
152
190
185
199
191
194
183
171
184
176
171
187
187
200
220
159
182
199
192
177
195
203
194
175
161
185
192
194
192
180
188
160
171
177
190
192
192
208
188
184
197
191
193
187
185
175
188
190
196
183
167
176
201
161
153
192
222
181
210
198
161
187
174
170
167
186
174
202
188
208
159
176
181
161
183
184
189
155
170
212
216
179
213
186
170
183
194
189
161
187
179
201
183
168
182
199
196
169
191
160
183
164
172
192
175
181
187
208
192
174
166
190
203
201
159
190
170
173
166
196
193
193
186
205
205
188
215
144
217
178
188
189
195
176
149
190
184
201
194
182
163
170
186
178
182
171
161
189
146
159
167
163
165
160
165
150
180
166
193
198
208
155
173
156
190
166
161
163
190
179
173
174
192
168
187
167
172
169
180
182
170
182
193
183
173
192
196
197
164
170
162
200
201
148
180
184
172
183
165
190
182
174
167
173
187
208
204
187
198
203
180
163
160
161
180
176
170
207
173
188
175
180
193
184
169
186
166
162
180
174
179
180
216
179
177
179
168
154
169
187
159
176
171
196
150
158
183
163
191
175
183
181
158
198
173
174
177
154
163
181
206
188
166
172
194
170
184
185
183
166
166
179
186
184
172
184
186
168
164
188
187
144
154
154
196
178
186
196
190
161
162
154
157
162
190
175
179
185
162
159
168
178
187
185
197
172
172
184
168
155
182
169
195
170
180
160
155
175
175
170
190
176
179
167
189
150
175
189
174
184
168
171
177
182
173
183
172
189
180
174
189
181
174
191
169
151
177
151
172
154
184
177
181
163
181
177
163
165
169
162
173
180
149
143
156
169
166
165
147
182
186
188
194
156
158
167
215
178
170
178
156
177
156
176
153
165
155
173
164
181
180
177
154
171
192
169
174
175
175
160
151
145
179
182
183
154
157
163
200
165
177
183
183
168
174
199
169
176
141
175
160
178
193
178
190
172
184
181
146
170
163
189
190
164
148
158
187
176
167
159
152
157
183
187
183
170
151
166
151
189
161
164
157
167
172
185
169
152
195
178
146
169
177
164
178
163
163
175
179
157
176
186
168
163
164
193
161
165
141
160
165
165
172
150
163
169
169
166
161
167
179
170
160
164
151
174
153
170
161
167
172
164
184
150
166
153
153
156
178
175
183
167
155
158
161
153
175
179
169
153
182
158
148
153
173
166
143
172
186
156
159
171
181
167
191
193
170
156
167
150
166
159
163
163
183
193
175
143
151
173
170
162
166
164
146
173
156
165
169
160
159
184
158
161
166
155
144
173
172
164
180
174
192
151
163
192
174
167
162
165
170
172
163
160
175
156
160
186
171
177
141
176
166
182
165
165
154
155
142
168
137
180
168
165
174
163
175
161
159
156
154
142
186
150
164
152
178
195
183
170
141
192
167
170
181
149
148
163
172
143
164
164
143
143
159
160
169
164
152
147
182
164
165
163
166
167
170
154
148
161
159
159
176
154
166
167
156
161
170
146
153
177
169
159
169
165
155
183
158
154
174
175
167
159
162
184
136
151
141
177
174
159
142
183
163
170
144
155
160
146
180
161
170
153
172
171
163
154
152
148
170
162
158
173
152
166
172
185
171
160
170
180
167
166
155
134
159
196
162
166
150
156
177
164
150
161
158
179
171
158
150
157
175
151
162
155
152
159
157
145
148
149
157
171
151
147
152
154
167
157
172
180
184
168
140
154
162
157
159
151
162
164
149
159
147
156
160
144
138
153
153
185
174
155
149
145
158
145
159
160
161
173
168
151
134
156
134
156
158
152
145
155
154
155
139
175
183
129
147
143
132
157
172
139
143
172
162
139
152
131
180
154
156
161
149
152
153
144
164
144
144
169
157
156
167
177
150
169
145
143
151
156
161
176
163
143
155
141
141
168
138
151
140
149
156
137
178
168
160
150
161
140
151
155
161
139
143
147
146
150
176
161
157
155
162
149
152
157
139
164
159
154
138
179
164
151
142
177
149
162
154
151
178
132
149
170
143
157
173
164
167
151
158
154
152
149
175
153
172
152
146
133
154
151
169
137
142
145
131
167
151
140
141
161
160
155
125
173
145
160
152
167
154
151
149
172
157
146
157
145
168
157
163
132
167
174
142
170
166
148
129
132
156
163
174
149
150
136
160
134
143
140
158
150
142
164
133
140
142
152
159
165
157
157
138
136
147
146
158
144
156
146
145
156
141
143
153
149
143
137
149
155
140
148
155
174
175
148
146
140
148
134
140
136
165
145
160
146
153
147
140
144
139
153
182
136
153
130
156
142
170
140
167
168
152
142
132
147
154
139
116
129
134
150
161
153
156
151
152
165
151
124
130
149
138
161
168
155
142
135
146
143
143
158
135
124
138
130
167
163
139
128
151
146
140
140
142
144
167
153
158
151
139
134
154
127
145
147
148
127
179
159
159
145
139
145
153
137
129
135
152
141
145
142
148
140
135
134
157
137
145
156
136
149
135
148
144
140
143
147
159
153
153
127
151
121
149
166
135
147
131
137
152
148
141
156
152
135
132
147
144
139
158
151
147
147
145
160
166
124
170
151
141
127
159
156
174
145
147
138
141
141
157
142
130
131
138
154
146
145
130
151
159
152
152
136
150
144
130
156
158
125
162
134
130
135
145
153
136
158
143
132
146
150
138
161
163
148
158
149
153
138
145
165
150
150
140
145
160
154
143
134
161
147
137
136
159
145
135
145
176
148
133
155
138
142
145
140
135
156
147
164
143
145
140
159
145
144
138
144
135
142
156
153
142
147
125
134
152
171
147
142
146
142
148
156
131
150
142
132
151
139
158
136
136
123
151
141
147
144
144
149
142
124
152
155
144
140
160
147
129
152
139
148
136
145
146
138
136
144
141
162
139
119
122
122
163
158
125
156
152
135
131
160
152
131
117
137
139
142
131
148
127
134
134
155
136
147
150
159
134
147
166
139
130
128
138
144
148
140
132
139
104
153
139
112
148
125
133
147
126
123
130
130
135
134
154
154
161
139
153
123
150
150
136
129
146
128
129
142
156
153
127
163
127
145
129
138
145
135
134
147
124
124
124
133
141
132
142
140
136
128
135
126
122
122
142
138
142
127
137
134
146
139
145
145
137
134
130
130
152
147
139
131
120
116
133
138
132
147
133
163
147
119
136
130
117
143
128
129
128
147
143
116
128
136
133
142
139
108
138
140
132
155
141
137
133
123
151
134
136
146
165
114
133
122
130
143
142
135
133
145
142
149
133
118
121
147
129
119
159
127
137
121
129
133
126
136
121
144
135
147
133
120
137
140
134
140
132
139
144
141
138
121
132
155
161
117
142
131
142
139
125
111
147
153
139
125
150
125
135
118
125
127
134
132
144
124
124
138
140
116
130
136
153
139
135
107
148
142
147
160
134
137
149
151
131
128
138
140
133
137
148
129
132
134
143
130
132
137
142
137
125
127
137
143
131
127
139
121
128
138
127
112
151
125
133
127
142
123
114
123
135
135
147
123
121
145
127
126
135
123
133
136
141
140
135
121
123
130
131
126
116
156
136
120
129
115
124
126
148
149
136
128
141
129
113
140
131
119
111
150
117
143
128
128
142
154
133
130
143
139
129
121
115
159
145
148
139
128
106
129
143
132
102
137
119
147
145
130
151
124
132
139
125
146
112
131
155
137
137
121
104
117
124
142
114
137
117
123
130
115
143
137
142
134
132
130
114
129
140
129
132
119
104
121
126
129
127
140
124
112
114
123
111
116
126
122
112
144
134
112
135
121
133
143
136
138
143
151
133
127
137
136
133
150
116
123
144
125
149
145
133
145
120
127
111
142
123
145
129
131
141
138
134
125
133
142
127
139
119
134
118
121
119
135
122
143
133
147
111
121
137
99
109
124
127
125
125
131
126
113
109
124
136
125
115
103
119
138
133
117
110
124
106
154
132
131
124
136
133
143
106
113
125
136
126
135
125
130
125
132
135
123
135
119
116
141
140
132
113
133
124
131
119
125
142
110
108
133
117
136
130
108
122
138
116
113
138
115
133
118
117
121
126
141
126
118
145
103
120
135
126
136
87
124
107
122
105
126
121
130
143
115
117
141
120
140
133
129
106
118
122
132
112
98
120
111
121
115
118
133
141
136
108
137
122
113
121
129
125
149
135
114
131
106
111
152
122
140
141
125
124
133
120
109
125
111
126
131
137
115
141
132
122
142
138
117
110
110
119
118
112
128
114
113
110
113
135
106
121
121
134
117
132
118
110
116
111
122
129
127
128
133
111
146
135
138
124
133
120
126
127
112
115
132
129
112
133
121
112
118
115
114
125
145
131
110
123
120
137
123
112
110
111
129
132
116
129
142
124
124
113
114
119
123
124
118
109
153
121
140
119
127
113
125
123
130
113
112
119
119
127
111
110
118
120
130
112
117
107
118
114
119
144
104
119
120
114
114
120
116
127
118
150
120
143
107
118
117
107
130
135
109
98
118
114
111
125
122
128
122
117
126
106
122
103
121
100
99
113
124
130
120
120
123
99
120
125
90
123
121
120
107
119
118
102
101
115
111
108
112
128
123
134
120
115
136
116
124
110
113
133
115
119
130
113
95
97
125
113
136
128
107
116
147
110
117
124
126
110
121
110
111
117
117
123
114
124
124
135
109
115
115
116
134
130
105
116
102
128
132
101
108
113
113
125
111
100
126
94
101
108
117
118
121
129
116
121
101
111
107
109
122
112
116
121
108
129
109
111
118
135
122
122
123
111
112
135
106
109
121
112
132
118
115
122
126
113
102
118
122
93
110
111
113
113
132
103
108
118
108
101
102
134
114
128
118
131
115
123
134
118
117
122
113
112
121
127
135
111
114
116
105
114
120
118
104
125
109
119
109
108
121
124
129
112
106
111
125
119
133
112
106
122
103
109
117
117
116
118
120
95
95
97
120
125
126
113
141
108
123
122
111
112
106
125
127
121
104
123
112
112
114
127
105
113
107
125
115
109
145
107
114
121
125
109
109
91
123
120
104
122
117
110
122
126
111
123
104
109
99
108
124
85
132
121
110
100
123
108
108
116
103
115
101
108
96
113
119
125
105
120
101
106
96
102
121
104
111
108
117
103
92
101
94
105
120
103
125
100
101
128
93
107
135
101
120
96
106
112
105
94
112
108
93
110
100
112
94
130
116
116
114
113
121
106
108
115
113
116
119
106
99
92
110
105
116
130
127
109
105
99
104
106
97
97
117
123
111
126
119
119
109
95
92
114
91
113
109
122
111
92
100
112
107
114
118
99
115
117
96
105
101
110
86
96
122
130
112
121
105
97
106
112
114
125
130
107
111
97
125
137
95
113
127
119
110
120
106
102
108
97
126
116
109
104
105
110
102
114
114
118
104
122
118
100
127
104
111
117
109
103
97
101
112
115
108
114
118
108
103
110
111
106
103
129
102
110
106
95
98
101
116
107
121
91
92
113
107
100
106
117
116
89
108
107
92
112
119
113
99
107
96
104
104
118
107
92
121
102
125
105
122
95
113
105
90
119
109
100
120
104
109
114
108
100
97
115
101
92
124
107
98
100
98
101
122
111
85
107
129
123
125
101
107
83
121
117
101
123
98
89
101
108
100
123
107
106
111
104
111
119
103
96
114
99
98
124
98
88
109
110
102
92
108
105
103
81
113
95
118
104
102
118
103
113
107
101
83
122
105
103
104
105
98
98
105
117
117
109
104
128
98
120
111
106
107
111
104
111
108
92
97
111
105
91
105
97
101
104
108
118
106
101
124
93
118
119
107
103
109
110
119
108
108
125
107
103
95
101
119
110
90
115
101
102
113
103
106
99
96
96
103
114
97
100
128
108
118
113
108
95
100
111
91
109
119
108
108
113
75
94
109
99
113
114
103
108
104
87
92
102
107
106
93
112
125
99
106
110
110
107
101
105
92
119
119
95
97
98
126
92
88
100
88
114
91
106
112
129
112
107
109
107
107
94
109
96
95
108
97
73
107
99
98
81
101
87
125
101
88
82
107
89
121
89
129
105
105
110
93
111
97
105
103
112
105
110
104
110
98
92
98
96
96
101
113
112
107
94
110
113
97
110
98
107
101
97
93
92
95
93
119
97
103
106
108
103
89
104
87
97
86
89
105
132
99
104
106
93
103
93
94
96
90
99
109
106
102
106
91
109
90
82
81
99
109
108
92
120
118
84
99
84
79
98
100
100
97
113
102
109
101
110
110
97
116
95
89
100
100
101
111
121
106
79
103
94
105
103
115
96
120
89
94
97
100
94
102
89
122
95
100
92
97
111
96
92
91
115
94
93
121
94
108
93
108
109
87
108
113
98
96
91
90
99
100
105
103
99
101
114
109
80
103
103
83
113
87
103
116
83
95
105
97
94
95
88
98
94
88
97
94
80
117
103
90
112
98
98
91
111
103
84
90
107
101
78
84
91
100
100
85
92
89
85
87
106
115
102
94
90
119
93
85
101
87
111
102
105
94
97
99
87
124
93
101
103
109
92
119
91
107
106
83
94
92
99
91
89
104
104
96
89
118
86
110
100
90
98
111
99
105
85
104
93
82
91
88
90
98
97
98
87
109
89
83
87
90
113
88
78
85
97
89
102
101
101
92
106
105
85
86
102
88
84
93
104
82
102
92
79
92
106
104
109
99
99
100
109
95
103
94
93
95
94
90
94
86
96
90
97
99
94
83
107
101
95
110
87
93
84
84
94
88
103
93
91
80
111
98
81
93
100
94
91
97
79
102
92
100
80
90
93
107
79
104
90
121
113
97
96
103
93
92
91
94
97
87
87
102
100
96
93
78
107
87
107
96
74
79
77
98
99
93
96
86
90
78
81
89
107
102
85
87
94
94
95
106
83
98
103
90
117
98
94
98
91
85
95
89
112
96
91
93
86
96
83
71
97
112
85
99
93
98
87
90
88
87
103
108
75
88
101
101
93
94
85
71
95
91
90
85
98
98
97
89
67
99
90
100
82
89
102
103
87
99
93
88
103
91
88
90
81
88
108
92
94
99
108
78
98
98
87
92
81
84
90
95
89
87
75
78
103
107
102
87
81
96
99
96
91
107
77
92
79
89
72
80
92
92
86
75
95
74
79
87
84
72
105
97
97
80
124
83
100
92
83
83
85
93
92
93
97
97
97
92
95
106
87
96
83
104
94
103
91
110
82
95
101
98
104
89
100
107
79
93
77
97
92
95
96
80
97
104
76
78
94
85
80
99
82
96
122
98
95
80
84
93
91
96
95
90
99
92
90
92
66
84
86
80
81
91
93
107
82
71
98
80
101
88
100
96
76
81
115
104
95
81
79
85
91
83
77
76
89
102
86
96
86
89
88
90
84
93
111
89
90
78
84
94
87
87
79
85
79
79
105
73
84
85
107
96
98
82
89
92
87
83
106
100
89
87
91
97
98
82
87
80
110
84
89
91
90
90
104
84
77
101
93
89
87
87
74
100
91
96
82
95
85
99
84
84
92
84
68
85
95
83
84
102
75
83
103
90
73
71
91
78
99
96
81
96
98
84
72
110
83
92
91
101
90
90
101
78
91
87
74
97
81
78
66
92
97
88
69
88
80
91
70
76
69
98
86
88
82
102
101
74
104
103
78
83
110
89
85
65
84
90
77
78
78
74
79
103
68
88
85
84
84
83
99
86
73
85
72
93
71
106
93
79
82
88
87
94
83
80
69
75
88
93
90
96
94
89
77
85
69
81
77
102
95
72
84
72
96
86
77
93
91
81
76
72
94
87
79
85
88
96
95
88
84
94
83
75
73
94
83
85
83
87
85
85
82
88
71
87
83
90
101
78
104
79
80
101
77
83
91
108
81
95
92
78
95
96
96
84
92
83
87
103
97
74
83
92
74
72
87
84
81
94
72
80
87
73
73
90
84
90
82
75
88
70
89
91
77
96
85
86
83
90
78
80
90
85
86
77
81
87
83
83
80
75
66
56
78
73
84
84
74
76
90
88
78
72
88
84
97
101
73
80
80
81
90
85
76
80
84
72
89
83
73
92
89
86
77
81
83
81
84
80
63
83
82
88
87
66
77
86
95
73
94
86
78
72
89
94
71
69
80
85
79
91
67
88
83
95
69
79
68
83
89
93
85
77
99
76
78
88
78
79
86
73
102
91
78
81
80
63
73
89
85
84
96
89
94
84
76
87
87
80
96
93
81
78
80
66
74
84
83
82
78
87
108
99
90
76
89
80
72
87
80
81
78
67
86
84
97
75
83
91
68
77
72
75
96
100
73
77
91
96
73
83
75
69
78
86
78
66
74
108
83
79
68
62
95
84
69
76
70
82
75
83
73
93
81
71
91
77
84
70
75
75
79
69
61
72
84
87
84
66
79
81
73
81
82
86
70
80
66
69
80
61
86
75
69
77
74
92
85
84
69
69
84
79
71
71
91
83
73
92
87
76
70
99
77
84
81
98
74
66
100
70
88
94
99
68
64
73
68
88
81
63
90
83
80
90
84
78
74
80
68
70
82
72
76
91
81
85
64
62
93
88
76
85
63
76
101
66
91
74
75
63
61
81
93
74
98
74
99
78
89
71
76
67
82
88
91
66
77
63
86
80
95
77
80
85
60
77
83
89
66
80
88
85
88
73
61
60
72
83
79
72
76
81
78
66
90
78
76
80
70
80
56
71
77
88
75
86
70
91
84
81
83
76
84
74
77
96
68
82
93
58
78
77
79
74
87
78
87
87
84
77
57
74
74
63
88
77
81
67
62
70
70
85
65
78
63
64
82
90
63
79
79
78
75
65
74
79
79
73
92
78
77
74
80
71
86
81
68
77
60
84
74
92
75
80
83
77
94
97
73
93
81
71
90
78
74
78
81
65
93
87
61
77
78
62
78
85
82
85
84
75
84
77
96
86
75
79
75
73
72
73
87
62
66
69
78
90
81
77
74
77
96
81
70
70
96
68
67
76
81
92
73
77
73
79
68
80
79
66
62
82
72
78
70
70
78
62
86
93
74
93
89
70
80
91
81
80
80
83
78
67
96
82
70
76
81
73
82
82
90
66
78
69
74
77
70
83
71
69
87
63
68
69
71
78
88
73
77
73
76
68
81
74
66
81
80
91
67
76
80
58
66
71
78
76
70
69
84
91
78
76
77
78
80
74
82
68
69
78
78
67
81
74
64
75
65
83
61
77
73
68
58
60
72
85
73
63
68
76
68
74
76
79
74
84
83
88
85
73
80
87
71
80
87
76
79
69
72
66
66
77
66
81
76
65
88
83
68
77
71
79
66
76
71
75
73
60
67
63
86
66
67
69
93
59
65
72
71
66
71
69
77
69
73
79
64
82
85
85
78
62
82
80
109
87
79
72
69
83
72
62
67
78
82
80
61
67
75
80
90
62
75
62
80
67
70
74
72
66
80
76
66
60
72
68
73
61
56
67
74
75
66
67
79
65
83
69
73
70
73
66
78
75
76
57
80
72
67
69
64
63
74
81
59
86
70
70
66
70
70
63
74
80
73
64
67
69
84
72
72
67
74
79
76
71
59
78
88
69
70
84
64
91
80
75
74
79
65
64
78
75
71
71
80
80
82
74
69
59
68
66
70
60
76
69
54
75
75
71
70
60
78
76
66
66
79
64
61
78
58
67
64
81
73
61
76
73
88
95
74
66
76
81
55
87
66
61
64
75
85
59
69
75
82
63
59
65
55
81
63
70
74
60
67
69
74
64
84
69
73
69
72
72
70
72
69
74
64
52
74
90
80
71
79
63
56
70
68
61
68
65
77
81
78
57
62
68
69
88
70
86
64
62
63
62
57
59
60
56
60
68
63
69
77
60
74
75
75
83
64
76
76
74
64
79
76
63
83
73
65
53
69
60
76
83
74
60
62
70
59
85
85
66
59
80
75
62
85
65
76
61
64
77
77
79
74
77
66
72
73
61
65
69
75
65
55
74
82
72
66
71
58
79
72
60
82
67
82
46
74
73
53
59
67
65
62
65
82
86
57
77
70
66
65
83
69
75
85
70
72
61
72
56
77
64
70
67
82
70
72
67
59
65
61
87
71
85
73
51
59
76
75
61
64
77
71
74
61
68
63
63
68
78
61
55
65
63
61
62
72
55
76
69
79
68
70
77
58
82
69
65
72
66
76
82
59
72
56
46
62
74
76
76
81
73
61
70
79
69
69
67
76
67
67
64
82
64
69
85
57
55
61
76
70
70
79
77
60
79
55
53
56
70
73
55
79
73
56
54
55
58
59
77
62
65
59
56
68
65
78
81
63
64
65
64
69
56
63
57
72
61
77
65
69
67
66
61
64
72
66
75
58
50
54
67
54
60
60
87
46
69
66
60
66
73
72
68
61
65
72
72
67
62
60
66
68
63
71
68
68
57
71
55
70
60
76
68
68
76
49
66
65
60
73
62
79
65
67
76
64
62
72
67
69
75
62
70
73
64
68
64
51
74
49
59
60
69
71
72
59
62
61
66
69
68
61
73
67
62
71
60
69
50
58
64
65
69
59
59
76
64
63
62
59
72
48
64
61
63
69
76
64
73
61
57
82
57
58
74
65
60
63
67
77
67
73
78
56
61
66
74
66
48
70
61
64
52
64
68
58
61
50
64
65
80
62
55
52
60
75
58
65
68
72
61
52
62
67
55
61
81
62
49
67
77
65
50
63
64
55
62
79
72
50
59
62
67
59
48
56
55
64
58
70
53
56
81
77
49
75
73
73
75
73
49
69
49
84
78
60
68
55
55
55
59
80
61
53
61
66
53
66
71
59
54
45
63
69
57
62
44
52
64
56
60
63
56
71
61
73
68
78
73
64
57
66
55
63
53
78
56
64
53
73
51
74
56
65
59
71
51
62
66
65
70
68
58
54
74
57
69
50
61
51
52
61
65
57
57
78
60
63
53
75
59
61
67
72
56
54
67
70
60
64
66
65
68
63
71
52
59
55
71
52
51
56
72
61
69
64
54
76
68
59
47
55
52
51
67
67
66
58
65
70
51
58
71
66
65
71
66
58
70
57
69
71
64
58
58
69
61
75
68
51
66
76
67
62
64
62
60
65
53
58
67
59
67
58
54
64
60
60
67
51
52
67
55
80
59
55
56
69
56
56
58
54
57
73
61
53
64
59
67
59
65
61
66
67
62
55
68
56
58
65
58
41
64
63
63
69
66
58
63
63
45
62
64
57
67
67
74
58
73
68
54
72
59
49
63
66
64
61
60
57
54
72
60
68
59
62
58
63
63
59
67
45
71
54
58
59
45
55
50
65
56
66
54
71
45
66
59
74
60
67
78
58
80
67
52
51
61
65
64
59
54
68
65
56
64
64
55
70
62
49
56
58
74
80
59
74
63
57
71
53
55
54
60
47
64
60
46
85
55
65
62
72
64
58
62
62
62
65
71
67
52
56
66
53
61
58
77
65
62
61
62
48
59
50
62
63
65
66
60
60
64
51
50
51
57
58
64
69
46
77
55
58
76
55
59
60
65
68
56
55
42
74
68
69
62
63
57
65
65
57
49
62
59
67
59
49
66
59
68
58
61
63
56
72
52
58
50
50
50
61
57
52
64
63
47
59
46
65
57
63
59
49
63
53
52
58
59
46
63
58
65
60
65
54
48
62
65
49
72
55
58
58
50
60
61
54
68
59
69
49
61
52
47
67
57
65
66
53
71
52
45
63
61
62
60
49
62
47
52
51
66
53
71
72
52
48
71
62
55
59
56
61
68
47
54
51
66
55
67
57
65
56
56
60
52
58
63
54
53
66
66
54
58
49
57
63
57
61
58
54
83
49
63
58
61
63
57
57
50
53
64
48
54
51
64
42
51
47
53
51
63
59
71
58
68
51
52
52
70
47
70
37
61
70
48
54
60
64
61
42
68
55
58
62
50
55
60
55
69
51
55
55
57
61
58
34
62
61
50
45
68
54
56
53
60
42
66
59
43
55
59
52
50
49
57
54
63
56
56
56
57
57
55
56
68
61
58
54
53
64
59
57
57
46
44
55
52
50
62
50
43
55
42
55
65
62
53
50
44
53
45
62
49
51
62
63
52
59
44
52
53
56
54
76
44
50
47
50
46
42
63
66
55
53
55
69
54
64
51
46
55
40
57
58
60
53
53
65
46
57
61
60
55
67
50
68
66
71
55
65
52
43
52
47
53
53
58
57
50
42
58
54
61
51
59
63
39
53
55
52
61
45
58
48
38
50
44
66
60
54
61
53
72
53
60
65
51
61
52
46
52
52
51
57
49
47
45
55
50
57
64
56
46
59
67
40
53
51
50
51
58
47
55
66
54
40
55
61
53
47
56
54
55
57
48
54
59
53
55
54
51
51
63
46
54
55
57
48
46
51
51
54
59
48
45
43
45
52
49
64
56
51
50
44
58
47
49
43
54
51
46
56
38
56
45
45
68
49
49
64
64
66
44
61
56
43
58
48
59
50
59
54
42
45
64
57
49
55
45
56
56
61
46
58
70
64
51
51
54
50
62
65
55
63
56
63
60
47
50
49
53
42
57
48
55
43
50
49
49
61
52
53
48
48
60
55
55
49
50
71
49
60
57
52
59
37
49
53
55
43
66
50
57
48
60
49
43
53
49
61
47
54
47
56
52
45
51
58
52
48
57
60
50
53
52
45
45
54
67
52
60
57
45
43
47
69
50
53
46
48
38
46
52
46
52
45
48
48
45
58
58
43
38
50
51
56
54
52
53
56
34
46
48
40
54
60
59
66
49
61
64
45
46
63
44
57
53
52
57
47
53
40
51
53
52
49
52
45
48
56
58
54
48
42
46
48
60
44
47
41
43
47
41
58
65
61
45
51
44
56
46
54
51
44
43
40
53
50
54
61
54
54
59
44
57
50
43
64
51
51
52
38
40
54
50
51
53
57
67
48
42
44
50
42
41
50
43
61
62
47
55
42
58
38
66
47
76
52
60
43
56
58
55
44
49
46
50
44
59
56
46
61
44
50
47
56
31
43
58
43
57
56
61
47
57
55
50
44
45
46
39
54
43
45
43
37
47
50
37
59
42
44
52
63
62
44
43
54
47
48
61
45
47
53
51
60
54
44
46
63
46
50
67
48
57
48
54
53
58
45
38
38
49
55
60
55
67
41
57
56
47
46
49
57
53
49
38
51
48
42
46
53
51
56
41
42
55
51
51
36
53
53
48
43
36
37
54
50
38
43
50
51
48
42
54
45
62
52
42
47
60
42
56
50
47
48
36
45
47
49
54
45
47
52
40
38
58
44
50
62
56
42
41
56
58
42
58
46
45
62
43
40
49
51
42
43
54
37
38
74
47
49
44
45
37
41
51
50
53
37
42
56
40
54
57
46
61
52
36
52
51
54
46
65
51
41
57
50
46
48
47
57
44
49
45
61
44
58
36
62
41
39
52
44
48
52
64
41
47
48
46
55
50
44
51
43
60
54
47
49
41
51
66
46
51
50
52
52
53
45
48
40
49
45
51
57
52
47
44
51
51
50
48
56
54
46
46
38
64
42
40
46
40
50
51
49
41
45
42
50
51
44
35
60
48
54
48
51
46
48
48
42
53
51
49
39
47
50
49
53
45
39
47
39
46
46
46
50
53
45
57
43
47
56
53
45
47
42
46
56
52
48
46
41
50
41
39
49
43
55
37
39
49
49
59
39
60
44
56
43
49
34
46
46
47
40
37
56
47
44
51
43
46
55
43
40
51
44
49
44
41
41
41
45
55
49
42
45
51
38
42
49
46
55
45
45
48
51
50
38
47
50
44
54
45
48
50
47
44
51
51
39
47
50
55
33
33
59
51
53
49
44
45
52
47
54
51
36
43
46
45
43
44
36
49
52
40
38
49
50
52
45
52
49
48
37
25
48
33
44
52
46
46
53
51
52
51
39
46
46
45
41
51
53
38
42
45
50
41
42
49
42
33
42
54
45
46
45
50
47
39
50
48
43
39
45
39
32
46
52
51
57
33
42
39
55
49
52
46
44
55
45
42
45
42
45
39
52
50
32
45
56
51
55
46
37
46
38
45
55
40
45
42
55
33
44
56
52
49
48
52
42
34
50
50
48
51
37
41
49
42
50
59
43
41
39
41
43
51
40
44
39
52
49
45
38
48
43
45
43
51
54
56
45
52
37
51
44
62
44
41
45
41
55
39
61
32
47
37
53
43
38
37
58
50
47
47
28
35
49
46
51
41
35
47
56
35
57
44
45
50
46
47
55
50
34
34
39
44
42
35
55
58
54
39
39
62
52
44
48
42
43
29
41
44
44
35
46
40
59
50
46
37
42
45
38
44
26
47
48
43
50
47
48
56
53
54
36
40
41
36
48
42
44
39
41
39
37
60
52
37
38
38
44
50
51
50
42
42
36
60
45
43
51
41
28
37
36
51
39
41
49
47
50
36
44
41
54
47
47
37
33
54
53
40
54
31
32
41
46
52
34
50
51
42
47
33
47
39
49
44
50
43
53
47
38
39
36
33
43
38
34
51
46
45
42
42
41
44
53
57
40
47
45
52
39
35
53
44
42
49
43
54
45
60
45
45
46
52
33
35
39
39
48
36
53
41
38
40
55
29
40
43
48
46
40
34
49
56
40
58
46
42
47
39
50
43
52
42
54
40
38
41
52
37
57
32
49
48
48
50
42
38
52
42
39
42
48
37
35
35
36
51
38
38
51
37
54
39
49
35
43
39
52
42
49
36
39
46
37
51
54
45
50
29
33
49
44
52
47
41
37
48
46
44
46
28
49
37
53
34
50
42
32
34
30
49
37
41
37
29
49
47
47
39
43
39
40
39
42
32
44
44
39
49
45
33
38
42
32
29
54
44
49
44
43
42
42
36
49
44
45
36
44
48
39
43
41
49
38
42
39
40
32
25
48
22
49
38
37
45
42
38
42
36
42
42
34
34
43
39
52
42
54
32
41
41
39
42
56
41
39
46
49
31
48
37
28
38
49
44
49
32
47
35
41
34
35
48
40
48
44
40
36
41
41
38
40
51
45
42
46
40
31
44
33
46
36
33
35
41
38
44
34
55
40
42
50
26
42
42
41
43
45
47
32
48
39
51
54
35
41
37
37
27
40
35
49
34
34
42
53
40
50
52
41
54
38
34
45
41
38
48
41
45
39
31
26
39
36
36
40
47
52
41
43
54
43
46
37
34
36
41
37
34
41
37
49
42
44
40
34
48
43
38
29
43
35
37
37
36
48
41
34
45
39
41
41
45
35
32
29
44
40
48
37
46
44
52
27
37
51
35
44
39
40
51
47
30
37
31
49
44
41
32
39
38
32
37
44
31
37
39
41
43
54
39
33
42
35
44
46
39
49
29
48
37
41
37
31
34
39
37
51
52
26
41
36
39
27
36
42
37
44
43
35
27
37
46
33
37
36
41
42
29
48
34
33
41
40
42
40
37
40
29
30
44
45
49
36
32
38
45
28
35
40
48
49
37
39
29
34
29
34
32
42
20
45
41
34
42
47
33
29
39
48
34
46
38
45
33
40
40
32
46
35
36
43
25
47
42
35
46
48
35
35
29
38
41
37
29
43
46
40
31
45
31
39
54
43
52
40
31
43
44
26
36
40
42
40
50
34
36
37
44
36
31
36
32
47
43
41
34
46
38
47
42
40
31
40
39
42
40
32
42
32
40
38
38
37
44
40
39
38
52
38
34
42
38
42
40
42
41
52
34
46
31
38
42
38
39
37
31
57
46
44
42
38
33
37
31
55
26
48
46
33
39
39
21
31
39
29
42
43
37
49
42
44
37
37
40
42
38
31
34
27
34
41
35
39
39
33
44
41
28
40
29
30
33
46
34
46
33
48
31
31
31
47
31
37
39
48
32
37
57
40
30
38
42
36
36
41
