160693
671434
126629
4217
610
472
571
539
518
521
539
526
515
515
511
517
586
534
521
522
530
541
493
505
531
477
541
500
498
478
493
513
547
499
504
490
496
500
478
509
492
495
492
491
495
501
515
500
466
469
475
483
495
472
471
462
489
464
482
463
416
449
443
472
478
458
474
453
471
452
427
435
461
482
474
457
440
454
447
499
479
455
444
446
433
501
434
450
466
429
456
458
460
467
433
434
437
451
447
469
481
444
430
473
433
439
435
470
417
413
468
462
456
407
427
446
437
463
437
455
452
438
438
440
436
453
449
450
458
446
432
438
460
454
452
445
461
405
418
478
405
436
442
429
421
445
439
449
462
431
451
417
429
423
461
450
465
429
460
447
459
421
429
423
432
493
453
466
417
436
455
446
443
455
475
461
461
474
448
451
406
460
479
477
481
434
495
508
506
470
477
463
461
458
435
444
456
481
459
449
458
463
452
469
457
470
463
465
510
449
463
469
493
495
481
494
486
494
457
495
517
482
467
517
505
479
515
486
507
496
498
501
493
441
507
520
473
516
462
517
489
466
485
503
492
530
466
514
490
434
481
542
499
469
451
528
505
494
465
484
478
474
499
504
489
508
461
496
511
521
510
516
488
525
512
501
515
505
499
512
513
551
543
558
515
519
553
537
551
502
529
561
510
532
571
573
563
578
596
537
528
577
585
578
605
569
592
637
612
659
640
629
655
670
660
679
646
663
624
691
644
665
673
620
661
695
659
653
695
685
683
682
642
643
663
664
736
652
644
628
659
673
687
636
654
639
664
640
638
675
657
668
599
635
645
610
593
650
657
669
616
618
615
657
578
630
614
581
628
592
595
587
582
582
613
612
595
585
616
587
584
577
557
586
608
593
581
549
652
568
605
579
576
574
563
565
533
581
568
526
533
586
558
576
581
564
500
534
528
523
517
554
572
506
503
533
538
513
528
544
517
545
508
500
545
538
524
519
570
491
505
515
516
506
514
481
502
483
484
536
500
484
470
476
487
517
498
489
494
490
457
522
466
518
465
476
478
531
450
475
507
461
495
482
487
504
451
462
455
475
462
489
480
455
449
488
455
487
472
455
432
450
489
474
480
460
463
434
460
468
442
435
447
459
453
462
462
462
468
452
454
440
468
456
436
400
472
418
435
448
482
472
449
442
480
494
435
483
506
436
415
428
447
438
414
460
464
470
450
502
450
442
433
445
423
459
453
443
457
437
453
471
421
467
450
421
473
428
483
428
470
450
446
463
449
482
443
461
445
455
431
448
434
426
412
415
418
462
407
433
463
439
478
424
453
462
414
425
452
430
484
444
426
389
415
476
456
417
454
462
405
426
451
428
431
447
421
414
434
433
415
450
431
434
457
463
413
411
439
413
433
413
450
389
401
404
411
425
458
418
435
391
375
406
431
391
395
381
418
396
411
380
377
411
400
356
357
408
389
387
359
373
376
365
364
364
395
352
357
329
366
328
322
363
329
316
328
328
326
302
319
300
300
319
315
329
300
313
266
308
281
271
299
304
283
307
279
303
266
269
293
243
258
243
265
255
259
247
253
218
229
252
224
229
240
239
231
202
230
217
184
241
191
192
206
199
221
205
178
229
201
199
202
184
200
198
199
197
183
195
186
201
162
190
161
190
169
182
185
166
170
174
163
173
173
168
184
173
198
188
165
182
153
176
191
186
170
166
163
196
180
194
173
168
166
174
193
194
186
168
171
180
169
154
175
159
174
185
157
150
172
177
167
169
151
166
188
186
183
195
180
175
179
179
181
200
165
187
184
193
169
170
187
173
192
160
189
207
175
193
179
205
204
211
172
196
209
215
213
224
206
223
234
226
260
229
221
220
229
216
236
223
247
256
256
272
252
263
260
274
262
273
289
287
287
290
310
312
309
287
346
344
339
327
324
361
349
383
349
380
333
406
364
385
392
434
440
432
418
435
468
449
520
473
495
500
519
539
581
607
590
561
619
604
669
644
683
697
716
716
764
773
796
821
902
895
895
927
943
964
1077
1040
1054
1090
1098
1203
1131
1186
1255
1265
1304
1372
1363
1441
1398
1419
1499
1609
1526
1628
1633
1653
1774
1813
1717
1763
1811
1766
1862
1889
1971
1962
1957
1974
2013
2030
2013
2043
2041
2017
2029
2101
2123
2052
2104
2103
2122
2117
2081
2166
2153
2046
2054
2044
1953
2043
1992
1929
1939
1986
1914
1959
1870
1937
1899
1873
1860
1790
1730
1753
1727
1655
1584
1607
1514
1501
1548
1451
1454
1412
1357
1330
1388
1198
1249
1184
1156
1220
1138
1136
1049
983
970
937
900
902
841
841
811
754
690
754
738
686
682
586
607
629
585
554
525
503
494
486
468
424
443
423
414
370
369
366
325
343
326
334
291
293
267
271
265
262
259
237
225
229
207
208
200
204
196
182
213
170
155
192
160
127
156
178
156
144
150
135
143
143
135
132
128
138
140
136
124
124
123
104
139
140
123
115
105
126
114
121
130
115
115
106
110
125
111
111
111
116
133
101
102
134
134
118
105
115
117
122
121
102
119
114
103
120
112
104
134
125
116
123
120
111
103
114
114
118
106
107
124
88
131
118
98
112
99
116
109
111
120
112
98
109
112
98
95
123
124
104
110
130
117
106
112
101
116
106
92
118
100
109
106
96
137
103
113
106
107
100
125
130
90
105
104
115
123
118
114
125
85
114
128
97
106
109
105
130
95
107
119
110
114
93
107
108
104
99
128
113
119
86
96
111
91
98
117
98
102
114
118
110
90
104
112
110
116
102
114
133
102
86
110
118
121
116
108
104
98
106
106
110
108
96
115
112
111
97
112
101
99
111
105
106
111
104
95
101
113
108
119
92
90
103
102
102
96
123
97
115
94
108
92
103
105
103
118
85
117
78
93
100
107
111
104
112
92
140
99
89
101
109
89
110
95
102
107
110
107
114
100
107
100
90
92
93
114
89
98
103
105
107
102
105
85
98
107
109
72
100
117
95
102
103
113
110
97
115
107
101
95
108
106
90
110
97
103
99
117
99
97
78
110
85
94
83
103
89
100
97
108
84
105
100
110
94
97
101
88
89
98
99
104
96
120
95
96
79
82
110
97
101
90
107
92
79
102
97
108
95
107
82
109
97
90
85
102
96
86
70
79
95
92
101
88
86
101
106
108
107
88
112
103
94
83
96
103
100
104
88
107
116
99
91
97
89
83
77
102
83
91
106
106
86
99
85
86
103
102
85
100
76
100
83
77
90
100
88
108
100
118
83
101
94
86
90
103
76
106
98
100
96
106
122
95
92
91
82
108
97
92
91
95
91
100
100
86
107
94
94
109
83
93
101
99
118
84
98
91
88
88
112
122
102
86
93
94
92
90
99
90
93
94
85
85
116
96
88
100
102
97
96
106
100
102
97
96
91
84
115
96
84
116
93
92
90
101
94
99
96
88
108
98
106
92
115
96
105
88
86
105
96
109
91
89
118
102
96
106
116
117
100
97
100
109
98
89
98
88
102
81
95
96
96
105
95
103
109
91
86
127
96
106
90
94
101
99
82
99
103
89
103
101
110
105
91
104
93
99
105
104
95
112
110
102
97
106
72
124
95
111
103
99
94
102
107
101
89
122
130
96
101
115
106
110
95
106
94
107
106
111
123
100
113
108
99
93
124
90
98
113
97
96
99
108
99
92
104
102
96
112
111
99
104
111
107
114
94
112
114
109
100
121
109
116
102
112
97
111
116
113
109
91
119
105
117
125
95
122
137
107
99
132
105
110
100
107
108
109
116
114
128
117
118
101
113
108
124
110
106
91
105
101
107
113
120
116
98
101
100
125
108
91
91
76
113
115
94
124
87
109
113
91
87
80
112
93
85
95
111
99
94
119
95
91
82
95
87
90
97
112
92
92
100
84
81
93
87
86
77
93
78
74
80
95
69
78
94
83
87
78
65
78
64
79
71
76
70
79
84
56
79
62
56
71
68
67
54
63
58
66
58
51
62
59
53
43
62
49
32
46
42
41
43
32
42
57
40
40
41
41
40
35
35
39
39
37
36
28
20
42
34
26
33
27
26
30
25
22
25
28
19
19
25
26
20
17
27
21
23
19
21
20
19
23
23
20
17
24
11
16
18
22
11
7
12
26
17
11
15
11
10
12
9
19
18
15
17
18
15
6
16
14
14
20
16
12
16
13
14
20
21
16
25
15
17
7
16
18
15
24
25
22
21
20
19
28
21
22
35
29
43
25
36
42
34
31
30
53
30
28
45
41
53
53
55
56
58
62
62
60
66
74
74
73
75
57
86
101
84
81
113
101
104
99
105
112
133
130
131
125
156
150
138
147
160
187
145
141
175
174
190
165
175
183
211
202
220
197
199
246
229
236
244
259
231
249
259
208
221
253
196
218
255
257
235
234
247
226
228
213
277
237
229
254
250
246
216
238
205
228
213
211
237
233
203
211
214
219
220
187
203
198
169
166
176
167
154
166
149
136
143
137
157
117
142
122
98
111
130
93
113
97
116
102
92
110
78
86
84
96
67
56
70
64
52
62
58
60
39
50
40
36
34
32
32
35
31
31
34
31
40
26
17
20
26
20
19
15
17
22
18
15
18
11
10
8
8
8
8
11
6
18
15
12
2
10
3
7
2
5
9
5
6
6
2
7
3
3
5
4
2
1
7
4
4
3
2
4
3
3
1
1
1
1
4
2
2
2
2
1
1
3
2
1
3
0
3
4
1
0
0
0
2
0
0
0
1
1
2
1
0
0
0
0
1
1
2
1
2
2
2
0
2
4
1
1
1
0
1
1
1
2
2
2
0
1
0
0
2
1
2
0
0
1
0
4
0
1
1
1
1
2
2
0
1
1
2
0
1
2
3
0
1
3
2
1
2
0
1
0
0
0
2
1
1
0
0
1
2
2
0
0
1
4
2
1
3
2
2
0
1
0
2
2
0
1
1
1
1
0
0
1
2
0
3
4
1
1
3
1
2
1
2
0
0
2
0
0
1
1
1
0
1
0
1
0
0
0
2
0
1
0
1
0
0
0
0
0
0
0
2
0
2
1
1
1
1
1
0
2
1
0
1
0
0
0
1
0
2
1
2
0
1
0
1
0
1
0
2
0
1
0
0
0
0
0
0
0
0
0
2
0
0
0
0
0
0
0
0
0
0
0
0
1
0
0
0
0
0
1
1
0
1
0
0
0
0
0
1
0
0
0
1
0
0
0
0
1
0
0
0
0
1
0
1
2
0
1
1
1
0
1
1
0
2
1
0
1
1
0
2
0
2
1
1
0
2
1
3
2
0
1
0
2
1
2
2
1
2
1
0
2
1
3
0
1
2
1
0
2
0
4
0
0
2
0
0
0
0
2
1
1
1
0
0
0
1
0
0
1
0
1
0
1
1
1
0
0
0
0
0
1
0
0
0
2
1
2
1
0
1
0
1
0
1
0
0
0
1
0
0
0
0
0
0
0
0
1
0
0
0
0
1
0
0
1
0
0
0
0
0
0
0
0
0
0
0
0
1
0
0
0
0
0
0
0
0
0
0
0
0
0
0
0
0
0
0
0
0
0
0
0
0
0
0
1
0
0
0
0
0
0
0
0
0
0
0
0
0
0
0
0
0
0
0
0
0
0
0
0
0
0
0
0
0
0
0
0
0
0
0
0
0
0
0
0
0
0
0
0
0
0
0
0
0
1
0
1
0
0
0
0
0
0
0
0
0
0
1
0
0
0
0
0
0
0
0
0
0
0
0
0
0
0
0
0
0
0
0
0
0
0
0
1
0
0
0
0
0
0
0
0
0
0
0
0
0
0
0
0
0
0
0
1
0
0
0
0
0
0
0
0
0
0
1
0
0
0
0
0
0
0
0
0
0
0
0
0
0
0
0
0
0
0
0
0
0
0
0
0
0
0
0
0
1
0
0
0
0
0
0
0
0
0
0
0
0
0
0
0
0
0
0
0
0
0
0
0
0
0
0
0
0
0
0
0
0
0
0
0
0
0
0
0
0
0
0
0
0
0
0
0
0
0
0
0
0
0
0
1
0
0
0
0
0
0
0
0
0
0
0
0
1
0
0
0
0
0
0
0
0
0
0
0
0
0
0
0
0
0
0
0
0
0
0
0
0
0
0
0
0
0
0
0
0
0
0
0
1
0
0
0
0
0
0
0
0
0
0
0
0
0
0
0
0
0
0
0
0
0
0
0
0
0
0
0
0
0
0
0
0
0
0
0
0
0
0
0
0
0
0
0
0
0
0
0
0
0
0
0
0
0
0
0
0
0
0
0
0
0
0
0
0
0
0
0
0
0
0
1
0
0
0
0
0
0
0
0
0
0
0
0
0
0
0
0
0
0
0
0
1
0
0
0
0
0
0
0
0
0
0
0
0
0
0
0
0
0
0
0
0
0
0
0
0
1
0
0
0
0
0
0
0
0
0
0
0
0
0
0
0
0
0
0
0
0
0
0
0
0
0
0
0
0
0
1
0
0
0
0
0
0
0
0
0
0
0
0
0
0
0
0
0
0
1
0
0
0
0
0
0
0
1
0
0
0
0
1
0
0
0
0
0
0
0
0
0
0
0
0
0
0
0
0
0
0
0
0
0
0
0
0
0
0
0
0
0
0
0
0
0
0
0
0
0
0
0
0
0
0
0
0
0
0
0
0
0
0
0
0
0
0
0
0
0
0
0
0
0
0
0
0
0
0
0
0
0
0
0
0
0
0
0
0
0
0
0
0
0
0
0
0
0
0
0
0
0
0
0
0
0
0
0
0
0
0
0
0
0
0
0
0
0
0
0
0
0
0
0
0
0
0
0
0
0
0
0
0
0
0
0
0
0
0
0
0
0
0
0
0
0
0
0
1
0
0
0
0
0
0
0
0
0
0
0
0
0
0
0
0
0
0
0
0
0
0
1
0
0
0
0
0
0
0
0
0
0
0
0
0
0
0
0
0
0
0
0
0
0
0
0
0
0
0
0
0
0
0
0
0
0
0
0
0
0
0
0
0
0
0
0
0
0
0
0
0
0
0
0
0
0
0
0
0
0
0
0
0
0
0
0
0
0
0
0
0
0
0
0
0
0
0
0
0
0
0
0
0
0
0
0
0
0
0
0
0
0
0
0
0
0
0
0
0
0
0
0
0
0
0
0
0
0
0
0
0
0
0
0
0
0
0
0
0
0
0
0
0
0
0
0
0
0
0
0
0
0
0
1
0
0
0
0
0
0
0
0
0
0
1
0
0
0
0
0
0
0
0
0
0
0
0
0
0
0
0
0
0
0
0
0
0
0
0
0
0
0
0
0
0
0
0
0
0
0
0
0
0
0
0
0
0
0
0
0
0
0
0
0
0
0
0
0
0
0
0
0
0
0
0
0
0
0
0
0
1
0
0
0
0
0
0
0
0
0
0
0
0
0
0
0
0
0
1
0
0
0
0
0
0
0
0
0
0
0
0
0
0
0
0
0
0
0
0
0
0
0
0
0
0
0
0
0
0
0
0
0
0
0
0
0
0
0
0
0
0
0
0
0
0
0
0
0
0
0
0
0
0
0
0
0
0
0
0
0
0
0
0
0
0
0
0
0
0
0
0
0
0
0
0
0
0
0
0
0
0
0
0
0
0
0
0
0
0
0
0
0
0
0
0
0
0
0
0
0
0
0
0
0
0
0
0
0
0
0
0
0
0
0
0
0
0
0
0
0
0
0
0
0
0
0
0
0
0
0
0
0
0
0
0
0
0
0
0
0
0
0
0
0
0
0
0
0
0
0
0
0
0
0
0
0
0
0
0
0
0
0
0
0
0
0
0
0
0
0
0
0
0
0
0
0
0
0
0
0
0
0
1
0
0
0
0
0
0
0
0
1
0
0
0
0
0
0
0
0
0
0
0
0
0
0
0
0
0
0
0
0
0
0
0
0
0
1
0
0
0
0
0
0
0
0
0
0
0
0
0
0
0
0
0
1
0
0
0
0
0
0
0
0
0
0
0
0
0
0
0
0
0
0
0
0
0
0
0
0
0
0
0
0
0
0
0
0
0
0
0
0
0
0
0
0
0
0
0
0
0
0
0
0
0
0
0
0
0
0
0
0
0
0
0
0
0
0
0
0
0
0
0
0
0
0
0
0
0
0
0
0
0
0
0
0
0
0
1
0
0
0
0
0
0
0
0
0
0
0
0
0
0
0
0
0
0
0
0
1
0
0
0
0
0
0
0
0
0
0
0
0
0
0
0
0
0
0
0
0
0
0
0
0
0
0
0
0
0
0
0
0
0
0
0
0
0
0
0
0
0
0
0
0
0
0
0
0
0
0
0
0
0
0
0
0
0
0
0
0
0
0
0
0
0
0
0
0
0
0
0
0
0
0
0
0
0
0
0
0
0
0
0
0
0
0
0
0
0
0
0
0
0
0
0
0
0
0
0
1
0
0
0
0
0
0
0
0
0
0
0
0
0
0
0
0
0
0
0
0
0
0
0
0
0
0
0
0
0
0
0
0
0
0
0
0
0
0
0
0
0
0
0
0
0
0
0
1
0
0
0
0
0
0
0
0
0
0
0
0
0
0
0
0
0
0
0
0
0
0
0
0
0
0
0
0
0
0
0
0
0
0
0
0
0
0
0
0
0
0
0
0
0
0
0
0
0
0
0
0
0
0
0
0
0
0
0
0
0
0
0
0
0
0
0
0
0
0
0
0
0
0
0
0
0
0
0
0
0
0
0
0
0
0
0
0
0
0
0
0
0
0
0
0
0
0
0
0
0
0
0
0
0
0
0
0
0
0
0
0
0
0
0
0
0
0
0
0
0
0
0
0
0
0
0
0
0
0
0
0
0
0
0
0
0
0
0
0
0
0
0
0
0
0
0
0
0
0
0
0
1
0
0
0
0
0
0
0
0
0
0
0
0
0
0
0
0
0
0
0
0
0
0
0
0
0
0
0
0
0
0
0
0
0
0
0
0
0
0
0
0
0
0
0
0
0
0
0
0
0
0
0
0
0
0
0
0
0
0
0
0
0
0
0
0
0
0
0
0
0
0
0
0
0
0
0
0
0
0
0
0
0
0
0
0
0
0
0
0
0
0
0
0
0
0
0
0
0
0
0
0
0
0
0
0
0
0
0
0
0
0
0
0
0
0
0
0
0
0
0
0
0
0
0
0
0
0
0
0
0
0
0
0
0
0
0
0
0
0
0
0
0
0
0
0
0
0
0
0
0
0
0
0
0
0
0
0
0
0
0
0
0
0
0
0
0
0
0
0
0
0
0
0
0
0
0
0
0
0
0
0
0
0
0
0
0
0
0
0
0
0
0
0
0
0
0
0
0
0
0
0
0
0
0
0
