0
0
0
0
0
0
0
0
0
0
357
469
457
450
504
467
502
470
484
458
467
432
502
466
486
473
501
476
472
466
468
428
426
500
449
503
417
457
447
493
460
465
441
443
422
465
475
414
457
466
481
461
443
418
461
418
439
449
445
420
421
409
449
424
444
429
462
415
423
426
437
440
420
448
416
432
457
437
438
440
487
463
431
434
432
409
384
374
441
439
453
465
450
434
430
409
446
420
420
408
408
443
426
430
436
403
416
457
458
446
393
469
459
453
403
385
473
439
447
449
427
423
460
409
383
432
433
464
440
455
414
418
397
400
415
417
406
436
431
408
445
397
428
387
418
437
399
428
425
420
425
411
412
414
435
405
397
386
434
402
396
424
444
432
446
424
428
440
443
425
385
410
421
433
396
430
426
402
425
405
445
433
406
402
419
401
418
421
431
409
468
460
406
428
418
429
427
421
422
397
427
425
401
421
449
389
402
400
433
426
413
401
403
422
428
418
431
402
435
446
380
408
418
454
384
415
424
409
415
447
420
390
413
458
390
400
442
418
414
383
412
383
400
423
413
450
386
414
418
412
397
439
412
430
371
404
439
361
409
418
437
406
407
393
380
405
388
418
417
413
396
382
395
413
423
421
445
402
413
360
397
402
415
431
389
410
400
394
374
411
378
412
358
425
403
409
407
402
417
454
391
433
428
401
419
416
396
410
375
397
393
422
449
381
405
432
406
407
381
383
412
391
406
379
400
415
398
404
420
372
418
383
401
439
396
411
427
398
402
422
420
426
428
394
415
380
394
422
416
417
387
395
383
406
446
383
418
396
391
385
376
389
381
424
395
391
392
409
414
355
391
425
382
355
393
406
411
411
378
423
400
388
385
391
400
395
405
408
386
396
372
407
388
359
372
369
420
367
379
391
382
400
414
408
391
373
371
370
366
383
388
391
360
368
381
410
377
383
384
398
379
352
383
402
395
423
400
408
398
404
363
359
385
365
349
384
401
409
397
415
450
429
394
373
427
378
392
386
404
408
377
399
371
404
398
426
396
392
384
384
368
397
404
392
370
411
389
397
405
392
375
406
376
418
426
398
375
415
439
406
355
376
379
388
363
349
398
432
378
384
429
386
405
392
369
358
367
384
364
404
390
369
393
378
390
411
375
376
398
396
413
378
385
388
383
395
416
386
366
395
391
376
389
411
373
369
382
392
366
376
370
346
386
383
411
393
359
377
380
391
369
372
375
358
394
414
372
381
400
368
375
376
372
379
413
392
378
381
429
383
394
385
393
368
393
414
362
412
384
377
371
418
366
387
362
373
403
352
372
372
338
395
376
392
391
389
366
397
382
349
379
385
382
383
361
390
389
406
394
378
387
371
404
347
388
397
396
361
363
376
387
372
382
380
401
389
381
378
343
377
366
348
341
366
361
374
370
374
362
372
384
352
384
384
385
325
347
364
373
394
385
337
381
342
357
390
401
348
368
372
384
365
389
348
338
331
361
397
373
376
346
392
349
370
372
349
373
384
361
405
368
354
374
369
400
368
383
375
372
362
329
350
347
365
365
354
356
406
385
356
331
382
356
380
370
349
353
372
382
397
360
390
388
377
375
356
412
364
344
357
332
353
369
351
343
364
338
365
356
356
378
372
366
386
381
382
352
352
377
371
369
353
351
360
384
412
340
374
385
377
347
386
376
360
339
389
361
328
374
376
392
356
352
359
357
361
349
380
340
355
418
342
336
356
353
391
360
387
374
383
355
354
359
357
375
374
376
375
341
385
367
375
382
361
353
363
384
363
363
333
362
353
345
398
363
363
365
339
352
358
341
354
357
355
364
369
383
365
370
344
376
379
370
337
374
349
360
377
369
325
339
391
366
332
370
348
362
337
309
358
381
364
360
358
336
371
356
363
391
365
361
370
339
373
372
360
359
393
327
403
360
328
325
345
357
351
368
361
337
387
344
369
350
344
381
359
353
366
390
345
345
366
354
341
376
381
342
367
367
357
350
352
371
380
369
348
374
355
349
356
326
353
357
316
355
354
352
380
351
317
354
357
376
357
334
363
324
350
359
337
377
350
377
336
342
363
358
339
343
333
375
326
350
337
377
328
350
339
365
366
347
354
340
355
339
311
350
308
342
337
332
377
353
336
338
353
388
358
332
330
342
349
367
317
316
324
339
327
353
325
364
347
373
340
332
321
349
347
368
322
348
323
313
344
356
351
331
385
367
361
349
351
354
352
363
375
350
356
325
364
322
346
327
343
353
357
359
292
342
346
344
349
360
357
311
351
327
345
317
328
346
340
365
411
315
367
341
365
324
331
320
324
347
329
357
327
323
351
360
362
342
321
350
360
343
339
340
346
317
308
337
329
373
312
317
307
370
323
367
382
354
337
326
324
350
347
343
352
322
319
320
362
308
377
341
332
349
333
321
344
333
300
326
355
347
342
317
338
363
333
323
350
346
313
340
305
387
301
311
302
337
307
315
310
315
327
313
308
326
388
318
322
357
342
365
343
309
318
338
324
344
324
299
330
326
288
321
322
319
325
317
335
350
323
349
372
345
316
338
340
337
298
337
357
343
351
311
316
315
314
309
293
339
306
300
343
342
342
323
321
319
305
301
333
319
352
300
320
324
319
352
309
322
300
324
343
350
334
348
333
323
335
371
349
332
338
317
329
348
339
336
277
312
331
308
355
350
319
314
315
337
336
293
344
321
320
333
301
309
292
318
319
310
334
351
315
305
328
339
327
380
347
317
335
334
365
307
332
331
346
316
283
281
295
306
294
318
297
319
335
323
329
315
345
336
358
313
314
374
288
333
334
325
323
324
334
321
296
316
350
313
359
316
343
311
325
324
324
327
317
335
359
325
335
329
339
320
321
313
301
310
313
308
300
317
322
321
350
339
332
339
328
327
328
326
281
330
311
293
307
304
304
316
314
297
305
334
338
342
320
328
335
294
340
321
317
294
303
333
303
318
298
288
335
313
323
345
290
309
315
344
330
288
326
311
335
334
329
315
319
308
298
298
347
334
312
317
314
302
332
300
318
330
333
310
335
306
332
334
318
292
294
304
309
307
317
315
328
282
313
323
324
335
312
350
296
344
322
283
315
340
319
315
329
309
301
329
321
329
329
330
298
307
301
321
299
287
277
323
324
298
311
299
286
321
291
328
309
285
337
304
322
313
294
310
335
315
319
309
263
315
316
300
329
302
299
313
343
305
342
274
314
310
309
311
272
304
278
282
295
311
323
300
298
299
333
324
315
305
266
285
292
308
305
300
301
280
301
274
323
295
290
299
317
281
278
302
311
310
284
324
295
311
298
329
309
327
301
281
330
297
313
332
308
293
299
312
289
287
320
317
288
337
298
292
306
300
295
282
339
283
325
322
301
322
269
299
301
353
316
294
315
318
292
293
284
287
310
288
288
277
317
290
288
323
300
326
310
289
287
277
309
266
297
305
314
291
295
302
307
272
315
312
284
312
303
310
284
304
301
315
297
282
309
319
320
300
259
278
300
301
295
276
280
273
271
280
289
320
280
295
288
309
328
316
305
274
300
293
310
308
269
290
324
313
276
299
294
298
303
320
276
307
308
289
316
302
318
296
265
263
318
287
315
287
282
297
298
302
312
325
291
284
267
322
300
294
303
270
318
285
275
305
285
263
319
325
339
280
265
283
301
294
305
280
292
267
322
290
262
281
285
306
256
295
275
315
314
289
300
322
285
303
268
293
300
286
313
290
303
288
296
268
312
294
283
307
347
276
280
294
280
283
335
316
296
325
294
316
277
290
304
278
272
298
255
316
285
290
263
286
278
280
274
301
278
309
292
278
301
291
306
285
262
307
271
270
314
326
292
280
283
296
294
295
299
264
278
284
262
259
277
303
262
321
307
287
280
307
276
325
278
280
287
289
282
302
298
272
267
282
278
287
304
282
307
274
287
280
311
299
279
291
282
287
303
275
293
291
277
277
282
249
295
292
274
272
265
275
274
261
293
297
302
288
277
285
267
269
279
281
271
271
298
288
244
278
320
288
270
278
275
260
276
268
266
265
265
268
292
288
263
261
280
306
315
254
293
293
273
305
260
302
283
255
295
328
262
268
307
266
247
288
255
253
266
293
264
310
282
268
282
279
268
297
294
295
290
298
277
294
287
277
290
298
264
261
289
255
283
273
304
290
254
293
276
273
274
290
303
276
283
304
278
308
256
254
265
240
275
284
278
299
249
257
259
278
266
289
264
284
285
264
297
293
260
283
290
272
270
288
250
280
287
284
262
281
260
290
282
292
282
255
289
249
287
283
297
270
274
311
269
295
287
271
275
293
254
289
263
280
273
253
289
269
278
265
290
282
299
283
285
278
267
252
291
268
277
294
301
254
255
278
268
259
258
294
285
280
257
267
283
293
281
266
235
250
263
247
287
283
276
237
254
288
254
254
274
258
277
270
228
241
286
273
263
275
263
275
280
253
262
253
272
268
280
247
303
291
253
278
267
243
256
264
261
266
257
272
263
271
291
280
280
263
268
289
276
302
275
246
242
259
262
276
260
258
281
247
244
266
272
245
255
259
269
247
252
254
286
256
288
240
235
246
263
266
271
228
284
273
281
238
251
273
263
276
235
234
250
253
236
274
236
265
281
252
244
272
243
249
239
255
243
278
254
286
247
243
283
254
278
269
267
251
240
260
270
265
252
256
279
259
281
295
274
269
248
243
247
269
235
249
249
283
248
291
286
271
271
217
261
228
273
243
247
274
255
220
270
227
260
253
250
266
243
239
246
240
265
253
275
248
247
283
280
262
229
267
270
270
278
227
260
265
281
237
265
273
253
261
251
272
276
257
219
250
242
231
231
266
275
270
258
250
244
252
288
282
261
269
239
260
255
262
251
263
236
266
260
250
282
233
275
282
250
269
224
248
226
256
246
250
242
289
252
280
274
260
267
233
299
272
237
268
283
239
224
285
238
278
270
232
257
256
260
256
235
264
229
224
255
242
241
251
253
274
224
247
265
238
268
265
265
259
260
231
278
234
227
242
233
274
248
238
259
275
254
242
261
231
246
289
260
215
262
239
226
276
227
251
244
245
243
272
268
266
233
256
234
249
259
228
261
270
230
257
274
235
258
252
250
272
240
271
251
255
247
248
244
270
260
262
230
263
267
231
233
249
255
233
243
250
253
252
260
248
263
246
247
243
242
251
263
251
259
266
247
231
239
252
243
230
253
254
254
245
235
228
283
188
241
248
253
251
257
250
257
255
234
234
264
238
234
245
252
225
237
223
238
221
239
248
263
239
243
254
244
249
256
237
231
222
239
233
241
225
260
237
230
239
262
225
229
237
250
261
236
231
255
245
241
246
207
251
215
231
269
215
260
215
255
253
213
223
232
243
252
229
217
215
243
234
240
227
242
216
248
239
250
251
244
218
251
244
244
229
247
244
250
246
240
225
235
252
229
247
253
220
239
222
267
256
230
272
255
226
240
236
231
243
215
240
230
250
222
256
220
260
254
238
249
239
221
230
215
246
279
258
245
219
226
228
229
240
233
246
226
234
255
241
244
227
211
237
240
220
250
214
187
244
247
217
202
259
245
237
271
213
226
243
235
251
240
241
268
237
251
246
240
211
232
251
242
228
225
218
240
223
209
262
237
253
248
244
259
245
252
220
260
243
231
227
229
252
256
242
263
232
239
234
225
262
236
184
208
254
235
202
215
278
230
237
253
211
241
240
212
242
229
222
245
226
243
231
245
243
231
205
232
254
241
227
216
227
212
220
258
216
214
224
241
232
217
233
224
236
218
215
218
260
242
263
214
229
199
252
239
220
229
229
203
239
243
223
236
231
229
232
219
227
252
238
246
253
242
232
226
247
227
230
219
218
251
232
214
221
246
219
213
220
227
213
221
248
265
213
203
221
209
223
245
235
230
239
207
229
227
222
220
263
234
181
209
249
223
215
230
226
244
233
217
227
215
232
224
236
230
244
229
251
198
219
238
259
218
238
225
252
235
214
217
198
252
228
220
229
249
224
209
200
245
209
212
225
235
234
244
227
204
231
231
203
228
217
261
218
238
221
245
254
217
239
217
242
219
227
237
220
227
218
214
214
263
225
244
219
243
216
215
227
232
203
223
231
207
185
211
218
232
227
269
224
224
220
235
204
212
228
219
241
236
218
227
213
236
220
235
192
238
222
244
215
191
196
208
202
212
220
207
209
227
229
213
218
217
234
213
213
248
216
229
250
199
227
213
232
212
219
217
202
193
215
243
246
230
205
182
215
250
242
205
208
240
214
223
198
215
231
201
223
216
196
232
252
217
213
226
222
228
219
212
227
215
225
215
217
220
242
235
217
239
194
199
200
224
222
210
245
205
210
207
219
235
217
201
229
207
218
207
202
198
213
238
203
208
207
216
256
203
229
218
234
221
208
217
236
222
207
211
224
219
215
217
210
217
238
220
218
228
196
199
189
202
187
229
218
187
236
218
238
194
209
199
238
216
193
197
226
238
185
222
204
216
231
196
224
216
213
238
188
196
188
238
217
207
214
214
211
228
204
218
210
234
214
210
212
215
197
243
196
215
216
206
246
210
201
223
213
218
218
211
198
215
244
253
202
203
198
225
210
225
217
188
240
208
212
199
217
211
209
217
234
203
216
197
199
216
238
209
205
196
194
235
202
191
189
216
196
222
239
223
196
187
211
188
202
201
208
195
205
235
210
210
172
221
180
211
209
205
216
208
218
196
202
192
225
191
214
188
210
211
201
207
227
208
215
202
196
254
199
239
211
201
221
228
205
226
226
220
206
212
235
196
219
209
195
214
226
225
186
203
203
212
206
233
211
200
213
207
197
220
196
227
210
195
181
212
208
212
211
197
185
222
207
200
210
202
216
194
196
180
203
244
181
214
218
225
211
205
184
212
178
193
227
230
234
216
196
212
212
187
210
207
203
219
207
206
214
188
202
221
243
208
196
203
208
221
217
208
195
205
209
212
200
192
185
216
197
209
182
226
188
204
210
212
190
206
203
191
231
217
184
200
213
228
194
190
194
189
198
205
183
205
209
177
205
170
196
210
195
183
172
159
205
198
213
216
218
197
189
201
213
194
228
184
205
193
210
217
207
208
208
170
217
214
213
245
211
183
176
197
198
196
224
209
203
200
208
225
197
216
205
194
196
204
228
203
212
185
222
183
190
174
194
210
184
204
205
194
223
190
182
216
182
208
193
186
191
203
195
196
194
215
187
192
185
186
209
206
206
218
214
192
223
188
194
191
194
217
200
192
185
204
199
199
185
183
218
202
198
218
200
174
191
209
211
189
181
188
201
210
184
183
194
168
208
194
206
185
237
194
190
194
190
176
182
197
179
201
170
183
175
176
196
201
190
208
192
176
182
177
210
166
227
198
182
201
215
181
170
207
175
186
188
192
203
213
195
200
187
210
183
224
192
188
202
182
188
192
206
187
165
196
197
184
188
204
191
209
189
197
184
187
179
201
221
200
179
203
212
209
189
191
167
184
196
215
208
194
171
201
185
171
190
198
193
190
198
192
189
204
192
186
218
217
181
197
188
172
225
204
190
177
191
178
222
191
190
189
202
199
196
203
188
192
194
180
194
210
187
201
197
176
193
193
194
183
173
185
182
194
176
207
198
190
159
168
168
185
193
180
171
166
214
182
210
194
203
191
202
186
190
206
170
191
186
171
201
177
196
186
211
168
213
176
208
214
215
187
207
177
185
175
212
199
211
170
188
195
176
198
194
185
212
190
185
184
203
182
190
193
169
186
182
198
190
192
180
193
187
181
166
180
191
170
183
207
161
194
191
161
196
175
178
198
181
201
184
174
173
197
201
167
163
165
172
172
172
186
183
188
222
180
191
190
168
169
199
202
172
199
184
179
189
183
193
187
189
176
171
169
181
196
209
167
177
192
193
163
178
171
213
174
189
168
190
166
177
201
179
183
186
174
168
183
193
210
184
204
199
182
176
176
192
197
189
193
188
183
177
182
170
181
175
180
169
190
166
169
188
206
196
158
190
184
191
167
176
190
170
183
176
197
202
185
164
177
186
147
184
198
159
207
194
180
162
176
184
173
203
176
171
173
166
188
192
176
172
193
195
185
172
174
165
189
170
175
190
197
180
192
180
194
176
192
167
198
166
170
173
191
196
192
160
187
166
193
179
193
178
179
193
165
186
160
181
181
190
167
175
178
161
168
155
166
188
182
165
178
171
177
204
173
171
177
184
194
179
155
173
157
197
175
185
153
175
174
172
160
179
171
202
157
187
142
188
158
202
190
193
205
178
171
166
176
163
173
188
177
188
169
193
189
166
186
181
193
194
158
160
192
166
179
167
164
152
168
172
187
168
174
172
204
172
172
166
160
180
167
183
185
174
153
175
172
180
178
165
185
178
166
160
151
166
176
185
194
185
190
179
185
171
161
184
169
176
184
176
189
180
157
156
175
159
163
167
162
178
181
171
199
202
180
182
165
162
164
183
184
164
182
167
175
179
160
161
180
179
170
179
158
173
169
169
181
161
183
176
189
175
198
152
168
178
178
161
173
167
182
177
161
184
162
164
182
182
161
165
172
179
172
170
145
173
180
183
170
173
152
161
158
174
156
137
178
168
176
162
180
154
156
154
165
160
172
180
164
160
169
158
136
165
150
182
162
191
169
170
134
178
183
159
159
178
176
172
155
183
175
186
165
170
162
131
148
139
169
170
167
163
161
180
188
159
189
188
164
164
179
171
186
150
201
161
144
168
171
153
169
184
169
164
155
181
163
178
181
162
177
157
176
178
183
159
188
175
176
156
159
167
167
160
197
175
166
152
177
169
161
172
187
154
161
175
148
165
175
187
170
154
158
166
157
159
176
144
158
138
145
167
163
166
153
175
157
193
156
181
160
163
170
160
156
168
186
141
158
168
155
177
174
129
156
148
142
144
141
182
169
167
149
164
179
135
163
164
179
179
147
172
169
163
166
162
157
176
162
176
161
174
157
155
158
156
180
156
160
169
157
181
153
170
171
136
147
168
170
177
189
162
161
147
171
187
150
167
148
167
146
155
155
154
159
174
154
158
168
151
129
163
159
154
167
172
177
169
127
155
162
171
160
154
170
145
141
189
172
152
178
172
184
171
153
143
138
169
162
156
174
153
174
152
129
152
155
144
175
161
166
158
153
122
153
170
160
147
159
165
178
153
167
138
169
181
172
157
169
159
151
162
152
155
159
162
153
150
165
148
145
166
157
150
161
153
156
154
157
157
167
177
181
158
140
162
147
163
155
159
141
179
156
157
172
136
131
161
161
169
159
135
150
168
156
152
172
173
147
169
158
152
151
156
159
142
158
146
157
170
149
155
154
161
153
159
160
159
151
157
161
173
158
158
172
170
169
155
156
149
159
163
152
138
169
161
157
161
158
149
134
135
151
173
144
180
159
169
144
147
155
157
164
170
155
137
155
153
159
144
156
140
155
150
142
164
172
173
192
138
136
151
171
172
180
144
194
171
180
165
145
124
157
128
149
189
177
159
166
169
130
152
149
158
137
142
162
172
135
157
169
139
137
153
148
162
159
152
149
134
144
151
141
135
170
157
159
141
137
162
168
142
159
157
141
151
160
177
151
155
150
131
152
146
169
147
140
174
155
148
156
145
175
169
148
154
158
159
151
163
147
140
160
148
158
141
163
141
157
142
169
136
125
149
136
136
164
139
142
159
172
130
148
144
152
144
128
156
146
149
158
131
145
129
141
149
149
154
152
166
163
174
154
131
151
136
165
147
150
135
129
149
126
151
169
155
145
139
165
149
171
164
155
148
166
164
146
145
147
158
151
161
160
145
141
147
158
162
141
145
149
134
161
134
134
139
164
146
135
149
151
151
157
156
151
140
151
165
152
140
156
150
159
146
152
156
148
141
162
147
133
167
131
131
171
153
130
144
129
152
156
146
173
157
138
145
154
163
159
161
171
159
140
145
155
140
152
150
158
128
141
152
138
153
169
137
127
143
140
125
178
131
155
140
160
151
177
166
150
142
150
153
155
128
151
154
143
165
160
139
143
153
150
108
154
144
129
141
154
161
145
173
130
157
152
162
135
153
149
161
132
149
148
141
149
138
138
105
163
150
159
135
145
147
165
138
143
135
149
138
150
146
154
143
149
146
126
150
143
150
146
148
142
148
140
143
160
144
147
158
148
155
155
136
139
138
147
151
130
150
151
163
150
130
140
160
139
157
154
158
147
122
136
147
153
143
145
137
125
145
136
155
135
148
151
140
151
141
153
132
138
143
141
149
133
144
155
120
152
125
145
141
134
136
135
160
142
125
155
138
145
134
150
138
149
145
138
148
115
156
168
134
146
146
137
121
144
154
140
139
127
131
135
112
125
119
139
146
131
132
145
132
133
136
133
159
126
140
149
126
139
123
105
136
127
129
124
140
118
140
131
128
139
142
132
142
161
147
135
138
122
127
145
134
146
108
142
130
114
133
134
143
150
139
126
135
134
128
138
129
129
120
124
139
152
148
149
120
149
140
141
140
160
147
148
138
157
118
150
144
118
124
154
146
133
142
128
125
129
153
126
148
132
117
153
126
137
140
144
145
141
132
154
140
140
119
113
139
137
148
149
125
135
144
129
137
131
126
143
147
147
130
115
132
134
133
129
131
121
141
138
128
132
144
149
140
107
129
150
128
130
142
135
140
135
138
151
126
137
128
137
143
142
141
126
141
142
148
115
124
151
145
123
121
133
120
137
138
124
139
155
132
132
110
124
140
122
115
140
140
128
155
145
137
126
149
148
136
134
118
147
127
134
116
129
132
144
137
152
126
134
131
126
128
126
132
140
148
127
118
123
121
126
127
138
121
134
123
152
133
145
141
128
130
136
121
156
142
144
163
132
123
121
147
146
148
127
139
129
128
139
123
154
128
156
148
134
132
140
123
136
140
129
127
129
116
124
130
127
125
136
121
123
125
124
155
119
130
138
135
119
129
130
139
125
124
137
117
160
115
128
128
145
131
120
140
132
151
114
133
132
135
131
118
125
117
152
162
119
108
142
142
119
124
130
140
123
128
142
128
128
118
129
138
142
105
122
119
121
149
110
117
123
133
122
116
115
117
125
126
117
135
119
118
133
121
119
123
141
124
115
128
122
114
127
132
111
132
142
141
129
131
126
108
124
127
138
120
128
112
126
114
128
122
142
141
106
120
131
138
127
132
114
144
122
122
113
139
129
116
119
129
105
139
134
155
135
131
136
120
136
127
124
124
117
127
134
126
120
121
138
126
138
148
133
141
139
132
125
136
123
144
143
122
129
117
125
121
136
135
107
135
126
155
111
138
111
144
129
129
125
122
124
148
121
126
146
118
112
103
104
127
135
108
131
130
126
132
122
108
112
121
127
145
136
128
107
113
105
134
124
141
116
128
121
123
103
104
106
118
116
120
132
105
145
101
129
143
125
118
113
130
144
109
144
128
125
123
126
142
131
126
142
126
140
125
123
113
117
120
137
132
122
115
121
125
127
141
153
134
130
121
137
120
127
121
140
116
112
134
125
134
118
146
126
134
138
126
131
132
120
104
117
128
119
115
113
129
125
112
131
125
113
129
129
124
128
138
110
123
121
115
137
106
115
122
114
106
134
107
117
134
115
123
139
111
115
135
130
126
114
137
134
117
127
122
127
128
105
114
112
126
112
128
98
109
134
105
127
137
120
107
105
112
147
94
132
122
115
118
118
121
120
123
133
102
132
111
122
119
107
101
141
130
125
149
103
119
124
121
109
135
109
120
131
102
110
96
122
117
110
127
96
123
116
108
106
117
112
116
131
110
121
118
100
109
128
112
119
113
128
129
136
116
125
101
124
139
132
131
117
132
115
122
128
111
113
115
138
118
117
110
133
110
112
110
115
125
120
108
105
93
106
110
121
109
117
111
100
116
118
129
126
100
121
125
109
103
127
113
144
96
117
127
117
123
113
110
130
129
132
108
128
117
118
119
119
110
114
114
115
117
119
128
100
126
121
116
131
93
115
105
133
106
118
113
129
130
118
103
106
107
118
116
120
108
128
115
102
107
120
133
107
109
101
137
129
125
105
87
108
110
97
97
125
125
119
107
100
87
110
124
127
99
106
115
114
114
132
109
140
128
117
124
132
120
111
120
100
113
119
134
111
118
117
123
112
114
121
113
108
113
118
114
97
129
117
101
124
109
112
111
114
105
109
97
115
132
102
108
95
112
152
141
116
120
98
127
129
117
122
114
131
113
120
119
108
106
91
113
111
142
114
144
92
110
126
119
103
115
131
92
107
112
114
114
108
122
126
136
119
116
113
118
116
128
119
93
112
110
126
117
93
118
111
108
119
111
121
127
122
120
123
104
106
134
114
126
103
121
127
118
113
119
99
103
107
109
127
104
102
101
91
122
115
108
112
115
125
89
94
116
128
132
112
107
126
111
127
131
110
116
114
120
120
114
144
104
114
134
107
104
116
102
105
118
101
123
106
124
108
104
118
108
103
92
110
125
117
140
108
104
118
110
124
98
102
118
108
124
98
127
105
100
112
123
117
108
103
113
113
97
107
104
110
110
108
139
114
97
105
116
110
109
121
122
127
105
106
98
105
121
114
124
115
116
112
114
110
92
125
112
110
109
97
114
121
116
133
98
111
119
113
108
118
119
115
114
111
135
100
116
117
100
94
108
105
105
103
103
95
119
105
101
111
114
114
112
114
97
126
106
121
104
92
124
118
123
122
102
101
116
100
95
112
108
99
130
114
111
112
115
110
120
113
94
115
108
97
123
111
107
115
82
104
97
135
118
102
121
107
109
100
83
119
101
95
99
106
116
110
110
121
97
114
113
103
117
100
121
104
106
108
127
114
107
113
101
100
130
102
107
105
108
107
107
97
104
104
105
133
108
114
110
126
114
105
91
106
92
110
104
91
106
116
113
113
90
115
104
99
98
118
107
126
108
113
118
101
97
103
120
117
110
108
114
108
118
127
101
91
103
108
124
100
112
87
102
97
94
105
111
116
90
105
91
105
111
106
123
124
113
80
98
85
93
100
104
100
116
105
103
94
104
98
92
103
108
95
120
106
89
106
87
118
100
92
114
97
107
105
121
109
89
117
113
84
97
117
103
98
112
106
107
119
106
125
109
99
98
107
114
97
110
107
119
93
92
110
95
103
101
107
100
105
103
121
99
107
82
120
101
100
99
117
112
108
102
112
92
103
88
116
102
98
99
89
114
105
106
104
114
96
107
108
117
82
100
95
111
95
108
82
93
97
106
98
128
99
125
89
120
99
115
107
94
91
101
95
100
85
109
108
100
106
95
107
123
127
88
96
97
104
105
84
113
118
90
113
107
114
90
107
102
114
101
112
88
103
93
110
123
80
106
109
105
111
108
97
111
93
87
100
97
115
96
100
97
103
93
112
97
87
88
115
102
110
95
100
91
112
76
101
96
102
92
105
101
101
106
90
95
81
93
116
91
89
99
85
104
94
115
105
98
108
98
109
115
108
94
100
96
83
102
80
89
106
111
86
89
99
85
98
96
89
89
98
111
97
100
104
112
98
96
97
84
108
94
99
106
101
90
84
92
107
96
95
125
107
96
109
99
97
103
105
106
100
82
90
106
95
88
108
109
109
113
101
88
104
105
89
103
103
119
80
84
84
105
92
93
102
96
97
115
101
97
94
94
99
92
106
92
99
102
111
84
96
102
98
84
98
125
87
108
113
99
86
102
98
78
112
92
98
108
97
95
95
105
100
92
102
102
93
106
74
93
89
89
101
90
104
107
112
86
112
102
97
103
106
107
99
94
98
68
118
82
95
110
104
96
100
105
90
96
81
95
107
92
91
106
84
85
81
82
92
108
109
109
89
82
84
101
117
109
85
90
99
99
86
97
107
74
109
82
71
106
117
83
91
99
87
102
88
105
96
95
80
101
86
101
91
116
102
97
88
99
101
98
98
113
96
92
104
84
91
102
83
85
83
100
95
86
87
80
99
86
104
98
106
112
87
94
99
96
101
93
87
84
81
85
98
103
88
102
102
92
96
100
116
99
105
97
89
93
109
94
90
102
115
95
112
98
96
98
123
95
91
104
87
97
81
87
81
83
84
77
106
91
98
105
95
94
109
83
98
93
93
100
82
76
88
81
87
94
86
94
105
102
105
91
107
89
105
86
90
79
101
82
91
94
85
93
96
96
94
94
87
99
97
94
109
99
80
96
88
84
103
110
75
92
92
98
99
91
91
99
95
87
91
95
81
107
86
82
85
97
88
101
97
69
89
86
108
90
76
85
89
79
100
91
77
92
80
91
83
85
92
81
98
87
90
79
84
93
69
97
93
91
93
75
91
102
92
87
76
79
86
87
86
103
85
100
79
95
109
96
106
90
89
85
80
72
79
90
104
94
91
88
86
94
90
90
84
100
87
98
83
86
64
98
97
90
79
91
96
85
95
85
80
95
86
89
81
69
101
77
89
86
87
101
103
103
67
84
81
92
84
86
101
92
88
99
86
101
77
93
86
89
108
74
80
93
95
74
94
97
91
87
95
84
81
109
62
97
86
98
90
75
76
80
93
98
78
80
91
92
80
106
78
75
104
89
86
82
95
93
101
86
72
81
93
93
96
80
89
82
91
83
98
100
88
97
97
89
86
102
86
99
94
119
88
67
94
92
70
83
91
75
82
88
92
84
87
97
85
100
86
92
81
97
91
79
93
84
79
88
99
92
107
94
78
87
92
87
97
91
90
83
80
82
92
98
99
76
99
98
97
75
102
92
86
88
95
102
80
89
92
89
85
90
97
68
80
87
76
94
79
95
75
86
99
85
86
99
93
89
97
79
87
84
91
75
93
87
85
87
84
77
77
81
85
106
89
99
95
73
71
82
88
87
93
82
104
83
82
76
95
85
81
100
85
97
108
78
78
102
81
95
70
77
84
92
87
78
101
90
85
89
91
82
70
63
78
86
86
71
85
91
78
88
87
85
81
78
102
85
85
93
91
94
86
72
71
101
87
77
76
64
85
80
84
71
94
74
80
66
79
75
88
89
90
73
95
64
66
95
80
75
89
91
96
97
88
88
81
90
94
82
75
87
99
91
90
67
60
72
95
83
69
82
98
95
89
77
78
88
85
88
97
84
82
86
82
84
85
80
93
84
86
91
71
84
83
87
90
88
82
87
90
84
104
84
87
87
105
60
70
80
90
83
76
72
81
103
81
66
100
84
82
80
67
73
66
90
93
99
74
80
77
79
85
72
100
90
78
85
87
84
82
87
76
90
79
75
80
78
78
94
102
76
107
73
75
82
88
85
78
52
101
83
78
78
82
88
89
89
85
74
74
91
99
77
78
74
80
96
72
91
90
78
67
78
88
98
72
84
92
78
87
75
76
78
78
94
73
92
83
76
85
79
80
85
90
81
87
86
87
85
68
69
71
69
63
81
87
86
78
77
93
73
81
84
86
82
78
69
86
75
84
72
73
82
91
72
80
83
76
73
86
78
91
85
73
77
80
72
72
78
74
82
83
77
84
92
79
81
64
78
88
95
65
86
83
89
80
82
74
73
99
82
88
53
87
73
84
92
73
80
84
95
84
76
80
84
77
79
84
79
84
68
85
81
75
80
87
68
79
67
64
89
83
89
78
76
55
93
84
69
79
77
79
80
88
96
66
76
75
73
72
75
91
76
77
81
72
72
82
87
79
87
81
63
75
68
75
71
79
71
96
71
80
84
66
88
71
64
76
79
86
66
76
98
83
88
84
77
94
79
74
66
84
69
82
78
93
90
78
71
70
66
80
91
66
71
76
84
98
81
69
84
67
69
81
78
69
70
77
77
84
74
86
66
62
74
70
86
81
102
83
84
83
84
80
76
80
83
72
76
76
68
93
70
74
94
55
78
77
75
69
82
84
70
74
58
87
81
76
83
82
95
76
78
71
73
69
79
75
71
76
74
55
71
84
71
87
83
83
81
86
90
73
70
74
73
71
87
60
61
70
63
93
86
70
69
65
66
81
92
73
70
82
79
88
64
73
77
87
79
73
86
75
62
51
75
68
78
72
74
59
80
68
86
73
59
80
56
68
65
80
57
93
77
71
55
75
77
73
84
78
79
84
63
81
72
68
74
73
77
71
78
72
85
69
68
78
87
68
81
76
68
72
82
59
77
86
67
66
92
58
58
98
69
71
64
88
75
73
73
73
79
70
78
59
75
79
74
74
71
72
63
79
67
89
88
68
66
61
61
76
81
73
55
66
73
79
71
74
93
74
61
84
75
88
75
57
76
73
81
74
70
86
71
66
73
70
81
80
77
81
79
52
63
80
95
63
71
73
86
73
64
58
66
65
77
67
83
66
62
66
82
62
70
64
80
52
79
81
81
78
83
71
84
56
74
93
78
70
54
72
69
71
77
72
80
72
72
67
89
76
77
88
62
63
86
57
66
65
63
63
68
57
59
63
62
60
76
70
74
76
70
78
81
80
86
62
69
65
75
66
68
58
71
74
81
75
75
73
75
77
79
53
59
84
63
68
61
67
55
78
62
81
69
65
73
54
59
69
69
70
80
65
69
75
65
62
82
89
77
53
71
64
69
68
74
56
62
59
65
63
75
70
65
85
58
89
57
77
87
85
68
88
49
71
82
85
77
77
74
72
60
70
67
62
70
66
82
77
60
62
65
79
66
65
78
73
51
58
79
67
69
78
74
72
72
75
96
65
68
75
86
74
74
86
69
62
79
67
57
67
67
78
66
61
61
79
52
70
88
73
67
78
62
73
59
65
75
73
71
77
76
72
69
73
77
73
81
73
50
77
76
61
87
88
80
60
69
69
88
55
64
84
74
69
64
76
69
75
90
65
60
75
63
61
66
75
82
64
60
60
63
70
64
66
84
71
72
76
68
67
68
61
76
69
71
78
71
66
71
57
62
57
75
68
80
54
63
68
86
76
64
79
67
68
70
65
48
61
74
81
81
71
53
58
74
70
66
61
57
70
65
66
66
61
74
67
58
73
79
70
70
71
51
67
45
65
68
71
66
71
57
82
79
57
61
69
62
65
68
54
61
58
57
54
75
71
61
67
63
70
74
69
63
59
79
75
82
75
77
61
90
62
60
77
75
66
69
74
59
69
77
85
60
63
60
71
59
54
71
68
74
64
70
67
64
43
61
61
71
67
60
67
60
66
50
55
76
71
56
66
76
56
67
63
59
80
68
59
57
61
62
70
73
79
73
64
69
69
73
65
78
66
69
52
70
72
61
78
76
70
68
70
45
63
67
62
59
72
52
55
66
57
94
61
79
64
59
71
58
49
71
63
75
62
56
79
46
55
69
59
56
69
68
56
67
69
58
82
49
47
61
58
58
63
70
74
58
61
67
44
48
69
69
72
56
63
71
77
57
72
74
67
59
60
49
54
57
67
70
56
52
66
75
66
56
67
62
66
82
68
76
51
73
60
58
70
56
73
63
63
60
62
84
72
55
65
65
69
64
70
68
54
68
64
68
61
56
74
63
48
66
68
61
69
74
62
67
65
59
70
64
74
58
76
72
52
56
63
61
58
69
57
51
47
74
62
63
59
61
75
74
58
50
60
75
63
60
56
66
65
70
72
64
70
74
56
68
62
61
60
60
58
54
56
75
71
61
73
71
71
68
65
66
47
70
59
61
61
79
56
65
74
70
58
66
87
66
65
53
60
68
49
68
64
74
71
77
61
59
67
58
42
58
53
46
58
60
80
68
47
64
60
66
59
54
55
50
58
71
56
60
66
59
50
69
59
64
62
74
62
70
64
73
69
71
69
62
56
56
64
67
63
50
54
74
60
79
68
65
47
61
70
70
55
78
67
64
59
68
59
68
65
57
67
61
74
60
57
62
66
61
74
57
53
70
48
56
54
59
66
65
61
67
66
57
68
49
60
44
60
59
68
67
48
49
71
64
79
64
43
69
63
65
55
51
62
55
64
74
63
61
53
47
41
46
55
55
64
52
46
56
73
77
58
65
48
54
61
59
66
72
76
51
52
60
70
52
58
63
53
56
65
56
60
72
64
61
65
62
61
53
58
61
60
58
56
61
60
57
57
59
64
74
57
67
68
58
58
54
50
60
53
42
66
56
56
68
68
51
63
52
64
68
69
59
56
50
57
55
55
71
55
65
65
53
64
48
67
64
43
66
54
59
69
68
69
64
76
57
55
60
59
49
63
61
54
55
76
61
52
54
51
65
65
57
56
66
65
53
61
59
68
57
54
62
59
61
74
53
57
62
39
56
66
46
63
63
57
58
55
49
64
41
46
68
54
56
59
64
47
63
48
59
64
59
62
67
58
60
51
57
61
67
64
53
64
55
62
52
54
67
45
65
71
50
50
59
46
65
59
69
48
52
56
75
60
70
46
54
60
52
63
59
61
59
59
61
51
69
61
57
63
68
59
61
70
59
61
65
52
54
55
61
52
63
59
56
56
60
53
59
68
62
47
56
60
56
62
55
55
52
56
55
52
59
51
59
60
67
56
55
55
63
62
54
50
47
59
58
63
68
53
50
59
73
63
59
58
59
39
51
66
41
60
68
58
75
51
60
47
63
64
60
53
58
71
54
55
63
70
60
57
49
61
49
61
53
51
45
65
71
61
54
62
46
52
53
53
63
61
45
54
78
59
53
62
57
61
51
62
54
63
49
51
46
69
52
64
84
72
57
59
50
48
51
47
62
61
61
53
58
58
62
56
51
50
56
52
59
54
45
64
62
56
56
60
55
50
68
59
62
56
63
59
58
58
48
59
50
60
52
37
48
58
49
58
47
54
56
60
59
65
76
69
57
74
65
49
49
49
53
72
64
59
54
59
59
62
50
46
63
32
52
54
53
51
61
59
49
45
51
57
61
54
50
46
60
66
44
55
41
44
60
63
49
52
68
59
56
54
54
45
60
54
62
61
55
42
55
38
62
63
51
63
49
66
51
53
41
51
55
52
47
54
61
60
57
67
56
48
82
52
58
51
50
63
51
51
61
50
60
54
47
51
60
55
56
48
67
54
61
50
51
55
45
43
66
54
54
57
68
50
57
55
40
45
61
53
50
48
62
54
52
54
59
55
53
75
52
53
47
48
56
46
55
57
54
49
47
47
59
50
53
59
56
57
45
47
57
37
49
50
66
44
44
42
51
57
54
58
64
57
54
59
57
48
39
50
47
57
66
45
42
65
62
51
60
55
55
41
51
56
48
52
53
63
52
63
50
59
59
69
44
51
57
38
57
58
45
46
50
49
49
60
49
61
45
45
58
47
44
53
49
55
60
46
63
49
58
54
52
55
54
65
59
51
39
39
56
38
50
56
69
46
46
51
44
51
49
65
52
54
51
57
62
41
52
46
49
37
38
42
50
60
54
52
68
54
52
56
50
56
43
57
51
55
63
43
47
44
55
71
56
44
41
52
54
50
64
49
52
43
45
43
45
47
57
47
49
51
52
61
50
37
65
46
53
44
50
53
48
62
53
45
62
35
49
47
49
49
47
53
64
57
60
45
48
56
67
71
50
45
51
54
56
49
49
66
46
52
51
45
48
60
46
42
48
44
40
45
47
44
39
61
43
55
47
56
51
57
54
53
47
39
48
57
54
58
49
56
51
43
52
45
51
47
42
50
39
57
55
50
52
46
48
37
44
58
48
56
71
54
46
52
41
49
56
55
47
50
53
51
45
41
51
50
63
47
53
55
65
47
61
34
50
38
55
52
48
48
52
56
58
58
61
39
49
59
51
51
43
61
63
38
39
58
54
37
56
60
57
43
47
50
46
46
52
53
62
50
51
47
47
46
42
47
49
48
63
63
45
51
49
48
53
36
41
38
54
53
50
47
51
42
51
32
36
50
51
49
48
44
38
48
37
52
49
53
34
50
47
49
50
51
56
38
44
37
44
58
47
40
49
60
73
41
48
47
51
42
43
49
38
44
46
46
52
48
46
60
48
48
35
54
50
43
47
48
46
36
47
42
44
52
65
43
54
60
49
43
57
53
53
47
46
53
37
48
55
43
47
40
45
42
34
38
41
55
40
52
60
38
45
54
53
56
45
47
35
54
54
42
56
61
34
55
51
42
50
44
52
44
40
53
53
66
56
33
35
46
46
46
41
40
44
55
47
53
39
46
45
38
44
52
36
57
50
50
47
45
47
40
55
57
47
54
48
42
45
42
40
41
62
40
55
55
44
44
49
51
54
48
40
48
44
54
57
45
45
52
55
55
52
42
41
45
45
39
45
41
39
42
42
49
45
43
48
38
51
51
45
42
71
38
43
39
46
49
60
44
37
37
53
41
43
42
46
65
42
40
59
46
42
45
44
54
47
49
39
56
52
46
51
46
38
42
46
54
39
51
59
47
52
37
37
43
41
49
31
47
45
48
40
52
51
44
34
59
55
42
50
53
51
53
47
49
48
39
41
41
50
39
43
58
44
46
39
50
53
44
50
40
53
41
40
46
57
46
60
44
36
61
45
33
40
50
32
46
38
48
55
51
43
35
57
37
34
50
42
50
59
53
48
43
38
58
43
53
43
53
43
54
49
47
47
43
46
40
42
39
51
46
42
50
49
37
56
52
51
51
43
49
48
42
51
37
48
60
44
47
39
27
51
45
52
42
43
52
44
48
58
46
58
45
38
40
35
43
50
36
56
37
40
41
45
37
47
57
53
44
36
47
42
43
45
44
46
43
32
57
40
40
40
54
53
44
53
42
44
50
38
45
51
54
45
52
51
33
52
33
52
43
50
62
43
48
37
47
55
44
42
51
45
47
47
38
38
27
46
52
47
55
50
42
36
50
49
37
41
40
39
59
42
44
40
37
42
45
47
41
45
44
55
41
50
36
40
51
58
47
48
53
42
42
53
43
45
31
42
42
54
52
51
49
46
41
52
46
49
42
44
55
40
44
47
59
40
40
45
38
50
33
42
35
47
38
34
56
49
49
59
59
44
54
50
43
46
65
40
47
40
49
42
41
43
42
34
42
50
44
54
46
54
39
51
54
44
49
52
58
35
49
45
47
44
49
35
45
50
46
46
43
37
44
40
48
44
37
36
41
38
57
34
39
42
38
35
44
57
37
41
54
33
41
32
33
39
39
32
49
53
28
46
39
47
40
45
41
45
39
35
39
35
52
44
33
39
46
44
32
49
54
47
39
39
43
43
47
39
40
40
45
40
38
51
50
52
49
49
39
28
56
42
50
50
36
51
37
39
36
45
44
51
47
42
29
38
49
44
40
42
57
55
45
43
48
47
49
40
32
40
44
37
34
46
51
41
36
47
50
36
51
33
37
44
37
35
36
45
44
40
37
50
48
35
40
41
36
39
45
38
40
36
32
41
41
29
36
46
32
36
41
44
44
47
33
34
33
49
34
49
33
41
37
38
44
40
47
42
42
38
44
38
34
44
41
42
39
43
45
51
42
30
38
41
39
43
39
34
42
35
40
42
40
33
41
43
34
40
42
53
35
42
42
41
38
58
45
30
41
34
46
30
37
44
44
43
47
47
55
39
33
41
45
43
38
37
43
43
43
38
38
37
38
38
38
44
45
39
37
29
45
48
49
34
43
32
43
42
40
43
42
40
33
43
37
38
42
34
41
40
35
35
46
48
43
37
39
42
46
37
34
47
46
39
39
41
52
45
39
40
29
45
47
42
43
39
31
37
27
39
39
43
42
41
47
43
41
36
31
49
33
34
47
45
26
48
29
48
49
33
47
43
41
45
34
60
46
46
40
32
36
47
39
46
56
32
41
44
39
42
50
35
39
45
41
29
38
42
41
32
48
35
44
31
34
38
41
43
38
39
42
29
44
29
49
36
36
48
40
42
39
40
46
36
40
48
31
40
22
40
40
28
40
41
40
25
39
41
47
48
32
33
28
40
33
36
32
38
53
42
37
43
36
34
33
38
33
41
51
39
31
40
36
35
43
39
36
45
39
31
30
40
28
35
37
45
46
43
41
40
43
46
43
35
39
33
37
44
36
43
45
44
39
35
41
45
38
39
40
48
41
53
33
40
46
31
51
37
34
25
36
29
33
31
25
38
45
37
36
36
36
38
46
41
37
28
41
36
46
29
29
35
46
29
39
45
38
32
35
37
37
45
31
42
38
37
34
33
42
33
29
31
40
29
36
35
43
51
46
44
44
39
46
35
42
43
41
39
43
44
42
31
43
36
39
51
33
38
39
40
40
40
36
41
25
37
46
45
36
44
35
43
37
42
33
32
38
39
32
36
43
35
45
32
33
36
44
33
30
46
30
26
43
40
30
43
34
38
53
24
41
36
36
28
35
39
40
42
31
46
33
37
43
42
38
49
39
40
38
33
41
33
47
39
31
42
45
35
35
34
44
34
34
36
45
38
33
37
36
40
39
39
34
41
40
37
46
32
38
34
32
48
36
40
26
45
54
38
35
31
39
28
46
35
40
33
42
40
30
42
44
45
28
37
35
33
32
45
41
33
45
34
29
40
31
44
43
39
34
38
34
28
31
41
34
33
38
34
36
38
35
44
36
49
42
35
43
39
35
38
29
30
48
35
38
31
37
51
36
35
35
33
51
42
44
34
39
32
43
33
29
37
28
40
38
38
36
40
35
38
43
37
39
44
45
29
34
29
41
43
27
