162594
684283
139036
5162
788
642
612
565
643
653
611
639
591
634
669
627
686
611
619
611
593
624
607
604
628
594
600
608
597
588
547
604
595
627
608
552
575
557
596
592
589
568
598
552
589
497
538
550
563
550
571
536
563
561
569
594
551
588
571
536
565
550
566
571
536
560
506
513
524
545
503
521
495
537
519
539
544
553
544
522
504
532
570
554
526
527
508
514
510
546
525
584
510
509
497
508
515
562
546
530
554
533
547
516
522
518
511
522
499
525
538
497
496
527
546
565
527
509
546
542
509
511
518
542
526
475
510
505
535
520
535
514
514
534
499
571
524
518
542
515
521
510
541
518
532
488
525
529
520
505
497
512
590
498
514
539
502
501
508
458
531
565
497
495
546
513
491
498
500
521
492
504
529
533
490
504
513
519
497
566
521
534
530
531
514
518
544
551
505
488
552
532
502
525
528
505
548
540
522
543
503
538
579
559
533
546
566
538
568
547
588
543
591
556
554
597
549
579
613
586
554
564
569
588
563
577
575
542
573
531
566
601
571
608
568
556
543
553
549
565
545
534
534
588
547
554
559
596
566
626
566
575
585
560
562
587
574
588
583
608
604
557
563
560
567
551
596
577
551
524
614
588
572
548
596
565
591
590
606
621
553
605
595
573
599
614
605
587
603
644
625
621
649
662
575
616
659
659
642
697
674
657
658
714
658
687
692
690
731
715
692
764
699
748
781
703
708
739
767
732
762
740
718
774
753
777
759
724
764
817
791
744
828
787
784
770
733
808
795
799
771
755
768
765
823
747
784
726
809
776
736
747
831
763
753
746
756
750
768
739
736
721
725
725
695
728
731
740
715
684
676
689
661
693
699
699
609
650
695
700
662
715
637
655
617
645
600
618
701
689
674
607
698
648
633
610
670
636
600
632
629
622
652
600
638
609
611
599
603
634
620
582
617
602
620
563
599
608
583
583
613
558
604
593
555
605
585
631
623
619
584
580
605
606
581
589
640
571
568
550
591
566
558
506
567
551
632
569
534
531
595
560
498
503
559
537
531
534
529
490
560
563
536
535
525
533
498
530
510
524
520
514
581
526
476
572
531
487
560
554
535
575
554
515
517
485
505
565
528
527
507
511
534
534
539
505
535
531
488
521
542
499
514
541
526
502
533
500
487
534
532
544
524
530
508
531
532
498
517
495
523
506
517
513
488
527
499
496
484
523
525
506
538
515
499
527
539
540
473
513
528
467
542
527
492
504
525
507
515
486
466
473
499
546
505
503
498
523
489
516
518
552
527
511
497
515
509
535
514
501
468
530
530
510
531
515
462
542
504
511
479
513
507
498
485
507
518
505
519
484
521
469
494
504
458
477
507
494
489
461
505
491
497
495
512
465
456
493
482
511
445
498
493
465
517
522
485
473
493
457
461
507
468
475
459
436
481
454
484
448
436
476
466
432
482
449
423
411
436
423
492
447
424
438
432
397
436
412
399
403
401
406
396
387
386
425
383
368
368
388
382
354
384
381
357
361
361
330
362
340
347
322
329
340
326
335
331
279
312
335
289
296
293
292
306
285
283
299
296
286
281
266
269
248
278
263
254
257
268
253
255
266
226
244
239
224
255
231
243
195
252
246
252
238
224
220
227
257
235
225
209
214
242
200
228
186
215
220
207
224
218
181
201
203
184
214
198
202
210
183
195
187
206
183
211
203
169
190
197
190
192
204
171
200
218
190
203
177
196
199
183
204
172
186
183
181
198
201
184
213
179
190
169
185
155
182
210
215
191
213
172
204
176
184
200
199
220
203
209
201
170
224
205
207
208
206
211
219
217
217
203
201
229
218
238
236
222
242
217
248
226
230
225
246
248
262
254
280
241
243
270
302
314
309
279
268
284
286
263
309
278
294
320
343
348
300
354
353
296
379
345
359
349
395
368
402
395
391
380
408
390
395
403
420
439
413
440
394
483
468
470
486
498
521
494
533
517
510
520
484
561
614
589
623
650
641
663
690
711
653
728
693
768
733
799
772
795
862
913
898
923
918
1043
1027
1076
1030
1074
1097
1203
1210
1184
1261
1294
1311
1359
1395
1454
1511
1530
1494
1595
1615
1682
1637
1720
1786
1786
1889
1825
1938
1931
1991
2092
2065
2132
2089
2208
2249
2244
2226
2310
2304
2302
2277
2401
2433
2482
2423
2523
2524
2565
2530
2518
2457
2506
2542
2548
2523
2470
2420
2450
2453
2449
2528
2488
2504
2486
2373
2393
2319
2234
2332
2307
2283
2242
2224
2175
2049
2056
2005
1999
1994
1926
1874
1853
1812
1754
1745
1681
1709
1636
1603
1517
1490
1417
1392
1363
1343
1228
1204
1212
1148
1129
1083
1037
978
935
946
908
828
820
804
787
756
701
659
657
643
580
606
541
539
521
437
423
452
423
377
367
419
354
339
336
294
290
328
251
254
255
247
235
232
220
212
217
199
214
208
186
179
167
170
156
162
153
140
154
160
157
146
135
152
122
139
127
132
130
141
133
141
151
144
110
130
148
133
125
148
137
120
127
132
122
125
135
131
139
129
140
103
124
126
126
122
129
111
116
118
119
135
114
139
130
126
129
107
111
134
118
134
130
116
115
122
126
126
120
135
126
113
116
129
140
108
122
117
121
144
120
128
114
117
122
133
131
114
137
114
150
132
111
104
137
118
139
121
137
139
134
135
110
126
117
131
134
132
131
117
122
144
127
138
127
135
125
111
149
116
144
111
124
100
115
124
122
130
118
120
117
107
133
132
126
143
127
110
128
99
132
123
128
152
111
141
117
138
127
123
97
119
117
129
106
120
103
141
141
115
116
120
112
123
119
118
111
128
106
106
121
104
118
131
105
109
120
144
123
107
113
119
117
125
124
112
100
101
116
104
111
112
115
108
105
107
128
123
121
109
133
117
85
116
111
116
126
103
98
124
111
111
118
117
120
131
132
104
103
126
102
113
137
120
109
123
132
116
124
92
123
113
124
105
118
117
117
122
123
118
100
106
98
123
130
124
123
117
121
112
119
128
126
113
107
110
121
101
109
118
119
99
115
120
104
111
114
145
108
90
107
117
111
96
92
103
104
105
101
113
98
121
114
120
113
112
110
118
106
105
102
106
99
116
112
123
99
113
99
116
109
91
105
135
112
117
96
96
112
116
105
115
121
110
122
99
110
112
99
124
102
101
96
105
102
111
118
125
106
95
132
98
109
125
96
96
94
115
105
127
102
99
116
129
107
107
102
98
107
123
108
114
119
97
114
107
114
99
128
115
113
120
112
100
111
112
91
125
105
90
111
97
95
125
111
116
83
104
104
105
108
111
111
109
115
108
118
94
113
105
112
101
109
131
103
127
105
110
109
124
96
97
113
108
114
106
92
122
80
131
108
123
95
129
121
118
98
101
117
147
117
122
103
105
96
83
91
110
97
110
110
133
120
93
106
99
105
108
109
124
102
113
110
103
119
110
108
103
99
119
106
114
98
115
108
106
115
129
104
96
90
100
101
100
106
105
110
109
128
109
90
113
105
114
121
112
112
112
125
102
131
121
121
133
101
102
104
115
104
122
112
113
108
118
123
119
101
137
118
127
130
109
115
109
121
124
116
110
120
116
132
112
114
92
126
127
126
137
110
101
115
127
97
116
118
126
124
136
118
97
131
113
117
129
119
112
110
118
123
113
136
135
114
132
124
142
136
112
113
123
124
117
111
119
107
132
115
133
131
122
121
112
130
133
115
124
111
107
121
117
119
119
136
99
134
141
107
139
139
118
118
132
137
144
113
124
147
112
121
113
113
132
123
125
118
112
150
122
125
145
116
125
133
123
125
153
129
128
121
124
120
122
142
111
134
121
128
138
110
138
127
100
121
131
135
126
151
119
137
126
133
132
130
108
122
119
118
120
123
117
128
147
123
122
121
117
113
112
114
129
115
122
101
126
113
100
105
99
104
84
113
118
121
107
109
118
106
96
106
98
96
113
102
82
100
89
90
108
79
94
111
94
92
79
78
72
80
80
81
71
91
93
72
60
69
68
63
75
60
53
69
68
56
65
71
67
60
51
51
42
59
50
52
54
50
49
43
38
47
43
46
29
37
46
47
40
28
36
27
35
42
39
35
33
28
23
29
28
27
25
21
22
21
25
30
21
16
19
20
27
20
18
18
29
18
17
21
24
19
25
17
17
21
20
29
19
27
22
19
21
13
22
13
18
16
19
22
19
17
19
17
20
24
15
22
24
13
25
30
19
24
21
32
26
26
33
36
29
49
37
31
38
35
35
30
22
30
40
39
40
43
36
52
50
49
56
50
58
63
50
70
72
66
81
73
80
71
77
70
84
80
88
110
97
110
104
118
114
104
117
119
124
140
133
119
155
166
148
172
139
172
166
177
158
184
194
213
220
209
194
202
230
233
239
248
249
260
251
273
270
245
256
274
298
246
281
246
302
288
304
280
295
273
311
260
277
325
276
285
282
283
284
259
290
288
288
291
301
259
287
263
262
279
238
267
237
231
231
232
221
251
214
219
210
195
185
200
196
182
181
162
167
168
161
160
149
135
141
120
133
124
134
109
102
93
85
101
94
98
67
88
67
62
59
58
63
52
34
54
52
33
32
40
24
34
42
27
29
30
30
19
22
18
14
16
21
16
12
17
9
14
11
10
7
9
9
5
8
6
2
4
5
5
5
0
2
10
1
1
4
4
2
2
3
5
1
3
1
2
2
3
0
1
2
2
2
2
4
1
0
3
1
2
1
3
1
1
1
2
2
1
2
1
2
1
1
2
1
2
2
2
1
3
3
2
3
1
1
1
1
2
0
2
2
4
3
0
0
1
2
4
3
1
1
1
0
1
2
5
1
2
1
2
1
2
2
2
1
1
4
1
0
3
1
3
2
3
1
2
1
2
2
0
1
3
1
2
4
0
3
0
0
4
2
3
0
3
2
4
1
0
0
1
1
1
1
2
0
4
4
2
2
2
0
3
2
2
1
2
1
0
2
1
2
2
0
1
2
0
3
0
2
0
6
0
0
0
1
0
2
1
0
1
2
2
2
0
0
2
0
1
0
2
1
1
0
3
0
3
2
1
2
0
3
1
2
0
0
1
1
1
1
0
0
1
1
1
0
1
0
0
1
0
1
1
0
1
0
0
0
0
0
0
0
0
0
1
0
1
0
1
0
0
1
0
0
0
0
0
0
0
0
0
0
0
1
0
0
0
0
0
0
2
0
1
0
0
0
0
1
1
0
0
0
1
0
0
1
0
0
0
0
1
1
0
0
0
1
1
1
0
1
2
1
0
0
1
1
1
1
1
0
1
4
1
2
2
2
3
3
1
1
3
1
3
2
0
0
0
0
2
0
1
2
0
0
0
1
3
0
2
2
2
3
2
0
1
3
1
2
3
1
0
2
1
2
2
0
1
1
1
3
1
0
0
0
1
1
0
0
3
1
2
1
1
0
0
1
3
1
0
1
1
3
0
0
2
1
1
0
0
2
0
0
0
0
0
0
1
0
0
0
0
0
1
1
0
0
0
0
0
1
1
0
0
0
0
0
0
0
0
0
0
0
0
0
0
0
0
0
1
0
0
1
0
0
0
0
0
0
0
0
0
0
0
1
0
0
0
0
0
0
0
0
0
0
0
0
0
0
0
0
0
0
0
0
0
0
0
0
0
0
0
0
0
0
0
2
0
0
0
0
0
0
0
0
0
0
0
0
0
0
0
0
0
0
0
0
0
0
0
0
0
0
1
0
0
0
0
0
0
0
0
0
0
0
0
0
0
0
0
0
0
0
0
0
0
0
0
0
0
0
0
0
0
1
0
0
0
0
0
0
0
0
0
0
0
0
0
0
0
0
0
0
0
0
0
0
0
0
0
0
0
0
0
0
0
0
0
0
0
0
0
0
0
0
0
0
0
0
0
0
0
0
0
0
0
0
0
0
0
0
0
0
0
0
0
0
0
0
0
0
0
0
0
0
0
0
0
0
0
0
0
0
0
0
0
0
0
0
0
0
0
0
0
0
0
0
0
1
1
0
0
0
0
0
0
0
0
0
0
0
0
0
0
0
0
0
0
0
0
0
0
0
0
0
0
0
0
0
0
0
0
0
0
0
0
0
0
0
0
0
0
0
0
0
0
0
0
0
0
0
0
0
0
0
0
0
0
0
0
0
0
0
0
0
0
0
0
0
0
0
0
0
0
0
0
0
0
0
1
0
0
0
0
0
0
0
0
0
0
0
0
0
0
0
0
0
0
0
0
0
0
0
0
0
0
0
0
0
0
0
0
0
0
0
0
0
0
1
0
0
0
0
0
0
0
0
0
0
0
0
0
0
0
0
0
0
0
0
0
0
0
0
0
0
0
0
0
0
0
0
0
0
0
0
0
0
0
0
0
0
0
0
0
0
0
0
0
0
0
0
0
0
0
0
0
0
0
0
0
0
0
0
0
0
0
0
0
0
0
0
0
0
0
0
0
0
0
0
0
0
0
0
0
0
0
0
0
0
0
0
0
0
0
0
0
0
0
0
0
0
0
0
0
0
0
0
0
0
0
0
0
0
0
0
0
0
0
0
0
0
0
0
0
0
0
0
0
0
0
0
0
0
0
0
0
0
0
0
0
0
0
0
0
0
0
0
0
0
0
0
0
0
0
0
0
0
0
0
0
0
0
0
0
0
0
0
0
0
0
0
0
0
0
0
0
0
0
0
0
0
0
0
0
0
0
0
0
0
0
0
0
0
0
0
0
0
0
1
0
0
0
0
0
0
0
0
0
0
0
0
0
0
0
0
0
0
0
0
0
0
0
0
0
0
0
0
0
0
0
0
0
0
0
0
0
0
0
0
0
0
0
0
0
0
0
0
0
0
0
0
0
0
0
0
0
0
0
0
0
0
0
0
0
0
0
0
0
0
0
0
0
0
0
0
0
0
0
0
0
0
0
0
0
0
0
0
0
0
0
0
0
0
0
0
0
0
0
0
0
1
0
0
0
0
0
0
0
0
0
0
0
0
0
0
0
0
0
0
0
0
0
0
0
0
0
0
0
0
0
1
0
0
0
0
0
1
0
0
0
0
0
0
0
0
0
0
0
1
0
0
0
0
0
0
0
0
0
0
0
0
0
0
0
0
0
0
0
0
0
0
0
0
0
0
0
0
0
0
0
0
0
0
0
0
0
0
0
0
0
0
1
0
1
0
0
0
0
0
0
0
0
0
0
0
0
0
0
0
0
0
0
0
0
0
0
0
0
0
0
0
0
0
0
0
0
0
0
0
0
0
1
0
0
0
0
0
0
0
0
0
0
0
0
0
0
0
0
0
0
0
0
0
0
0
0
0
0
0
0
0
0
0
0
0
0
0
0
0
0
0
0
0
0
0
0
0
0
0
0
0
0
0
0
0
0
0
0
0
0
0
0
0
0
0
0
0
0
0
0
0
0
0
0
0
0
0
0
0
0
0
0
0
0
0
0
0
0
0
0
0
0
1
0
0
0
0
0
0
0
0
0
0
0
0
0
0
0
0
0
0
0
0
0
0
0
0
0
0
0
0
0
0
0
0
0
0
0
0
0
0
0
0
0
0
0
0
0
0
0
0
0
0
0
0
0
0
0
0
0
0
0
0
0
0
0
0
0
0
0
0
0
0
0
0
0
0
0
0
0
0
0
0
0
0
0
0
0
0
0
0
0
0
0
1
0
0
0
1
0
0
0
0
0
0
0
0
0
0
0
0
0
0
0
0
0
0
0
0
0
0
0
0
0
0
0
0
0
0
0
0
0
0
0
0
0
0
0
0
0
0
0
0
0
0
0
0
0
0
0
0
0
0
0
0
0
0
0
0
0
0
0
0
0
0
0
0
0
0
0
0
0
0
0
0
0
0
0
0
0
0
0
0
0
0
0
0
0
0
0
0
0
0
0
0
0
0
0
0
1
0
0
0
0
0
0
0
0
0
0
0
0
0
0
0
0
0
0
0
0
0
0
0
0
0
0
0
0
0
0
0
0
0
0
0
0
0
0
0
0
0
0
0
0
0
0
0
0
0
0
0
0
0
0
0
0
0
0
0
0
0
0
0
0
0
0
0
0
0
0
0
0
0
0
0
0
0
0
0
0
0
0
0
1
0
0
0
0
1
0
0
0
0
0
0
0
0
0
0
0
0
0
0
0
0
0
0
0
0
0
0
0
0
0
0
0
1
0
0
0
0
0
0
0
0
0
0
0
0
0
0
0
0
0
0
0
0
0
0
0
0
0
0
0
0
0
0
0
0
0
0
0
0
0
0
0
0
0
0
0
0
0
0
0
0
0
0
0
0
0
0
0
0
0
0
0
0
0
0
0
0
0
0
0
0
0
1
0
0
0
0
0
0
0
0
0
0
0
0
0
0
0
0
0
0
0
0
0
0
0
0
0
0
0
0
0
0
0
0
0
1
0
0
0
0
0
0
0
0
0
0
0
0
0
0
0
0
0
0
0
0
0
0
0
0
0
0
0
0
0
0
0
0
0
0
0
0
0
0
0
0
0
0
0
0
0
0
0
0
0
0
0
0
0
0
0
0
0
0
0
0
0
0
0
0
0
0
0
0
0
0
0
0
0
0
0
0
0
0
0
0
0
0
0
0
0
0
0
0
0
0
0
0
0
0
0
0
0
0
0
0
0
0
0
0
0
0
0
0
0
0
0
0
0
0
0
0
0
0
0
0
0
0
0
0
0
0
0
0
0
0
0
0
0
0
0
0
0
0
0
0
0
0
0
0
0
0
0
0
0
0
0
0
0
0
0
0
0
0
0
0
0
0
0
0
0
0
0
0
0
0
0
0
0
0
0
0
0
0
0
0
0
0
0
0
0
0
0
0
0
0
0
0
0
0
0
0
0
0
0
0
0
0
0
0
0
0
0
0
0
0
0
0
0
0
0
0
0
0
0
0
0
0
0
0
0
0
0
0
0
0
0
0
0
0
0
0
0
0
0
0
0
0
0
0
0
0
0
0
0
0
0
0
0
0
0
0
0
0
0
0
0
0
0
0
0
0
0
0
0
0
0
0
0
0
0
0
0
0
0
0
0
0
0
0
0
0
0
0
0
0
0
0
0
0
0
0
0
0
0
0
0
0
0
0
0
0
0
0
0
0
0
0
0
0
0
0
0
0
0
0
0
0
0
0
0
0
0
0
0
0
0
0
0
0
0
0
0
0
0
0
0
0
0
0
0
0
0
0
0
0
0
0
0
0
0
0
0
0
0
0
0
0
0
0
0
0
0
0
0
0
0
0
0
0
0
0
0
0
0
0
0
0
0
0
0
0
0
0
0
0
0
0
0
0
0
0
0
0
0
0
0
0
0
0
0
0
0
0
0
0
0
0
0
0
0
