0
0
0
0
0
0
0
0
0
0
5136
6966
6911
6853
6846
6929
6900
6887
6681
6638
6574
6667
6637
6726
6621
6646
6657
6579
6695
6573
6456
6540
6429
6610
6618
6505
6543
6482
6407
6390
6162
6525
6431
6320
6469
6438
6410
6437
6254
6387
6340
6355
6198
6300
6321
6292
6420
6296
6324
6234
6230
6345
6258
6295
6346
6298
6265
6262
6301
6334
6201
6145
6238
6113
6025
6205
6086
6092
6154
6037
6076
6207
6223
6151
6235
6234
6268
6163
6132
5985
6130
6124
5926
6013
6095
6162
5906
6017
5984
5953
6139
6038
6049
6016
5955
6111
6041
5952
5917
5988
5911
6015
5904
5944
5885
6070
5880
5958
5992
5967
5713
5861
5811
5808
5842
5847
5945
5917
5833
5831
5764
5742
5862
5807
5848
5794
5869
5863
5738
5882
5807
5783
5778
5786
5659
5818
5787
5703
5862
5767
5655
5802
5775
5623
5801
5798
5797
5561
5577
5769
5627
5716
5715
5663
5642
5698
5563
5758
5578
5658
5731
5601
5622
5557
5636
5543
5617
5472
5545
5584
5618
5620
5438
5564
5503
5434
5632
5554
5555
5521
5554
5642
5484
5592
5476
5421
5443
5443
5631
5458
5386
5397
5456
5356
5384
5452
5388
5473
5459
5358
5341
5571
5339
5299
5379
5373
5472
5296
5322
5469
5487
5412
5329
5293
5350
5222
5321
5346
5277
5251
5307
5397
5245
5245
5260
5304
5342
5254
5239
5346
5224
5192
5090
5262
5394
5105
5247
5232
5161
5122
5164
5273
5204
5029
5207
5277
5056
5096
5055
5095
5118
5208
5179
5147
5313
5066
5157
5178
5093
5152
5116
5054
5205
5103
4941
4982
5180
4906
5098
5083
5173
5147
5015
5016
5025
5042
5067
5083
4925
4960
4885
4969
4937
4883
4992
5004
4970
4824
4823
5032
4874
4886
4905
4933
4962
5023
4949
4955
4874
4879
4989
4958
4874
4962
4796
4951
4955
4881
4920
4843
4897
4838
4695
4901
4853
4844
4775
4965
4757
4721
4783
4848
4771
4724
4885
4751
4899
4800
4707
4758
4749
4663
4848
4732
4772
4786
4699
4645
4709
4696
4669
4763
4635
4762
4754
4701
4680
4593
4595
4592
4744
4716
4679
4721
4613
4661
4680
4687
4595
4609
4560
4639
4597
4686
4466
4615
4540
4563
4509
4561
4740
4501
4628
4473
4532
4486
4569
4482
4503
4557
4667
4574
4524
4603
4508
4449
4526
4340
4357
4581
4543
4584
4467
4430
4533
4423
4491
4451
4556
4475
4352
4408
4507
4390
4442
4451
4402
4327
4372
4454
4413
4451
4383
4318
4464
4368
4419
4382
4367
4321
4208
4284
4400
4359
4344
4349
4367
4283
4254
4441
4293
4325
4221
4294
4318
4180
4441
4239
4319
4140
4349
4158
4307
4089
4167
4268
4320
4400
4200
4265
4365
4251
4280
4165
4245
4297
4171
4247
4204
4162
4222
4244
4312
4120
4262
4095
4113
4196
4190
4135
4150
3970
4112
4195
4242
4164
4053
4140
4125
4035
4017
4057
4074
4087
4096
4049
4046
4036
4109
4186
4134
4152
4154
4065
3939
4049
4077
3955
4022
4012
3966
4024
4101
3992
4057
3882
3956
3909
4114
4068
3917
4051
3942
4004
4016
3974
3930
3875
3942
4095
4028
4091
3877
3914
3841
3996
3978
3876
3951
3950
3888
3884
3885
3916
3859
4002
3869
3933
3886
3942
3894
3794
3894
3792
3936
3828
3823
3941
3930
3750
3765
3886
3842
3848
3789
3868
3781
3714
3797
3839
3723
3879
3933
3857
3912
3883
3722
3822
3741
3747
3821
3784
3792
3776
3819
3641
3669
3737
3661
3661
3659
3686
3762
3754
3690
3710
3755
3779
3648
3813
3639
3750
3752
3710
3715
3816
3652
3539
3653
3624
3643
3598
3712
3653
3602
3515
3591
3637
3747
3681
3612
3615
3626
3570
3629
3592
3603
3642
3620
3652
3647
3541
3581
3605
3600
3581
3544
3577
3526
3512
3598
3547
3635
3518
3481
3541
3468
3512
3555
3498
3614
3458
3542
3546
3484
3496
3537
3539
3501
3455
3430
3432
3444
3477
3414
3442
3437
3479
3486
3437
3435
3478
3512
3431
3533
3404
3479
3367
3315
3377
3499
3457
3438
3465
3303
3543
3293
3362
3325
3375
3395
3479
3395
3415
3384
3365
3420
3374
3250
3300
3490
3321
3367
3387
3368
3392
3354
3289
3347
3299
3367
3197
3201
3369
3182
3321
3271
3277
3302
3254
3223
3318
3228
3219
3324
3205
3343
3195
3240
3330
3357
3302
3202
3369
3242
3251
3201
3134
3204
3313
3222
3197
3209
3153
3292
3134
3145
3264
3218
3195
3278
3126
3197
3104
3220
3141
3195
3149
3051
3119
3246
3128
3170
3060
3236
3251
3174
3118
3099
3126
3084
3125
3137
3224
3200
3097
3065
3116
3107
3053
3098
3073
3100
3082
3130
3086
3040
2998
3154
2995
3036
3096
3129
3128
2994
3066
3051
3109
3037
2958
3013
3109
3101
3040
3018
3075
3002
2894
3006
3039
2994
2995
2878
3043
3042
2988
2981
2981
3088
3005
2896
2906
3035
2992
2863
2940
2962
2971
2871
3014
2932
2922
2945
2960
2939
2933
2991
2855
2991
2996
2953
2846
2874
2930
2929
2948
2901
2884
2873
2795
2862
2843
2910
2979
2869
2870
2887
2810
2871
2845
2847
2875
2821
2883
2830
2814
2917
2811
2779
2766
2827
2899
2841
2772
2736
2791
2870
2771
2868
2794
2700
2771
2824
2681
2870
2812
2753
2818
2773
2820
2821
2762
2735
2793
2749
2656
2763
2841
2888
2767
2849
2768
2731
2804
2806
2795
2784
2755
2804
2726
2784
2683
2690
2634
2716
2738
2707
2624
2719
2724
2694
2776
2756
2737
2626
2736
2673
2683
2758
2710
2611
2768
2713
2709
2713
2740
2643
2628
2668
2592
2537
2509
2693
2630
2635
2717
2683
2649
2723
2621
2619
2632
2570
2512
2570
2598
2686
2625
2613
2621
2648
2631
2512
2633
2609
2628
2605
2632
2491
2578
2575
2589
2503
2560
2500
2501
2576
2561
2468
2601
2640
2459
2485
2580
2628
2580
2525
2597
2498
2520
2446
2529
2500
2513
2539
2504
2510
2508
2542
2423
2477
2569
2481
2504
2463
2523
2426
2467
2498
2523
2440
2528
2517
2542
2462
2412
2352
2483
2475
2377
2499
2424
2435
2509
2407
2455
2462
2411
2474
2434
2420
2514
2379
2385
2448
2486
2393
2369
2420
2415
2452
2341
2393
2442
2416
2274
2401
2383
2378
2410
2364
2312
2363
2269
2421
2340
2370
2348
2265
2266
2290
2455
2413
2333
2319
2419
2388
2272
2371
2355
2381
2279
2260
2413
2347
2361
2273
2286
2475
2265
2303
2294
2321
2351
2287
2245
2307
2307
2289
2218
2335
2323
2222
2244
2296
2168
2213
2329
2232
2308
2203
2223
2227
2284
2210
2241
2263
2194
2284
2301
2216
2226
2280
2315
2252
2227
2292
2188
2216
2239
2258
2196
2225
2216
2191
2148
2171
2137
2147
2252
2150
2277
2330
2122
2183
2294
2184
2241
2206
2158
2191
2092
2182
2155
2236
2135
2244
2160
2110
2162
2098
2116
2185
2129
2211
2135
2142
2124
2163
2139
2217
2206
2177
2144
2082
2226
2082
2100
2133
2070
2001
2134
2106
2168
2217
2131
2068
2168
2099
2110
2098
2117
2104
2059
2118
2104
2063
2108
2081
2060
2036
2000
2057
2084
2066
2132
2040
2093
2069
2095
2083
2006
2117
2067
2069
2037
2121
1983
1908
2010
2074
2050
1999
2047
2004
1973
2114
2027
2007
2041
2101
1962
2002
2036
1886
2041
2057
2045
2019
1950
1944
2006
1965
1994
2026
1977
2064
1929
1920
1983
1940
1956
1957
2036
1974
1985
1910
1911
1993
2011
1937
1929
1950
1994
1847
1912
2031
1916
1884
1971
1929
1944
1975
1852
1915
1967
1865
1925
1952
2002
1899
1930
1889
1887
1910
1834
1940
1899
1948
1966
1928
1894
1873
1900
1915
1933
1843
1847
1917
1907
1878
1814
1885
1810
1882
1840
1863
1906
1861
1834
1843
1824
1810
1856
1845
1832
1870
1845
1833
1866
1787
1814
1951
1832
1767
1917
1766
1861
1808
1826
1891
1795
1806
1879
1857
1778
1812
1767
1794
1849
1816
1843
1852
1784
1803
1791
1757
1782
1914
1777
1800
1722
1823
1845
1784
1776
1789
1775
1845
1741
1826
1810
1760
1754
1850
1760
1819
1736
1747
1861
1741
1711
1790
1749
1763
1761
1768
1721
1727
1736
1756
1703
1766
1704
1713
1734
1698
1712
1758
1719
1752
1704
1745
1726
1644
1775
1730
1731
1728
1664
1669
1666
1707
1681
1688
1745
1706
1662
1792
1604
1697
1694
1679
1683
1607
1716
1693
1711
1714
1702
1644
1641
1610
1708
1700
1636
1652
1644
1660
1676
1654
1602
1658
1696
1642
1603
1654
1648
1637
1662
1603
1623
1626
1698
1595
1668
1626
1699
1606
1604
1628
1620
1639
1657
1615
1584
1594
1579
1569
1573
1604
1649
1564
1636
1564
1614
1634
1679
1609
1590
1598
1605
1625
1593
1651
1541
1529
1520
1557
1629
1619
1574
1541
1540
1606
1587
1679
1577
1593
1572
1594
1602
1560
1596
1567
1581
1474
1509
1554
1536
1581
1564
1638
1515
1530
1561
1547
1487
1530
1563
1446
1583
1456
1493
1549
1564
1534
1495
1488
1601
1501
1437
1483
1513
1512
1519
1519
1479
1538
1518
1554
1542
1544
1505
1466
1446
1493
1525
1498
1483
1462
1483
1526
1488
1355
1524
1487
1437
1519
1472
1443
1557
1479
1476
1409
1372
1425
1359
1536
1421
1478
1339
1540
1427
1432
1398
1448
1401
1470
1475
1445
1468
1436
1456
1456
1497
1393
1434
1409
1438
1418
1429
1390
1385
1458
1423
1466
1438
1411
1408
1465
1445
1424
1393
1368
1393
1367
1366
1432
1393
1395
1391
1380
1341
1361
1351
1363
1394
1403
1394
1418
1385
1327
1376
1339
1359
1380
1456
1413
1429
1371
1359
1330
1361
1354
1416
1328
1320
1394
1349
1377
1395
1336
1368
1335
1364
1381
1347
1325
1353
1394
1338
1328
1415
1292
1361
1354
1330
1370
1351
1305
1343
1305
1298
1313
1304
1322
1342
1285
1313
1375
1323
1325
1315
1315
1315
1319
1298
1260
1339
1264
1356
1303
1307
1304
1308
1308
1254
1312
1280
1213
1293
1265
1305
1304
1363
1353
1362
1223
1247
1234
1293
1299
1288
1292
1272
1303
1285
1251
1250
1253
1268
1298
1320
1243
1279
1280
1237
1243
1282
1288
1225
1313
1278
1289
1252
1249
1213
1165
1277
1215
1266
1269
1314
1287
1250
1251
1183
1162
1216
1231
1207
1219
1247
1192
1216
1267
1203
1182
1263
1178
1189
1236
1258
1227
1194
1206
1246
1278
1133
1169
1207
1195
1267
1166
1200
1221
1235
1195
1212
1201
1213
1196
1162
1222
1162
1170
1193
1210
1154
1217
1194
1211
1249
1176
1197
1213
1136
1231
1209
1218
1154
1155
1181
1183
1192
1141
1127
1140
1124
1142
1156
1165
1162
1128
1114
1113
1055
1161
1188
1221
1152
1134
1153
1137
1117
1116
1203
1140
1081
1138
1104
1100
1146
1172
1108
1148
1103
1154
1135
1136
1123
1158
1149
1150
1071
1092
1114
1104
1173
1112
1168
1109
1126
1082
1122
1121
1063
1091
1092
1110
1101
1054
1092
1051
1101
1061
1089
1101
1023
1090
1128
1101
1062
1143
1046
1082
1093
1039
1136
1094
1028
1128
1087
1093
1091
1016
1043
1048
1131
1131
1067
1032
1057
1071
1023
1040
1123
1117
1098
1081
1093
1054
1028
1057
1089
1086
1081
1089
1007
1046
1010
1031
974
1086
1071
1097
1079
1031
1098
1031
1086
1019
1076
994
1024
1046
1026
1072
1048
984
1004
1061
1029
1009
1010
1059
1026
984
1011
1048
1008
999
984
1023
981
981
1009
1031
1046
1056
1023
1031
1067
1056
989
1063
1009
980
1040
1038
984
1030
985
973
984
997
982
997
1000
957
995
954
1023
939
976
1016
1032
966
988
950
1031
980
1009
899
1011
1015
977
952
974
1008
982
984
919
998
968
975
894
954
993
989
945
977
904
970
912
958
935
935
1012
957
978
973
954
1006
987
946
952
980
986
961
961
957
925
954
985
974
941
929
939
911
938
931
987
957
926
1035
941
990
990
938
927
1006
925
905
904
916
890
861
901
944
951
897
887
905
880
953
921
845
885
877
923
903
924
900
925
871
924
876
913
907
901
903
867
903
890
914
938
891
902
905
879
873
889
913
889
896
882
854
941
927
851
871
935
857
850
879
897
842
860
868
931
860
880
859
894
871
921
860
904
870
870
861
818
842
857
912
864
898
859
877
906
825
835
815
837
871
878
831
865
847
855
832
802
826
837
863
823
849
856
862
817
817
827
825
845
847
859
878
851
793
865
834
826
830
822
866
871
815
806
811
848
809
834
838
814
819
827
823
784
804
814
839
828
828
844
840
756
846
811
862
818
814
852
821
783
812
833
788
816
838
784
824
802
783
847
852
860
850
838
872
807
778
817
794
739
777
783
762
805
754
743
814
791
761
779
790
809
811
785
776
781
730
723
725
742
795
759
741
767
792
775
741
810
773
718
742
738
770
771
772
750
794
798
764
734
749
748
737
755
741
757
760
757
772
739
785
783
736
732
739
773
710
734
694
697
740
726
734
735
750
755
690
748
702
731
708
711
723
663
743
739
736
754
707
709
762
727
722
721
712
750
744
741
691
756
706
715
750
708
725
738
730
737
721
747
723
689
706
699
741
677
737
714
728
728
691
682
731
706
702
725
690
658
727
692
733
668
691
718
666
689
718
694
683
723
717
703
702
705
625
713
719
691
682
672
717
731
628
719
674
658
707
715
676
690
663
719
684
682
672
656
694
641
718
710
742
692
641
665
652
688
723
686
665
698
616
706
649
672
612
640
643
668
660
694
658
660
658
646
691
646
653
612
680
642
623
634
603
652
670
682
622
691
610
613
681
661
628
636
676
678
619
672
630
668
661
622
613
691
657
671
650
617
625
701
595
629
625
681
647
659
609
617
645
634
665
634
655
643
598
617
654
670
636
631
601
653
598
649
595
641
602
640
658
606
629
636
612
600
621
599
602
603
583
655
550
597
605
599
657
590
594
597
592
634
621
594
568
573
601
591
604
585
611
614
653
623
616
639
611
617
587
561
606
621
556
611
588
584
599
570
583
562
589
626
588
545
614
598
572
595
590
577
599
621
609
597
601
598
629
614
574
542
643
556
581
570
546
624
602
559
577
592
547
586
582
522
542
559
563
547
574
558
538
559
588
539
606
557
550
538
542
560
621
609
520
539
562
619
564
578
571
535
539
547
555
535
580
534
550
562
572
561
536
539
560
591
545
611
576
512
563
541
541
515
543
568
534
562
534
575
563
543
504
521
539
515
524
538
574
549
555
558
544
550
520
528
538
508
514
540
572
503
540
524
514
528
474
529
542
560
537
523
525
525
543
563
518
489
535
542
572
514
497
469
494
555
519
538
512
518
512
525
488
506
575
523
539
516
515
509
528
483
522
484
507
513
492
505
503
510
511
513
477
501
487
511
535
519
479
536
491
525
494
509
479
491
519
543
513
520
502
475
517
503
494
504
526
461
477
474
432
492
468
447
479
521
468
494
507
436
447
479
518
472
456
464
501
508
487
500
526
481
494
493
523
491
510
511
567
489
453
470
452
476
474
479
479
481
468
455
450
489
461
457
461
480
457
453
475
512
489
467
478
459
458
478
451
465
467
441
477
448
471
491
451
408
462
483
500
454
451
461
450
493
473
472
490
470
442
436
479
454
469
446
435
448
436
487
483
467
454
479
438
437
459
386
434
417
433
462
443
446
436
470
410
445
412
451
446
412
428
442
432
413
430
431
425
458
436
406
468
458
420
442
418
441
434
422
409
472
431
396
442
438
445
439
462
383
456
431
414
443
442
408
429
447
427
412
438
423
407
449
435
409
450
409
434
423
411
446
437
404
415
401
412
415
453
442
415
398
396
395
434
434
438
383
422
411
415
410
448
398
395
388
434
426
373
424
418
430
425
403
406
434
369
421
415
423
387
373
421
426
413
391
421
394
414
435
408
412
417
440
399
368
402
407
397
365
415
374
421
390
388
444
373
406
387
399
418
416
353
394
413
370
373
374
430
388
393
397
375
375
442
415
379
403
393
378
380
414
387
388
397
378
394
380
352
381
396
380
396
374
417
344
385
379
405
397
354
369
360
397
362
398
353
389
373
370
403
355
348
363
363
370
390
397
380
364
367
367
363
368
315
381
355
344
388
391
366
378
381
381
351
376
383
365
381
379
397
374
331
317
343
377
362
370
369
322
380
334
365
343
398
360
375
351
336
333
373
360
387
358
321
396
352
380
370
341
393
363
338
355
343
372
324
357
350
340
346
363
332
358
325
292
334
327
338
347
314
356
315
339
342
334
363
327
329
352
371
335
322
371
365
359
343
362
336
366
331
349
339
334
335
337
364
360
348
325
324
335
350
339
330
338
325
311
316
351
330
298
291
323
334
308
336
337
329
349
318
308
340
319
324
323
314
319
335
313
313
318
321
319
336
336
333
318
318
342
353
304
300
318
293
315
333
328
346
332
329
310
297
311
350
289
307
319
315
320
351
351
324
323
303
342
344
324
327
314
316
327
305
275
338
313
311
309
282
329
313
297
284
290
297
313
309
303
286
266
312
284
318
292
299
312
326
296
309
295
297
333
303
328
320
282
314
267
269
302
275
327
304
279
301
288
313
291
294
276
300
298
275
287
314
313
314
302
302
308
306
299
310
310
320
293
301
307
298
298
325
266
324
294
267
283
272
297
304
299
301
292
277
292
278
297
288
289
268
288
286
273
273
289
285
277
281
300
268
281
290
299
283
268
319
314
278
294
257
260
280
279
258
315
304
268
282
269
256
260
280
304
273
305
269
279
266
308
244
261
258
286
271
259
283
265
273
247
251
257
265
272
271
269
266
278
281
250
304
285
286
262
289
260
260
243
286
278
266
281
282
263
264
243
289
266
253
230
268
284
270
241
275
234
252
265
254
270
274
269
272
252
251
288
247
278
251
278
239
260
258
238
236
242
251
256
256
262
257
235
266
261
279
278
283
251
256
248
254
265
295
240
237
252
266
274
284
249
254
230
238
265
256
256
278
229
276
258
238
247
245
252
257
249
237
225
243
266
250
283
233
258
245
251
270
249
265
226
233
245
219
259
223
246
215
243
283
246
256
249
260
243
228
243
240
240
240
233
258
262
224
209
236
264
267
260
244
227
240
231
259
250
244
233
226
222
241
258
239
229
231
226
219
219
220
220
256
230
224
236
231
248
231
242
223
221
251
220
227
214
238
230
225
252
220
228
233
239
207
256
226
238
232
261
242
233
231
217
241
230
277
204
247
239
238
230
213
224
210
230
226
240
198
226
209
236
211
218
231
210
224
217
220
230
213
221
214
235
215
229
217
236
226
217
212
221
228
212
224
245
187
211
210
210
203
212
254
195
243
211
219
225
226
210
224
236
223
179
206
204
226
203
208
203
226
204
222
197
213
223
195
247
233
231
195
221
203
216
232
215
209
186
196
235
193
222
214
205
187
181
199
176
201
197
245
218
203
220
212
200
203
214
203
190
197
196
197
204
195
204
198
184
197
217
204
229
206
214
206
222
223
215
225
220
209
206
197
207
215
180
217
201
183
249
208
216
208
223
201
215
194
193
167
167
200
177
176
207
212
178
170
182
184
194
186
178
182
217
193
188
192
201
207
181
193
176
177
175
211
195
172
190
188
189
186
190
172
186
190
178
192
167
200
196
191
185
195
195
194
204
189
187
182
214
193
195
183
189
170
187
197
178
187
191
185
185
201
181
171
169
179
175
189
162
200
200
197
174
182
177
192
182
189
172
179
168
182
181
179
144
153
164
188
174
166
170
173
167
176
177
175
181
187
166
161
187
173
177
202
161
170
173
172
185
168
165
172
170
177
166
202
168
182
183
182
169
178
171
183
177
166
183
169
172
173
167
177
178
180
167
154
164
162
147
172
167
167
161
166
154
171
160
173
183
158
175
183
162
165
152
173
167
165
167
156
157
162
197
147
169
180
168
159
155
192
190
176
169
164
161
156
187
170
161
157
165
153
169
167
172
164
177
174
183
155
159
165
152
156
136
169
146
170
160
190
157
162
174
157
149
168
149
160
180
168
147
174
166
153
162
147
165
150
169
202
171
168
156
163
154
171
153
161
142
154
158
148
158
151
169
177
145
164
148
144
156
140
163
156
165
164
161
166
171
170
145
147
159
165
143
148
145
161
159
164
147
170
149
158
157
154
143
150
163
155
158
163
157
176
155
150
151
143
153
155
162
146
155
147
144
146
130
132
131
139
159
147
148
162
179
154
144
167
137
148
148
134
168
142
147
134
147
146
139
149
152
151
151
139
146
158
142
156
124
150
126
132
151
136
131
157
131
133
127
146
145
143
117
154
160
137
142
138
154
122
159
135
155
137
154
139
147
149
146
161
158
148
140
154
167
133
132
148
149
122
118
147
163
137
141
145
122
143
131
132
147
143
141
144
163
138
138
131
124
128
151
127
148
143
123
132
124
138
144
157
144
137
132
119
146
127
140
153
132
162
140
150
142
145
140
116
136
124
140
121
132
138
135
119
126
130
150
124
131
130
160
141
123
149
122
121
118
124
137
139
116
159
141
120
143
140
113
149
137
122
127
126
104
148
108
135
106
137
131
122
104
156
125
156
129
113
123
123
123
143
116
140
112
136
104
126
117
115
131
134
145
151
125
97
133
121
128
134
132
126
133
118
100
121
137
144
110
126
136
120
102
129
122
112
124
120
116
123
120
116
119
121
108
100
120
118
106
116
118
118
119
114
115
112
122
115
118
126
112
121
96
143
120
109
139
131
123
102
111
124
122
114
115
105
108
132
103
125
110
132
143
103
110
119
112
100
101
130
113
126
121
101
117
105
112
118
122
104
115
125
109
96
120
127
124
119
98
122
122
108
106
108
112
125
103
109
104
102
129
123
107
122
120
92
133
106
116
107
124
113
120
105
114
111
126
119
100
101
94
117
110
105
112
107
106
104
121
107
114
111
105
97
112
109
122
86
113
118
115
103
112
114
112
96
116
97
105
83
93
124
122
119
103
121
105
116
105
99
129
110
115
115
97
108
105
117
99
90
102
99
98
108
106
117
113
105
111
93
95
90
102
105
94
90
92
103
93
100
89
114
135
121
89
92
107
92
96
107
110
91
105
118
97
97
95
99
93
105
89
96
92
105
93
100
90
96
94
100
99
108
81
110
103
97
106
100
111
87
103
87
99
100
104
92
104
84
88
118
111
98
107
88
104
101
114
102
103
96
109
80
75
112
95
89
80
94
114
101
84
98
106
91
92
100
98
101
86
94
100
103
90
107
103
87
81
99
113
85
92
96
89
88
96
107
89
78
87
84
93
103
94
89
96
82
93
102
76
105
89
86
87
87
88
87
109
91
74
90
86
97
87
93
89
101
79
81
93
88
84
75
93
96
99
93
75
91
85
95
94
71
87
96
90
92
86
108
104
90
96
94
95
80
96
100
77
96
98
98
74
79
98
80
88
86
102
105
77
98
81
89
83
97
76
63
92
88
84
94
67
83
82
83
78
79
77
89
83
86
113
88
80
104
92
82
85
69
94
84
89
85
82
103
70
85
72
83
83
97
96
79
67
69
111
85
74
72
75
71
81
98
101
85
72
91
81
77
75
92
79
105
90
87
76
93
89
90
104
88
93
78
100
78
88
85
82
90
87
73
95
91
63
75
77
65
85
67
67
83
69
91
70
78
85
82
75
87
77
84
72
66
83
87
83
84
79
71
75
63
73
81
80
80
81
79
61
77
76
65
80
82
79
72
86
76
72
64
93
73
92
80
74
95
79
79
82
82
77
82
60
86
66
87
63
81
90
64
67
85
62
81
81
70
69
70
79
73
83
73
66
83
76
83
72
74
87
63
70
73
65
76
72
76
56
72
80
78
56
70
75
70
82
56
65
72
72
68
101
76
78
63
60
81
48
78
73
56
72
64
60
64
76
72
68
78
75
59
75
73
79
55
80
63
72
71
71
78
65
59
58
73
79
66
63
87
65
74
57
73
78
82
61
68
70
66
74
84
58
55
61
70
79
53
63
64
76
68
68
71
75
73
70
77
56
62
53
56
70
77
63
65
64
64
64
63
55
56
63
72
71
58
70
62
74
65
69
58
55
89
67
56
77
61
59
67
63
71
69
75
66
63
56
63
79
63
58
84
59
82
70
63
66
58
80
75
76
53
67
79
57
46
80
81
81
69
66
59
53
58
67
61
55
69
51
54
61
53
58
68
64
65
74
59
60
53
74
75
64
60
67
56
72
63
54
63
64
60
63
66
55
60
75
64
64
56
59
69
70
57
67
64
61
59
56
55
54
62
69
59
65
69
71
59
64
64
57
69
64
54
51
53
59
71
51
71
55
74
72
73
68
61
55
59
67
66
50
59
52
70
58
65
63
60
75
55
58
52
49
66
59
50
41
59
47
53
63
56
60
46
64
65
68
59
57
53
59
64
73
58
45
58
63
48
68
63
63
56
49
56
58
47
60
60
54
58
49
64
50
61
62
42
71
65
55
57
59
53
57
62
45
47
50
64
56
47
51
68
54
43
51
51
58
58
55
42
59
55
46
58
39
65
53
51
43
59
46
51
69
67
71
43
52
54
56
59
41
57
52
52
47
57
55
40
60
53
58
51
52
53
54
49
47
37
61
52
68
45
56
62
69
62
57
60
57
53
51
50
47
61
51
62
59
45
60
46
56
61
49
49
51
61
49
50
42
38
45
42
41
38
50
47
41
63
47
53
46
58
59
50
45
54
49
56
52
54
52
47
51
46
55
51
43
49
57
38
54
38
50
47
37
44
46
45
44
40
53
57
42
51
41
49
65
54
48
50
51
45
44
42
45
53
50
54
52
74
53
47
55
49
48
51
49
37
48
67
40
42
56
48
36
55
46
46
51
38
59
40
45
33
56
55
54
52
48
52
43
59
43
48
44
45
45
45
49
45
52
50
48
56
50
41
44
34
51
36
53
49
44
40
56
61
49
40
42
36
35
43
42
49
45
50
47
50
40
46
43
45
44
33
48
36
44
63
41
45
42
57
47
49
41
49
31
48
43
46
42
41
45
41
54
51
41
33
32
46
41
34
49
38
40
40
39
34
41
36
42
39
35
43
37
41
44
37
31
45
40
41
40
50
40
43
41
37
40
50
50
43
41
37
37
41
51
27
57
42
29
36
42
50
47
42
39
31
39
47
42
37
50
44
49
56
29
42
38
49
44
55
43
55
52
47
54
45
44
31
46
53
42
43
34
46
22
30
41
40
54
38
36
32
30
43
33
52
35
46
42
44
32
43
38
38
49
38
36
31
52
42
38
50
44
38
36
38
42
31
51
30
46
29
33
40
41
34
32
37
39
48
39
33
36
43
50
42
43
45
50
45
39
40
30
33
45
43
37
41
45
36
35
38
33
40
42
57
40
41
43
35
25
29
39
43
37
48
32
37
27
32
30
38
37
40
40
39
45
42
46
38
26
38
30
27
33
37
47
47
30
38
34
46
35
31
44
35
39
34
28
38
38
22
36
37
38
40
36
43
31
34
37
36
38
41
40
46
36
33
31
46
39
32
43
32
33
36
38
34
38
33
44
41
34
36
46
35
44
40
23
42
33
37
24
26
29
37
35
31
32
35
41
35
26
30
34
30
33
31
29
28
31
32
29
20
34
40
41
33
29
29
31
52
43
29
34
34
39
36
40
43
30
34
34
34
25
27
32
29
19
33
33
29
32
29
34
39
29
24
20
37
28
22
27
34
38
29
34
28
29
33
32
36
28
36
34
31
36
34
27
29
37
35
26
24
24
29
38
29
41
42
35
23
38
25
37
26
31
34
36
19
34
28
26
33
28
35
26
32
33
22
37
31
27
34
20
28
34
32
27
38
38
27
32
39
25
32
29
35
32
32
24
38
33
32
19
37
34
38
40
22
30
32
31
32
28
28
30
36
33
23
30
21
33
31
21
33
25
34
27
34
31
33
28
23
34
19
25
32
36
34
28
31
34
25
23
35
33
31
33
24
35
32
26
19
31
30
26
24
28
29
27
34
23
34
25
24
28
21
31
25
36
27
32
39
33
34
31
19
24
21
36
31
31
32
29
27
26
21
34
36
22
33
35
30
28
26
35
39
21
43
35
24
35
30
37
32
36
35
18
33
24
27
18
27
33
30
21
35
25
28
28
22
19
27
24
32
27
29
25
32
27
31
27
26
23
32
26
29
34
27
29
9
32
19
30
26
30
21
35
27
31
28
28
17
26
24
23
38
21
24
22
25
20
24
38
24
20
27
20
34
41
30
24
29
26
22
30
30
35
28
22
37
15
30
23
23
29
17
22
20
22
26
29
22
21
27
13
27
23
19
20
34
21
28
27
30
31
25
28
22
25
18
29
18
26
20
20
15
17
21
27
26
20
19
30
28
16
23
22
21
30
20
23
24
22
22
23
19
19
24
23
23
20
27
26
25
24
25
19
28
36
22
32
27
15
24
24
24
30
30
20
35
23
22
27
29
21
24
23
26
24
30
23
19
23
17
29
27
23
15
29
19
17
33
26
22
26
25
29
30
25
23
18
25
28
23
13
20
23
20
22
29
26
21
21
22
17
24
22
17
18
24
21
15
22
17
15
23
27
26
26
20
26
17
24
25
19
16
24
19
26
21
30
17
22
16
17
27
21
25
26
31
18
23
19
26
19
16
20
22
23
25
19
20
27
22
22
20
22
18
21
21
25
28
16
18
29
15
27
21
28
25
19
21
22
23
19
35
21
22
19
19
18
20
26
22
26
18
19
19
21
19
27
34
21
23
22
25
27
19
23
17
19
13
19
25
25
18
22
23
15
20
18
16
17
23
18
23
17
17
25
22
20
23
19
17
18
19
19
17
15
24
25
10
11
16
19
19
23
20
10
31
22
29
22
24
18
21
14
19
15
19
14
26
23
19
9
21
17
20
19
23
20
23
14
16
20
26
27
15
25
12
13
20
17
18
18
28
20
20
16
17
13
31
20
22
21
15
16
18
16
22
16
20
14
18
19
12
19
23
9
16
21
12
10
14
19
30
10
20
15
17
23
26
13
16
15
14
14
17
12
9
15
14
21
19
20
13
20
12
14
19
17
26
20
21
23
23
14
7
21
22
26
17
16
18
15
21
15
20
24
23
23
12
21
11
17
9
17
17
12
8
16
17
15
17
20
20
18
17
20
13
17
20
27
17
8
25
14
21
21
23
16
14
14
20
9
20
10
18
18
19
16
18
13
13
27
10
17
21
19
12
18
15
19
17
14
18
19
18
18
12
19
12
15
21
19
25
11
10
22
28
14
13
17
18
19
17
16
15
15
17
9
30
17
16
8
20
17
19
17
19
21
12
10
14
21
13
7
16
17
7
10
15
16
11
9
18
16
14
16
14
16
11
17
9
10
13
9
22
7
16
15
13
9
9
17
25
16
14
12
17
14
13
21
15
20
20
16
17
14
14
16
15
16
21
25
20
18
15
9
13
18
11
16
20
24
25
12
13
18
21
17
16
9
15
13
25
16
19
19
9
15
14
16
14
18
11
13
13
19
13
19
15
20
19
15
18
15
7
16
15
7
10
13
15
14
17
10
9
18
13
15
13
15
17
14
13
15
18
26
16
16
10
18
18
11
8
17
12
14
11
14
19
13
25
8
15
19
23
14
16
18
19
10
15
12
17
10
16
15
15
17
16
14
19
18
17
5
8
9
5
18
9
15
18
12
11
15
13
11
18
9
11
10
15
11
12
12
19
13
16
19
17
15
14
15
15
11
16
11
23
6
17
19
17
11
15
15
9
16
15
11
4
13
14
12
19
18
12
9
13
12
13
12
18
12
5
15
9
16
14
11
15
12
21
9
7
16
6
16
19
13
14
12
6
11
9
10
18
10
15
20
15
17
16
14
16
10
10
13
11
16
14
7
14
21
9
11
11
10
10
9
19
11
12
9
12
9
6
13
8
10
11
10
14
11
11
12
12
17
16
13
11
14
13
17
10
15
15
16
17
12
12
11
14
11
10
12
13
15
10
17
15
15
12
15
13
11
14
16
14
13
20
11
11
14
11
17
12
15
16
13
5
13
13
16
10
11
10
8
9
17
12
9
14
13
12
11
13
15
10
12
15
14
8
8
8
13
12
12
13
15
16
10
11
11
18
7
7
13
9
9
14
11
18
8
12
15
5
7
5
4
14
13
10
7
10
13
5
11
9
9
8
8
14
6
15
10
11
13
18
19
12
8
15
13
6
6
14
16
9
10
17
11
7
14
11
13
12
11
9
8
7
10
9
14
7
12
12
10
9
5
11
19
13
4
9
14
11
8
10
11
9
14
11
9
11
8
11
15
17
7
14
6
11
6
10
7
8
10
8
10
11
9
3
8
8
12
18
5
6
9
13
9
15
14
14
14
10
8
15
7
15
6
4
2
17
15
11
7
16
15
6
10
14
11
14
14
12
13
12
9
12
11
10
7
9
9
9
7
8
7
8
8
16
10
17
5
11
7
5
11
12
5
5
10
8
9
14
14
12
9
12
10
8
17
7
8
10
13
6
12
11
8
8
10
13
5
5
12
11
9
8
10
11
14
4
8
7
11
12
8
6
11
17
9
11
9
13
5
6
11
14
15
15
10
12
12
7
7
4
8
10
6
8
13
14
20
13
7
4
7
8
10
13
13
7
6
9
9
12
14
6
5
6
6
7
4
8
12
8
4
12
11
14
8
6
9
12
12
15
8
15
13
6
6
13
10
12
8
7
10
9
6
7
9
12
7
6
13
9
11
8
12
8
7
3
10
4
13
11
12
10
15
8
10
9
12
8
5
6
5
10
8
8
13
10
4
12
11
7
13
14
10
11
6
15
10
11
9
9
2
9
10
8
7
6
5
9
10
11
11
11
6
9
11
10
8
6
9
8
15
3
11
9
7
9
8
10
9
10
9
10
7
13
8
8
6
6
12
6
4
8
5
10
11
6
4
6
11
7
10
8
4
9
13
7
10
11
9
11
5
11
4
12
8
5
9
8
6
6
8
11
5
8
8
4
4
9
7
7
8
4
4
12
8
13
8
9
11
3
5
6
12
12
4
9
5
7
7
8
7
5
9
6
9
12
10
5
7
9
11
8
12
8
6
6
7
6
4
4
4
7
3
10
13
7
9
9
3
5
11
5
10
5
10
8
6
6
11
6
7
8
10
5
11
7
6
8
7
7
7
3
8
1
10
4
12
7
5
5
6
5
12
3
2
6
8
5
5
6
7
5
11
9
4
9
12
5
9
7
7
11
11
8
5
6
6
12
3
10
5
7
7
9
5
6
6
11
8
7
6
7
10
7
8
6
11
8
9
5
9
4
12
3
4
4
6
8
5
8
4
6
10
7
9
6
9
7
5
9
6
11
9
5
8
6
9
5
9
7
5
8
7
8
8
10
11
11
3
7
9
6
7
4
7
7
4
4
13
15
4
9
6
8
8
5
6
6
4
5
7
2
9
6
9
5
4
5
11
5
5
9
5
7
8
7
4
9
8
2
11
5
3
8
7
8
3
2
7
8
9
5
7
8
5
2
8
8
5
6
7
8
6
3
10
5
1
13
4
10
4
8
7
9
8
3
7
3
4
14
8
8
6
4
8
8
9
11
4
6
6
7
8
4
6
7
7
4
12
4
5
8
8
3
6
10
7
6
4
11
8
3
7
6
5
4
7
5
12
3
10
4
5
10
4
5
4
6
5
4
4
6
9
7
12
6
5
2
2
4
6
7
4
10
7
8
7
3
6
6
5
9
13
6
9
8
4
11
6
2
4
3
5
11
6
7
3
3
5
5
6
7
4
5
9
8
5
1
4
7
7
3
7
7
11
8
5
6
4
7
5
4
5
11
8
5
6
8
3
3
5
9
5
9
4
6
10
3
2
1
9
5
5
4
4
7
2
7
3
9
6
12
4
2
4
5
2
2
3
4
4
3
3
5
6
6
5
3
2
6
11
4
5
8
5
5
8
6
7
4
4
3
7
1
7
7
8
5
8
7
7
7
8
6
5
4
7
3
4
2
6
5
3
7
8
3
4
12
5
7
9
3
3
6
6
8
5
3
9
2
9
3
4
5
5
7
7
6
4
3
8
7
4
6
6
3
3
2
5
5
4
3
6
8
11
6
3
4
7
4
3
2
2
6
4
9
5
3
5
3
2
9
1
2
2
10
5
5
5
1
4
6
5
9
8
2
8
5
8
2
2
8
6
7
4
5
2
3
10
3
6
7
5
12
8
2
3
8
2
8
6
4
3
4
4
6
3
3
6
9
3
5
3
2
4
5
7
5
2
2
7
6
2
3
4
6
5
5
3
7
2
2
1
3
5
0
9
8
6
4
2
5
1
2
7
2
6
4
6
3
6
2
5
6
1
7
5
6
6
6
6
5
4
5
4
1
3
2
7
3
3
3
3
2
1
3
7
8
3
8
1
2
4
4
3
7
5
5
2
5
4
2
7
6
2
2
4
5
4
3
9
5
5
0
7
2
4
3
5
5
3
3
4
7
3
3
5
4
1
3
6
6
3
1
5
5
2
5
0
3
4
4
2
5
1
3
4
6
3
2
0
3
5
5
4
0
2
3
5
5
2
4
2
1
6
4
2
7
2
6
7
5
8
6
5
7
3
2
4
5
3
2
5
4
2
3
3
6
2
4
2
5
2
5
4
3
4
3
8
0
5
6
5
6
9
4
1
3
8
6
6
2
4
2
6
2
4
4
3
7
6
3
3
4
4
7
8
0
1
5
6
4
2
6
4
4
6
4
3
4
4
9
5
5
3
4
6
2
3
4
4
2
2
7
6
2
2
4
2
9
3
6
4
5
2
3
4
4
1
3
4
3
3
5
4
1
1
5
8
6
3
4
4
6
2
3
1
1
0
5
5
4
5
2
2
3
5
3
7
6
3
7
5
6
3
3
4
6
1
2
4
3
5
6
2
4
7
6
5
4
0
4
6
6
3
3
4
4
5
5
1
3
1
8
4
6
3
2
5
5
5
4
3
0
4
3
3
4
4
3
1
3
3
4
5
3
6
0
2
2
1
3
2
2
1
0
2
3
7
3
1
0
3
3
4
3
5
4
3
5
3
2
3
2
6
2
2
7
4
1
5
2
3
3
4
1
5
2
3
4
1
2
2
6
2
2
5
1
3
2
2
1
1
3
2
6
6
4
3
4
1
2
2
4
3
2
2
3
3
3
4
5
5
1
2
3
4
0
5
3
1
2
4
6
7
3
2
4
5
4
4
3
2
1
1
1
4
4
2
2
7
8
4
2
2
5
6
4
2
2
4
3
5
2
2
5
1
4
3
7
2
3
3
3
2
2
1
4
1
1
2
0
3
2
2
5
5
2
1
3
6
6
3
0
1
7
5
0
1
7
2
3
5
3
5
6
1
2
2
3
2
4
3
0
2
3
3
6
4
3
4
1
3
2
4
3
2
3
4
0
2
3
5
1
2
3
4
1
1
2
0
1
2
4
4
3
6
1
1
4
1
4
1
1
3
3
0
1
3
2
7
3
4
0
2
4
4
1
1
4
1
4
5
1
3
3
3
1
2
1
1
1
1
4
2
2
4
0
4
1
3
6
5
3
3
1
1
4
2
2
4
4
3
1
1
3
3
1
2
4
3
4
5
7
0
4
0
2
2
0
8
4
0
2
3
2
3
2
2
1
2
2
4
2
2
2
1
3
2
5
3
3
5
2
1
1
4
1
4
3
2
0
1
2
5
2
2
3
1
5
3
0
1
3
3
2
1
2
2
5
4
6
3
2
5
4
3
3
0
2
3
3
1
1
3
1
5
6
2
3
2
0
4
3
4
0
1
1
2
2
3
5
3
0
3
6
2
0
4
3
4
2
0
2
4
3
1
0
2
1
0
3
4
1
0
2
5
3
2
2
2
0
3
1
3
1
2
1
4
0
2
2
1
3
3
1
1
0
3
4
4
4
2
0
3
1
4
1
0
1
3
2
1
0
3
4
3
2
2
1
3
4
4
3
1
2
2
2
1
2
2
1
3
2
1
1
0
4
6
3
2
2
2
5
3
2
1
2
4
2
3
4
1
3
0
3
4
1
1
3
5
1
4
2
2
1
2
2
4
2
0
3
0
1
2
2
2
3
1
4
3
3
5
2
2
1
1
5
1
4
0
2
3
1
3
3
2
2
3
0
4
1
2
3
0
2
6
2
3
3
4
5
3
1
1
1
1
3
2
5
2
0
1
3
2
1
1
2
0
1
4
2
1
0
0
1
2
3
1
2
2
1
4
2
1
0
0
1
3
1
5
1
1
1
1
1
3
2
3
1
2
2
3
3
1
1
0
5
0
0
2
3
2
1
5
6
4
2
1
0
1
2
1
1
0
1
3
2
2
3
1
2
1
1
0
1
0
2
1
2
1
1
1
2
2
1
1
3
2
2
0
2
1
1
1
1
2
1
3
1
0
4
4
1
3
2
3
2
3
0
4
1
3
0
1
2
3
0
0
0
3
4
0
1
2
1
0
0
0
2
3
2
0
2
1
1
0
2
1
2
4
3
1
2
0
0
1
0
1
6
3
4
2
3
2
2
1
2
0
3
2
1
2
2
4
1
1
0
3
1
2
2
0
2
2
1
2
5
2
2
1
0
6
1
2
1
0
1
2
1
2
1
2
1
1
0
1
0
2
1
1
3
3
1
1
2
1
3
4
3
2
1
0
2
2
0
2
3
2
1
2
1
3
1
0
2
2
0
1
0
1
1
2
3
0
0
2
1
1
3
2
3
1
1
2
0
1
2
0
0
1
1
0
0
1
2
0
4
4
1
2
2
1
4
2
0
1
3
1
2
2
3
2
0
2
1
3
1
2
0
1
1
1
1
1
1
2
3
0
1
2
1
0
2
3
1
1
0
2
1
0
2
0
3
2
2
1
1
2
1
1
4
0
2
1
3
2
1
1
3
1
3
0
2
1
0
2
0
3
3
0
3
1
6
2
1
1
1
4
1
0
1
2
1
1
1
1
1
2
0
2
1
2
1
1
2
0
1
0
3
3
2
1
0
1
0
0
4
3
0
2
1
3
3
1
5
1
1
1
4
2
0
2
0
2
0
1
1
1
3
1
2
2
0
4
1
2
2
0
1
2
3
4
2
2
0
1
2
2
1
3
2
2
2
1
0
2
2
0
2
1
0
2
3
1
1
2
1
0
2
0
1
1
0
2
1
3
2
0
1
0
1
3
1
2
1
1
1
0
4
1
4
1
1
0
0
1
1
1
0
0
0
0
1
2
1
2
0
0
2
2
2
1
3
2
3
2
3
3
0
2
1
0
1
1
0
0
4
2
3
0
2
0
0
0
1
0
1
3
1
3
2
1
5
0
1
2
1
1
0
1
0
3
1
1
3
0
3
0
1
0
0
0
0
0
1
1
0
1
2
1
0
1
4
1
1
3
1
0
1
1
2
2
0
1
2
3
0
1
0
1
1
1
0
1
1
0
0
1
2
2
1
1
0
1
2
1
4
2
1
1
1
0
1
0
1
1
4
3
2
2
0
4
0
2
0
2
0
2
0
2
1
3
1
1
2
0
0
1
1
3
4
2
2
1
1
0
0
0
2
1
2
1
0
1
1
4
2
3
2
1
2
1
1
1
2
0
0
0
1
1
0
2
0
0
0
2
1
1
0
1
0
1
0
1
3
2
3
1
1
0
0
0
1
0
1
2
3
0
0
0
1
1
1
0
0
3
0
0
1
0
1
2
0
2
0
3
0
2
1
2
0
2
0
0
0
3
0
0
2
1
1
1
0
1
2
2
0
1
1
0
2
3
0
1
0
0
3
1
0
1
2
1
2
0
0
0
1
0
0
0
1
1
2
1
0
4
1
1
2
3
0
2
1
1
2
2
0
0
2
0
2
2
0
2
3
0
0
2
1
1
0
2
0
0
0
0
0
3
0
1
3
0
1
2
2
2
1
0
2
2
1
0
0
0
0
2
1
1
1
1
0
0
1
0
1
2
0
0
0
1
2
1
1
1
1
1
2
3
0
1
0
1
2
1
0
1
2
0
0
0
1
1
0
1
1
0
1
0
1
0
0
0
0
0
0
1
1
1
0
0
0
0
3
1
1
0
1
0
2
0
0
2
0
0
1
0
3
2
3
1
0
2
1
1
1
1
1
1
2
2
1
2
1
1
2
1
0
1
2
0
1
0
1
0
3
1
1
1
0
0
1
0
0
0
1
1
2
0
0
0
1
0
0
2
2
2
1
1
1
0
0
1
0
2
2
1
1
2
0
1
0
0
0
1
0
0
0
0
3
3
0
2
0
0
0
1
1
0
2
0
1
0
0
1
0
1
0
2
0
0
1
1
0
1
1
2
0
1
0
0
1
1
1
2
0
0
1
0
0
1
1
3
2
0
0
1
1
2
0
1
1
0
0
0
1
0
0
0
1
1
0
1
1
1
2
0
0
0
2
2
3
2
3
2
0
0
2
1
1
2
0
0
2
1
1
2
2
1
1
1
1
1
0
0
0
1
0
0
1
0
0
0
1
1
0
1
0
1
0
0
2
0
0
1
0
2
0
0
0
2
0
1
0
1
0
2
0
1
0
0
0
0
3
0
1
0
1
0
0
0
4
0
0
4
1
0
0
1
0
0
0
1
0
2
0
0
1
2
0
0
0
1
1
1
3
0
0
1
1
3
0
1
0
2
0
0
0
0
0
2
1
0
3
2
1
1
0
1
2
1
0
1
1
1
2
0
1
0
1
1
0
1
0
3
0
1
2
1
1
0
1
0
0
2
1
0
1
0
0
1
0
0
0
0
0
0
0
0
2
0
1
0
1
1
1
0
0
1
0
0
1
0
2
1
1
1
2
0
0
1
1
0
2
0
0
1
2
0
1
1
1
1
0
1
1
0
1
0
0
2
1
1
0
1
0
0
0
1
1
1
2
0
1
0
0
0
1
0
1
1
0
0
1
2
0
0
0
0
1
0
2
0
0
0
2
0
0
1
1
1
1
0
1
0
0
2
1
0
0
2
0
0
1
0
0
0
1
0
3
0
1
1
2
0
0
0
1
1
1
1
0
0
0
0
1
1
0
1
1
1
0
0
0
0
0
0
0
0
1
1
1
2
1
1
0
1
0
1
1
0
1
0
0
0
0
0
2
0
1
0
0
1
0
1
1
1
0
0
1
1
0
2
2
0
0
1
1
2
0
0
0
0
1
1
3
0
2
0
0
0
0
1
0
0
1
1
0
0
0
0
1
2
0
0
0
0
0
1
0
0
0
2
0
0
0
0
0
0
0
1
0
0
1
0
1
0
0
0
0
2
1
0
1
0
0
0
0
1
0
1
0
5
1
2
2
0
0
0
0
0
2
0
2
1
1
1
0
0
1
0
0
0
2
1
1
0
0
0
0
0
1
0
0
0
0
1
1
3
1
0
0
0
0
0
0
2
0
1
1
1
0
0
2
0
0
0
0
2
0
1
0
0
1
2
0
0
1
0
1
1
0
0
2
0
0
0
0
1
1
0
1
0
1
1
2
0
1
0
0
0
0
0
0
0
1
0
1
0
0
1
0
0
0
1
1
1
0
1
3
0
0
0
0
1
0
1
0
1
0
0
0
2
0
1
1
2
2
1
0
0
1
3
0
0
0
0
0
1
0
0
0
0
0
0
1
1
0
0
0
1
0
0
0
1
0
1
1
1
1
0
0
2
1
1
1
1
1
0
1
0
0
0
0
1
0
0
1
2
1
0
1
0
0
0
1
1
0
0
0
1
0
1
0
1
0
1
0
0
1
1
0
1
1
0
0
0
0
0
0
0
0
0
0
0
0
2
0
1
1
1
0
2
1
0
0
0
0
0
1
2
0
0
0
0
0
1
1
0
1
1
0
0
0
1
0
0
0
1
0
1
0
0
1
2
0
0
0
0
1
0
0
1
0
1
0
1
0
1
0
0
0
0
0
0
2
1
1
0
0
0
1
0
1
1
0
0
0
0
0
1
0
0
0
0
3
0
1
1
0
0
1
0
0
1
0
0
2
0
1
1
1
0
1
2
0
0
