348598
1.96784e+06
2.50921e+06
1.01683e+06
211195
30432
3839
697
347
309
317
285
326
305
297
267
317
327
318
290
313
295
310
299
267
316
296
267
313
316
299
283
288
276
308
280
274
264
304
294
286
285
282
280
262
310
307
280
287
282
265
299
274
259
286
262
283
298
272
304
275
266
245
267
240
272
268
311
266
279
258
250
292
277
297
296
270
273
300
298
278
301
245
235
294
270
251
274
299
231
270
242
272
254
251
275
265
268
250
247
249
291
247
250
271
253
250
251
232
285
235
252
262
262
261
264
276
251
244
264
270
256
265
272
235
253
253
243
270
239
263
230
243
247
226
248
271
265
248
258
252
275
250
243
264
243
233
217
245
257
270
265
248
244
225
223
242
243
252
234
239
262
228
265
243
265
253
245
237
262
255
225
238
267
225
242
247
265
244
262
266
253
290
248
250
227
248
256
250
257
259
285
222
267
254
242
242
223
228
262
249
251
271
250
233
254
235
262
250
238
228
269
270
266
268
286
225
207
283
258
250
223
257
259
238
276
252
244
247
246
232
289
263
234
247
241
248
218
255
240
259
256
252
237
260
257
248
245
218
261
246
239
239
242
237
265
246
270
231
241
252
241
243
231
253
243
266
247
224
253
242
267
255
235
223
254
241
273
244
241
260
256
262
259
251
256
261
257
249
245
245
254
277
244
253
242
240
238
257
261
246
266
240
262
225
243
242
288
243
249
252
244
247
255
271
259
234
245
300
244
230
263
265
266
252
252
257
268
251
245
242
256
262
262
238
251
227
255
245
286
259
261
297
267
248
288
249
258
275
258
240
266
240
258
248
300
252
265
285
283
277
279
273
278
283
251
274
252
269
289
283
263
286
281
242
298
238
279
280
291
265
271
288
281
256
283
251
273
230
251
289
280
273
280
285
277
283
293
287
257
276
284
285
291
271
272
269
265
293
248
269
257
293
277
294
278
261
265
310
283
278
270
272
271
271
288
249
293
279
315
275
241
274
291
243
268
310
266
286
275
247
294
267
308
270
316
261
277
280
271
290
272
297
268
297
290
313
285
283
287
271
275
298
251
330
292
267
305
280
269
251
278
284
310
298
297
289
273
283
281
297
285
291
319
297
271
306
271
310
299
264
304
304
271
290
335
301
280
297
312
287
277
309
291
306
321
318
312
290
297
294
331
330
318
313
311
301
282
322
368
314
300
296
358
349
298
313
290
331
354
351
358
334
343
331
326
358
368
377
353
320
359
382
328
316
357
355
380
349
371
393
389
359
383
382
353
362
386
371
371
375
382
397
384
385
326
423
380
409
420
406
398
365
341
422
341
385
407
392
375
371
375
414
388
371
381
382
385
379
353
374
354
378
354
358
366
377
386
364
364
365
396
363
326
327
378
379
370
346
374
365
383
352
389
374
342
352
344
365
362
331
381
344
350
396
356
349
369
346
387
349
334
337
358
339
341
377
352
319
328
327
358
371
358
340
323
345
355
370
353
351
369
364
330
347
359
317
331
323
364
335
350
342
353
340
334
337
316
340
336
324
340
360
327
337
324
305
331
318
306
322
332
317
343
344
316
334
326
315
318
325
317
313
288
320
319
334
287
361
311
327
318
317
308
313
274
305
285
331
308
299
327
300
331
318
316
309
319
308
307
330
285
312
316
307
309
300
283
319
313
284
307
297
300
274
290
302
311
289
309
303
282
314
267
297
322
277
282
269
304
261
284
325
274
277
285
280
290
271
300
261
269
282
306
271
291
278
311
297
262
281
302
286
255
263
308
290
283
285
270
271
311
276
275
284
292
262
296
260
301
268
279
258
274
288
288
267
263
275
290
246
272
276
284
287
258
246
269
243
272
237
248
271
256
280
261
299
274
248
260
243
263
276
264
290
250
282
266
255
281
275
264
265
247
268
252
245
262
278
263
253
260
255
267
252
244
281
238
264
266
269
265
256
276
260
240
269
293
253
253
267
282
268
259
296
248
231
293
257
237
280
230
297
271
253
262
265
248
243
254
239
275
267
268
259
259
280
253
245
251
273
249
252
264
246
285
252
278
272
239
295
268
268
257
260
262
222
278
236
253
241
242
290
267
247
263
291
268
267
283
274
253
258
265
255
232
258
255
259
246
240
264
264
261
261
261
273
273
260
257
252
246
239
240
278
283
260
290
282
265
273
250
245
269
248
231
254
293
227
245
256
264
281
294
270
269
241
225
261
263
266
234
258
247
258
257
262
263
247
257
256
281
251
266
257
253
249
261
242
245
244
267
234
253
226
233
299
236
256
266
237
294
251
264
251
227
255
282
249
247
266
251
279
261
268
241
249
260
276
263
282
243
261
260
236
249
273
245
279
271
272
268
251
271
250
254
223
259
233
245
250
244
267
250
264
291
238
246
238
236
257
274
265
248
260
262
260
248
252
239
250
248
245
219
262
276
241
237
253
242
256
252
238
265
246
232
240
241
233
251
241
254
233
239
229
237
255
239
228
262
216
212
217
236
227
186
241
240
220
221
231
228
234
216
232
228
198
222
214
214
235
246
209
225
210
192
217
214
215
210
203
214
211
199
218
186
192
232
193
193
228
215
227
213
192
203
206
193
198
173
183
186
201
193
164
169
168
204
173
161
162
185
176
180
162
170
191
165
158
175
183
148
166
190
169
140
144
159
126
150
128
151
151
143
147
142
129
169
166
166
164
140
148
147
139
140
133
141
149
153
135
131
128
136
126
141
129
125
137
133
141
153
109
133
133
131
121
109
143
124
129
137
122
104
122
126
126
105
131
125
130
140
121
142
121
136
104
118
115
132
127
119
107
109
146
125
117
113
125
108
132
125
124
114
131
123
127
117
101
105
123
101
103
123
115
129
121
103
129
94
103
123
112
114
127
127
125
124
112
136
120
116
107
107
105
99
112
124
114
104
126
105
121
100
124
117
96
104
124
119
110
122
123
129
117
121
118
94
102
125
117
120
114
116
104
98
115
105
106
106
120
105
115
122
108
93
108
124
102
127
126
145
125
105
95
106
126
134
126
119
123
114
119
117
123
132
128
130
110
120
132
127
139
134
128
125
137
143
146
131
125
118
122
126
119
124
140
132
149
137
134
151
134
124
147
168
145
132
138
142
134
165
163
137
151
146
172
157
160
159
180
181
168
163
156
169
177
163
168
197
186
198
179
190
207
195
194
198
198
187
188
185
193
197
190
231
221
213
211
210
228
232
251
220
222
247
230
228
232
307
241
243
248
295
255
245
265
274
263
266
268
283
284
308
288
289
314
318
299
307
359
356
340
331
323
343
359
396
387
423
390
375
410
461
412
425
430
433
414
484
456
498
455
517
507
520
534
545
548
540
611
605
628
572
620
640
668
679
691
693
727
707
711
682
757
740
802
781
802
799
844
829
953
885
914
898
901
968
943
930
1013
976
1076
997
1034
1126
1131
1065
1118
1077
1133
1188
1167
1174
1154
1157
1260
1174
1277
1238
1315
1269
1277
1395
1336
1317
1363
1421
1389
1394
1332
1405
1401
1431
1424
1435
1400
1518
1442
1452
1466
1437
1437
1473
1498
1421
1424
1454
1444
1473
1486
1511
1424
1488
1453
1528
1421
1428
1406
1406
1397
1393
1362
1435
1366
1380
1303
1397
1338
1366
1277
1260
1260
1286
1222
1245
1318
1156
1191
1194
1207
1133
1128
1125
1065
1076
1075
1006
1076
1057
962
995
928
968
954
926
907
919
862
797
798
827
777
798
751
757
761
707
671
679
679
634
649
603
587
609
561
565
553
529
526
515
447
491
443
466
462
468
435
430
411
390
381
367
353
335
331
348
320
319
321
285
295
276
285
273
229
233
221
242
228
235
221
200
216
220
191
211
176
166
172
168
190
145
182
153
161
150
131
140
155
147
128
128
121
124
111
117
129
114
113
114
93
115
91
100
96
109
93
88
115
107
106
94
103
109
98
70
93
97
90
88
87
103
111
80
93
88
64
72
92
89
90
99
91
100
90
93
78
81
76
78
89
83
79
60
101
87
81
90
91
84
91
74
90
76
73
86
80
79
83
70
80
83
75
79
84
84
84
75
79
82
73
85
79
81
84
71
86
81
78
77
78
90
86
105
97
83
78
85
79
74
77
67
68
96
88
71
68
77
85
82
83
70
76
85
75
71
95
92
70
67
87
80
85
81
70
77
75
78
86
71
86
87
77
71
67
82
69
65
80
83
79
73
85
68
74
83
81
68
74
79
80
72
81
62
66
87
82
77
81
73
65
84
85
73
65
83
80
102
80
90
84
84
71
76
81
65
93
86
69
71
76
76
67
76
76
94
71
83
80
78
81
64
68
77
72
76
77
69
77
100
67
86
76
83
72
89
81
66
60
78
74
82
61
79
76
68
89
70
86
75
80
80
79
79
85
65
68
81
88
89
69
96
54
74
75
79
75
68
76
76
75
83
77
75
59
86
70
56
73
58
83
75
83
95
73
65
75
51
82
63
86
82
78
56
66
88
67
60
70
79
79
79
87
83
68
73
73
63
60
67
99
72
60
58
70
70
79
71
69
62
71
81
72
76
79
63
67
81
84
78
60
75
80
77
70
80
81
72
75
60
71
96
71
81
80
66
83
73
68
79
84
66
70
81
62
67
67
76
82
88
80
87
76
63
69
63
80
73
75
81
80
75
92
68
79
86
69
69
73
68
77
71
82
74
74
58
72
70
61
63
55
68
86
85
68
61
74
81
95
61
74
80
74
75
80
61
78
75
66
76
73
64
76
79
71
71
85
94
77
56
81
64
77
64
73
57
72
53
67
64
66
70
64
81
66
53
83
88
74
71
83
65
63
71
83
70
61
74
66
64
68
81
84
68
82
80
69
72
71
82
72
64
55
70
76
68
75
81
72
74
62
61
72
62
65
71
61
69
72
71
59
61
67
67
79
65
76
74
53
80
77
63
62
65
89
68
63
66
68
70
77
78
57
70
87
63
72
66
75
70
68
79
90
80
62
66
77
56
70
69
76
62
50
59
65
70
60
71
84
66
66
72
74
79
73
68
85
88
71
88
62
75
76
84
64
62
46
68
49
77
71
67
65
70
50
70
68
78
78
63
64
83
68
77
62
72
73
71
57
76
73
61
66
72
77
82
63
76
64
84
75
65
62
71
77
59
84
53
66
72
57
73
69
71
65
72
72
65
77
64
81
70
67
58
71
75
81
69
77
76
57
70
67
67
74
52
75
69
79
66
86
85
82
73
62
69
66
64
68
77
75
74
74
59
63
60
72
66
81
73
68
62
67
70
62
58
70
70
66
69
78
64
69
66
71
81
77
69
80
65
82
64
79
66
71
92
67
76
69
75
81
74
79
65
81
71
79
75
62
80
75
81
70
73
72
65
69
71
86
76
75
67
81
69
60
66
81
67
81
68
73
66
69
80
72
73
68
77
73
74
71
75
65
85
57
75
77
87
75
77
74
65
69
82
68
73
76
70
63
74
87
76
80
79
75
74
74
75
59
79
76
79
92
79
86
74
70
88
88
75
84
73
76
66
91
78
80
74
75
70
71
72
66
81
81
83
93
87
64
79
86
76
62
95
72
78
71
83
72
100
79
80
78
77
78
96
103
73
89
63
82
85
74
87
86
77
69
64
67
78
82
92
74
76
88
78
59
83
77
77
75
85
71
81
87
83
76
86
83
73
81
96
76
94
96
78
91
89
82
82
80
90
74
82
87
77
73
81
83
67
85
79
89
79
98
95
70
88
90
72
59
82
80
69
78
86
83
84
68
72
82
92
89
80
81
96
75
79
69
97
82
82
65
82
83
83
84
86
83
87
73
64
83
87
76
80
70
77
96
65
71
76
78
76
85
91
68
85
65
64
75
82
78
88
64
61
72
77
72
68
76
68
72
68
64
66
84
56
69
63
66
53
68
51
71
63
68
71
57
61
72
63
78
59
66
55
57
76
60
54
49
43
49
43
53
57
38
43
40
52
53
42
46
41
37
42
33
38
47
33
60
59
50
33
37
34
32
40
37
39
48
26
26
36
46
39
31
33
35
24
35
19
29
34
34
28
27
36
21
22
26
20
29
23
19
26
36
20
24
21
24
24
22
17
21
16
16
19
19
19
14
19
18
16
13
20
17
19
15
18
15
14
12
14
13
15
14
21
13
13
12
10
11
9
17
13
14
11
8
11
8
7
10
11
23
14
13
9
13
7
7
19
14
12
14
8
19
12
10
16
11
13
11
6
10
10
14
9
14
5
10
15
11
11
10
12
8
15
9
11
9
16
16
17
13
14
15
15
14
21
15
18
26
24
25
19
29
20
21
28
24
25
28
26
29
27
29
24
29
29
52
34
29
45
40
39
38
36
39
45
48
40
53
57
44
61
71
65
75
51
57
54
74
72
58
61
67
83
81
83
81
89
88
114
77
105
78
94
99
94
90
117
130
129
112
128
120
143
144
131
129
133
126
142
127
126
155
158
138
145
162
148
154
176
179
155
150
175
166
179
187
164
196
182
168
162
186
169
166
187
185
218
174
197
204
213
197
181
177
171
172
196
218
167
196
181
186
188
164
184
193
179
172
180
177
173
142
185
170
159
177
165
160
149
147
159
170
145
164
137
150
128
126
132
127
129
127
109
117
107
88
108
106
103
96
82
93
75
90
95
70
75
74
71
78
78
60
70
48
61
51
53
56
45
44
50
47
41
47
49
39
44
22
29
35
27
38
24
30
29
31
33
20
18
14
24
27
17
10
14
17
15
19
12
6
14
13
7
12
8
7
10
10
11
10
13
5
5
7
4
5
2
2
5
6
9
8
3
2
3
3
5
2
4
7
2
1
6
5
4
3
0
1
3
4
0
3
0
2
2
2
1
1
0
3
2
1
1
0
2
2
2
0
0
0
1
1
0
1
1
2
0
0
1
0
0
0
1
2
0
1
1
1
2
1
1
3
1
0
3
2
1
0
1
1
0
1
0
1
0
0
3
2
1
1
1
0
0
1
0
1
4
1
2
0
0
3
0
0
0
0
1
3
1
0
2
0
1
1
0
0
1
0
2
2
0
0
0
2
2
1
1
0
0
2
1
2
1
1
2
2
0
0
1
0
1
2
1
0
0
1
0
2
0
0
0
1
1
0
2
0
3
0
0
1
0
0
0
4
2
1
1
0
0
1
0
0
0
1
1
1
1
2
0
0
2
0
0
0
1
0
0
0
1
0
2
0
0
1
0
2
1
2
0
0
1
1
0
1
0
0
0
0
0
0
2
0
0
1
1
0
1
2
2
1
0
0
1
0
2
0
1
2
1
3
0
1
0
0
0
1
0
1
0
0
0
0
0
0
0
0
0
0
0
0
0
1
0
1
0
1
1
0
0
0
0
0
1
1
0
0
1
2
1
0
0
0
1
0
0
0
0
1
0
1
1
0
0
0
0
0
0
0
0
1
0
0
1
1
0
1
0
0
0
1
0
0
0
0
1
0
1
0
0
0
0
0
1
0
0
0
0
2
0
0
1
0
2
0
0
1
0
0
1
2
0
0
0
4
1
0
1
2
0
0
0
1
0
0
1
1
2
0
4
0
0
1
0
0
1
1
2
2
3
0
1
1
0
0
0
3
0
2
0
1
0
0
0
1
1
2
0
1
0
0
1
0
1
4
1
0
2
0
1
0
2
1
1
1
0
0
1
0
0
3
0
4
3
0
0
1
2
2
1
2
0
1
1
0
0
0
0
0
0
0
1
0
0
0
0
2
0
0
0
0
0
1
0
0
1
1
0
1
1
0
0
0
0
0
0
0
0
0
1
0
0
0
0
0
1
0
0
0
1
0
0
0
0
0
0
0
0
1
0
0
0
0
0
0
0
1
0
0
0
0
0
0
0
0
0
0
0
0
0
0
0
0
0
0
0
0
0
0
0
0
0
0
0
0
0
0
0
0
0
0
0
0
0
1
0
0
1
0
0
0
0
0
0
0
0
0
0
0
0
0
0
0
0
0
0
0
0
0
0
0
0
0
0
1
0
0
0
0
0
0
0
0
0
0
0
0
0
0
0
0
0
0
0
0
0
0
0
0
0
0
0
2
0
0
0
0
0
0
0
0
0
0
1
1
0
0
0
0
0
0
0
1
0
0
0
0
0
0
0
0
0
0
0
0
0
0
0
0
1
0
0
0
0
0
0
1
0
0
0
1
0
0
0
0
0
0
0
0
0
0
0
0
0
0
0
0
1
0
1
0
0
1
0
1
0
0
0
0
0
0
1
0
0
0
0
0
0
0
0
0
0
0
0
0
0
0
0
0
0
0
0
0
0
0
0
0
0
0
0
0
0
0
0
1
0
0
0
0
0
0
0
0
1
0
0
0
0
1
0
0
0
0
0
0
0
0
0
0
0
0
0
0
0
0
0
1
0
0
0
0
0
0
0
0
0
0
0
0
0
0
0
0
0
0
0
0
0
0
0
0
0
0
0
0
0
1
0
0
0
0
0
0
1
0
0
0
0
0
0
0
0
0
0
0
0
1
0
0
0
0
0
0
0
0
0
0
0
0
0
0
0
0
0
0
0
0
0
0
1
0
0
0
0
0
0
0
0
0
0
0
0
0
0
0
0
0
0
0
0
0
0
0
0
0
0
0
0
0
0
0
0
0
0
0
0
0
0
0
0
0
0
0
0
1
0
0
0
0
0
0
0
1
0
0
0
0
0
0
0
0
1
0
0
0
1
0
0
0
0
0
0
0
0
0
0
0
0
0
0
0
0
0
0
0
0
0
0
0
0
0
0
0
0
0
0
0
0
0
0
0
0
0
0
0
0
1
0
1
0
0
0
0
0
0
0
1
0
0
0
0
0
0
0
0
0
0
0
0
0
0
1
1
0
0
0
0
0
0
0
0
0
0
0
0
0
0
0
0
0
0
0
0
0
0
0
0
0
0
0
0
0
0
0
0
0
0
0
0
0
0
1
0
0
0
1
0
0
0
0
0
0
0
1
0
0
0
0
0
0
0
0
0
0
0
0
0
0
0
0
0
0
0
0
0
0
0
0
0
0
0
0
0
1
0
0
0
0
0
0
0
0
0
0
0
1
0
0
0
0
0
0
0
0
0
0
0
0
0
0
0
0
0
0
0
0
0
0
0
0
1
0
0
0
0
0
0
0
0
0
0
0
0
0
0
0
1
1
0
0
0
0
0
0
0
0
0
1
0
0
0
0
0
0
0
0
0
0
0
0
0
0
0
0
0
0
0
0
0
0
0
1
0
0
0
0
0
0
0
0
0
0
0
0
0
0
0
1
0
0
0
0
0
0
0
0
0
0
0
0
0
0
0
0
0
0
0
0
0
0
0
0
0
0
0
0
0
0
0
0
0
1
1
0
1
0
0
1
0
