364068
1.97915e+06
2.56615e+06
1.09765e+06
238699
35409
4495
786
458
382
316
331
356
348
314
333
314
330
325
353
346
353
370
371
348
366
350
354
344
320
383
332
339
360
345
359
345
317
342
302
320
334
358
373
325
329
352
327
306
320
352
309
313
318
326
335
338
351
348
343
314
331
337
319
327
315
318
348
323
358
328
317
306
344
342
320
305
311
305
306
320
327
305
311
351
309
305
283
302
323
308
303
281
291
320
302
323
311
318
306
324
288
272
310
316
298
322
322
301
286
280
298
283
305
275
312
299
308
332
291
313
283
298
297
308
295
301
307
299
317
339
274
277
277
283
302
267
267
293
309
295
298
284
278
277
326
326
277
301
297
301
291
287
313
319
265
294
311
292
257
276
289
313
287
300
306
269
298
304
266
331
273
272
294
282
285
301
308
287
306
301
267
325
306
303
270
279
278
277
283
283
296
274
279
256
258
277
292
283
307
271
280
295
302
299
301
294
297
265
317
276
301
259
285
308
308
283
293
282
280
291
247
311
288
298
261
288
287
286
290
289
277
298
274
312
290
277
304
269
310
274
311
315
302
287
267
287
254
261
295
322
315
301
283
273
291
309
274
279
283
276
268
284
301
282
274
269
296
261
279
294
286
274
281
332
265
262
302
268
254
289
292
309
298
289
289
264
268
303
314
281
288
273
280
285
292
304
277
283
284
300
308
311
271
286
284
300
303
298
288
288
316
285
288
301
312
289
287
281
320
302
283
275
292
285
298
278
324
297
303
330
298
319
308
298
289
277
246
294
321
311
311
284
301
303
311
301
303
288
301
304
277
318
310
307
280
280
294
292
309
329
311
290
292
319
334
289
329
300
321
288
328
294
277
313
299
337
313
308
303
307
302
364
340
330
299
303
330
309
323
329
311
333
336
307
298
304
321
317
306
316
334
319
332
313
337
322
296
317
331
308
322
339
314
298
331
340
306
305
305
309
312
329
333
304
329
316
318
332
283
315
286
320
316
297
337
322
291
309
299
318
321
311
316
328
308
303
329
297
343
327
335
316
324
315
309
313
320
299
307
335
329
320
303
338
292
341
284
316
329
304
314
322
346
327
326
286
333
332
295
326
328
332
324
321
323
363
340
319
327
294
313
326
328
306
324
305
344
339
329
361
326
338
346
315
335
348
350
334
373
366
342
362
345
365
335
360
343
356
325
385
373
375
376
379
363
375
378
372
377
390
389
409
404
371
392
393
371
347
418
384
404
420
416
413
421
428
423
404
422
422
411
416
445
412
460
465
438
450
446
380
459
400
453
438
415
440
408
434
446
435
477
429
445
421
423
425
454
423
451
421
441
438
485
386
474
472
486
409
407
435
482
419
420
462
413
427
464
470
421
439
416
421
415
439
383
419
445
444
373
430
445
433
448
407
419
455
439
404
443
414
395
435
445
424
442
398
411
418
390
389
400
408
373
410
384
441
425
370
423
365
408
381
399
402
409
421
390
400
406
388
382
401
380
370
404
385
392
383
368
392
365
368
369
354
388
372
404
365
357
369
347
332
383
359
382
355
350
386
347
342
382
379
360
373
335
355
346
362
356
377
350
324
362
372
336
373
369
355
350
350
327
371
360
340
352
348
356
364
307
367
331
369
360
361
370
329
348
381
363
363
352
403
348
332
338
375
350
323
353
341
340
317
361
347
327
338
335
326
363
336
335
335
360
345
336
322
309
352
363
360
332
304
324
334
334
299
330
326
338
338
338
338
328
303
302
340
333
307
347
304
335
303
320
321
294
335
337
299
315
287
306
312
310
277
269
345
332
307
304
298
307
284
287
308
293
293
278
340
325
323
297
308
308
312
318
323
311
298
302
321
322
334
286
317
320
334
306
298
332
299
300
330
257
322
294
321
304
329
285
321
304
309
276
306
277
310
247
312
264
293
301
279
320
276
276
308
286
280
304
318
310
302
292
286
320
299
278
294
292
316
302
295
255
300
255
310
288
297
293
328
293
261
285
308
257
297
286
287
310
287
329
265
274
278
287
304
272
280
292
309
271
293
274
320
301
291
282
287
319
308
291
293
285
274
353
284
262
269
281
279
336
253
254
298
281
297
306
291
299
276
310
315
268
258
310
283
298
312
320
292
286
281
239
298
322
286
289
269
288
312
305
286
302
290
268
278
313
257
305
299
296
293
295
290
296
318
311
317
322
278
290
314
291
310
299
272
275
298
305
295
309
315
253
261
293
268
303
312
306
309
298
326
281
268
289
285
297
285
293
286
262
281
308
326
296
314
293
311
306
290
283
311
304
299
284
281
300
302
312
294
276
273
261
284
292
300
313
294
260
283
279
290
306
288
275
286
270
291
303
304
299
289
296
290
270
285
297
266
298
310
283
286
283
292
286
288
276
280
282
325
294
293
301
278
270
287
288
280
262
272
283
273
306
278
283
287
285
295
294
305
261
270
299
278
299
258
248
308
292
268
299
305
310
288
297
261
243
283
294
283
259
260
280
261
290
284
287
272
241
255
264
263
291
263
250
281
272
266
277
297
278
246
254
264
242
273
290
239
261
257
246
258
224
239
251
241
239
258
238
243
247
237
248
269
252
248
215
216
217
249
239
230
217
212
211
205
224
206
216
198
216
201
233
243
199
220
221
194
226
181
213
206
214
208
209
186
185
196
185
198
173
188
173
201
195
182
162
180
187
166
175
193
170
193
174
162
203
184
166
158
167
158
186
183
165
160
155
153
160
165
135
152
144
151
166
141
140
145
137
126
140
158
143
155
142
156
138
129
136
158
159
130
141
136
137
157
137
140
143
122
150
138
124
133
149
123
144
143
128
141
137
144
136
125
122
139
140
128
131
143
124
124
127
149
149
134
147
129
129
117
127
134
148
139
134
122
139
130
155
124
144
130
121
139
124
135
126
111
108
105
118
128
128
119
122
133
142
133
152
128
131
113
119
127
122
133
130
130
120
129
142
140
151
119
145
127
125
122
138
125
134
132
145
130
130
107
120
122
125
120
116
123
137
128
135
123
139
127
137
120
133
117
121
121
124
119
115
151
130
122
113
127
138
119
130
146
149
145
162
150
139
147
149
164
151
114
146
154
133
168
142
150
135
174
157
168
156
151
171
172
171
153
166
168
160
166
179
186
168
189
188
183
167
174
176
162
174
193
179
185
166
195
177
172
203
198
211
212
217
190
222
215
225
210
214
209
222
226
225
235
224
234
230
251
244
253
260
246
272
227
252
265
279
282
292
262
295
282
281
272
308
286
288
286
320
303
285
323
341
341
341
319
338
336
350
335
327
351
380
351
366
390
372
376
399
405
393
407
409
442
406
390
449
475
483
446
507
433
463
486
473
510
495
552
568
516
556
543
560
595
598
628
615
600
642
625
665
649
642
730
744
761
718
711
824
778
785
778
837
827
849
850
871
880
916
951
956
952
1014
976
1070
1100
1057
1041
1066
1107
1073
1132
1153
1182
1182
1151
1207
1277
1343
1251
1383
1376
1369
1399
1362
1429
1441
1422
1517
1481
1554
1487
1529
1544
1540
1533
1592
1635
1612
1617
1606
1627
1606
1742
1601
1657
1686
1696
1712
1666
1706
1682
1710
1711
1693
1713
1745
1791
1815
1704
1757
1697
1760
1726
1731
1722
1706
1704
1731
1724
1691
1676
1648
1695
1706
1672
1631
1617
1639
1597
1655
1582
1529
1559
1582
1465
1474
1495
1522
1445
1399
1408
1448
1399
1328
1341
1285
1271
1279
1200
1212
1207
1195
1215
1173
1159
1153
1049
1062
1080
988
989
925
945
956
880
912
829
838
822
771
820
797
712
731
721
734
686
604
649
614
620
590
551
538
581
497
548
508
469
477
437
418
414
429
397
395
386
372
367
372
324
338
309
321
255
285
285
261
262
234
252
235
237
236
213
191
191
184
192
192
194
175
162
180
181
143
153
176
140
149
132
151
135
126
133
119
124
121
125
111
140
120
102
121
107
119
107
116
95
88
91
92
108
103
97
102
128
88
109
95
81
89
87
90
103
104
94
82
101
77
93
102
93
104
103
92
100
89
73
87
87
96
100
91
86
81
99
94
99
73
85
74
86
98
86
95
79
95
112
62
83
84
92
84
78
84
84
83
78
91
80
81
101
96
87
81
87
79
96
79
99
87
97
104
118
98
83
94
98
84
95
96
86
95
90
85
84
93
101
96
87
87
77
84
99
77
82
90
90
97
95
105
98
91
83
87
82
94
86
92
90
88
84
73
104
81
93
97
88
78
92
94
85
110
82
74
85
90
84
90
93
115
88
87
78
106
86
105
85
88
85
89
99
93
105
99
77
84
81
85
69
80
71
90
95
88
76
104
79
89
91
77
101
84
86
83
99
89
74
98
87
84
78
88
98
77
75
95
70
85
92
76
90
83
75
94
79
87
84
90
83
91
79
86
78
76
70
83
85
79
89
83
101
83
92
74
85
95
108
90
75
77
65
106
93
107
69
84
93
80
88
87
87
77
82
89
74
81
100
88
94
76
104
90
83
90
91
101
96
85
100
94
71
72
79
92
88
90
87
74
99
83
79
88
73
81
91
96
85
95
98
92
68
82
69
78
94
94
77
72
82
78
92
90
99
92
87
85
75
88
77
85
81
91
94
89
78
71
80
94
74
87
102
72
87
91
84
85
89
97
80
87
92
86
76
84
68
92
78
92
76
69
80
82
78
94
93
84
89
69
79
86
68
86
109
76
64
70
76
73
72
80
78
91
72
75
94
83
78
93
100
86
71
73
78
78
81
82
85
69
92
77
89
82
74
80
81
85
88
65
94
83
75
87
81
77
82
82
95
72
92
69
81
82
89
78
70
82
100
83
81
73
78
80
82
95
88
89
88
82
68
87
90
80
81
87
72
89
81
99
95
95
77
66
84
88
69
74
72
72
72
81
64
93
83
78
69
79
79
71
93
82
67
93
78
67
75
71
72
74
69
71
80
72
84
75
79
77
86
71
91
76
69
92
70
66
63
78
67
79
81
85
73
87
88
71
89
76
82
83
89
81
84
73
79
101
76
93
81
74
77
74
89
77
87
86
77
82
67
70
79
89
81
74
83
80
78
72
94
86
75
95
80
76
84
98
97
94
79
79
76
76
75
91
78
70
82
80
74
73
90
68
85
74
75
93
71
72
83
85
85
80
79
75
78
75
88
87
83
72
85
77
91
77
84
65
86
83
88
90
76
94
79
66
90
94
73
81
89
75
87
79
85
84
81
75
84
87
77
93
79
72
76
75
87
84
88
85
75
62
94
85
76
75
88
77
103
92
88
73
101
87
68
86
74
72
93
87
81
83
90
91
86
75
73
86
81
97
93
88
91
74
93
98
84
84
93
82
101
83
84
87
94
84
78
88
77
83
84
75
77
98
91
90
84
80
76
83
79
83
95
63
88
103
82
97
94
85
93
89
70
78
95
81
93
80
93
89
80
89
105
97
86
99
91
81
103
83
67
88
88
85
70
90
101
86
80
78
94
93
94
94
78
100
102
82
94
89
90
96
72
84
103
95
90
96
77
86
93
100
87
89
79
97
87
82
97
113
97
92
85
82
110
93
76
84
94
113
87
95
102
86
132
94
95
94
100
102
84
89
72
78
104
95
81
87
104
106
98
99
88
96
108
93
96
90
100
105
88
90
89
96
108
91
78
106
85
83
78
97
99
96
108
94
102
90
88
115
93
108
82
106
99
98
93
89
93
93
88
104
98
89
83
89
84
88
99
88
104
87
92
97
98
100
91
91
103
98
96
106
97
80
97
93
112
106
88
96
96
85
86
95
106
100
92
95
111
88
105
73
96
110
77
111
111
70
82
109
92
100
107
81
94
119
100
98
86
81
96
106
110
83
99
97
90
96
89
95
92
87
98
95
84
62
100
97
85
103
101
105
90
114
92
72
80
94
81
86
84
89
64
87
84
103
78
88
86
67
68
95
59
74
86
72
73
85
65
64
74
80
76
85
69
74
72
83
68
63
73
67
74
62
75
72
71
65
68
65
48
66
62
63
52
44
53
52
57
52
41
52
49
53
42
47
49
44
41
39
43
36
37
44
31
52
42
32
39
39
35
37
35
38
32
25
33
40
34
29
40
37
16
32
25
31
30
28
23
26
22
26
13
23
31
23
16
20
23
19
22
18
30
21
26
18
17
23
21
22
16
16
15
26
15
23
15
16
20
12
22
11
11
15
17
19
22
15
17
14
14
16
11
10
21
10
11
14
13
15
12
12
14
15
16
16
14
17
13
10
26
22
16
10
10
23
23
12
18
20
17
16
17
22
20
19
18
24
18
23
17
19
25
20
19
28
24
26
18
28
22
29
24
25
28
27
30
31
25
34
29
34
38
44
28
47
38
43
37
33
46
34
56
43
41
44
59
47
54
55
70
62
59
45
72
52
61
77
70
75
76
75
79
83
91
92
90
87
79
85
116
95
122
116
120
105
116
123
115
123
121
124
137
131
129
148
142
148
141
158
149
141
141
134
170
161
160
149
179
171
176
168
156
188
171
182
199
176
200
177
198
204
200
194
222
199
214
226
209
222
210
221
211
219
233
222
224
194
215
253
223
255
272
240
239
238
220
246
234
213
214
209
246
220
211
222
199
245
188
197
198
208
187
184
202
187
169
166
165
161
178
177
188
150
166
152
145
147
148
133
120
145
131
116
139
126
114
111
126
99
112
109
88
89
72
77
95
76
80
62
69
66
63
62
54
62
46
57
63
43
41
53
48
52
40
38
31
33
30
34
21
19
25
16
19
21
18
20
19
20
19
19
13
13
8
14
9
11
10
9
12
10
8
7
6
7
3
4
5
3
3
4
6
7
3
2
5
3
4
3
0
4
2
0
4
2
3
4
2
2
5
4
4
2
3
2
2
4
1
2
0
1
1
4
0
0
4
3
3
3
0
0
1
1
1
1
5
1
1
3
0
0
4
0
0
3
0
2
1
3
1
1
2
0
0
0
1
0
1
0
3
0
0
0
1
1
2
2
0
0
2
2
3
0
2
1
4
1
1
3
0
1
3
0
0
2
2
4
2
0
3
2
2
2
0
4
2
0
2
0
1
4
3
3
0
1
0
2
0
1
0
0
0
2
1
2
1
1
1
2
2
2
3
2
1
0
2
0
2
1
0
3
3
1
2
0
2
0
1
0
0
1
2
0
2
2
1
2
2
0
1
0
1
0
0
2
1
1
2
0
1
0
1
1
1
1
2
0
1
1
3
1
1
0
0
1
0
0
0
1
1
0
2
1
4
2
1
2
2
1
1
0
0
0
1
0
1
0
0
1
1
1
2
0
1
2
1
1
1
0
0
2
2
0
1
0
1
1
0
2
1
0
0
2
1
0
0
0
0
3
1
0
0
1
0
1
0
0
0
0
0
1
0
0
0
0
1
0
0
0
0
1
1
0
0
1
0
0
0
1
0
0
0
0
1
1
1
1
1
1
0
0
0
1
0
0
0
0
1
1
0
1
0
0
0
0
1
1
0
0
1
0
1
0
1
1
0
1
0
1
2
1
0
1
2
1
0
1
1
1
0
0
1
1
0
0
0
0
0
0
1
0
1
2
1
1
0
1
4
1
1
1
2
1
0
0
0
3
1
1
1
0
0
2
1
1
4
3
1
2
2
2
4
0
0
1
1
5
2
1
1
0
1
3
2
1
1
2
3
0
2
2
3
1
2
2
0
2
2
1
2
2
1
1
1
1
1
0
0
2
0
0
1
2
1
0
0
1
1
2
1
0
0
0
1
1
0
2
0
1
1
0
0
0
0
0
1
0
0
1
0
1
1
1
0
0
0
0
1
0
0
0
1
0
0
0
0
0
0
0
0
0
0
0
0
0
0
0
0
0
0
0
0
0
0
0
0
0
0
0
0
0
0
0
0
0
0
0
0
0
0
0
0
0
0
0
0
0
0
0
0
0
0
0
0
0
0
0
0
0
0
0
0
0
0
0
0
0
0
0
0
0
0
0
0
0
0
0
0
0
0
0
0
0
1
0
0
0
0
0
0
0
0
0
0
1
0
0
0
0
0
0
0
0
1
0
0
0
0
0
1
0
0
0
0
0
0
0
0
0
0
0
0
0
0
0
0
0
0
0
0
0
0
0
0
0
0
0
0
0
0
1
1
0
0
0
0
0
0
0
0
0
0
0
0
0
0
1
0
0
0
0
0
0
0
0
0
0
0
0
1
0
0
0
0
0
0
0
0
0
0
0
0
0
0
0
0
0
0
0
0
0
0
1
0
0
0
0
0
0
0
0
0
0
0
0
0
0
0
0
0
0
0
0
0
0
0
0
0
0
0
0
1
0
0
0
0
0
0
0
0
0
0
0
0
0
0
0
0
0
0
0
0
0
0
0
0
0
0
0
0
1
0
0
0
1
2
0
0
0
0
0
0
0
0
0
0
0
0
0
0
0
0
0
0
0
0
0
0
0
0
0
0
0
0
0
0
0
0
0
0
0
0
0
0
0
0
0
0
0
0
0
0
0
0
0
0
0
0
0
0
0
0
0
0
0
1
0
0
0
0
0
0
0
0
0
0
0
0
0
0
0
0
0
0
0
0
0
0
0
0
0
1
0
0
0
0
0
0
0
0
0
0
0
0
0
0
0
0
0
0
0
0
0
0
1
0
0
0
0
0
0
0
0
0
0
0
0
1
0
0
1
0
0
0
0
0
0
0
0
0
0
0
0
0
0
0
0
0
0
0
0
0
0
0
0
0
0
0
0
0
0
0
0
1
0
0
0
0
0
0
0
0
0
0
1
0
0
0
0
0
0
0
0
0
0
0
0
0
2
1
0
0
0
0
0
0
0
0
0
0
0
0
0
0
0
0
0
0
0
0
0
0
0
0
0
0
0
0
0
0
0
0
0
0
0
0
0
0
0
0
0
0
0
0
0
0
0
0
0
0
0
1
0
0
0
0
0
0
0
0
0
0
0
0
0
1
0
0
0
0
0
0
0
0
0
0
0
0
0
0
0
0
0
0
1
0
0
0
1
0
0
0
0
0
0
0
0
0
0
0
0
0
0
0
0
0
0
0
0
0
0
0
0
0
0
0
0
0
0
0
0
0
0
0
0
0
0
0
0
0
0
0
0
0
0
0
0
0
0
0
1
0
0
0
0
0
0
0
0
0
0
0
0
0
0
0
0
0
0
0
0
0
0
0
0
0
0
0
0
0
0
0
0
0
0
0
0
0
0
0
0
0
0
0
0
0
0
0
0
0
0
0
0
0
0
0
0
0
0
1
0
0
0
0
0
0
0
0
0
0
0
0
0
0
0
0
0
1
0
0
1
0
0
0
0
0
0
0
0
0
0
0
0
1
0
0
0
1
1
0
0
0
0
0
1
0
0
0
