0
0
0
0
0
0
0
0
0
0
5455
7656
7648
7594
7649
7420
7432
7430
7251
7366
7236
7348
7376
7243
7165
7329
7316
7239
7175
7061
7110
7069
7213
7171
7301
7146
7087
7120
7003
7196
6941
7069
7116
7021
6946
7122
7024
6951
7165
7024
6881
6978
7007
6988
6768
6894
6903
6893
6930
7087
6943
6912
6952
6726
6799
6817
6697
6804
6889
6863
6941
6669
6831
6735
6725
6800
6681
6852
6666
6788
6656
6697
6670
6520
6620
6695
6591
6734
6814
6712
6561
6745
6614
6581
6594
6614
6637
6616
6627
6494
6570
6611
6577
6452
6590
6570
6613
6593
6527
6599
6490
6409
6520
6359
6508
6364
6516
6421
6454
6388
6492
6320
6417
6508
6331
6398
6455
6373
6294
6219
6279
6361
6255
6318
6259
6456
6356
6419
6341
6390
6382
6395
6302
6160
6346
6041
6343
6326
6132
6196
6223
6133
6312
6266
6044
6203
6231
6072
6238
6188
6194
6180
6319
6217
6268
6066
6312
6124
6005
6098
6227
6058
6007
6165
6008
6051
6033
6014
6166
6119
6072
6189
6010
6000
6003
5890
5954
5978
5956
5885
5929
5978
6129
5919
5889
6041
5905
5895
5970
5961
5993
5873
6072
5807
5834
5759
5840
6039
5874
6036
5920
5742
5866
5738
5671
5864
5976
5845
5907
5739
5727
5774
5598
5724
5784
5908
5714
5793
5780
5729
5897
5621
5653
5790
5825
5820
5626
5624
5775
5745
5706
5606
5720
5616
5727
5703
5606
5825
5558
5594
5514
5671
5626
5708
5789
5631
5507
5632
5613
5517
5664
5490
5591
5536
5505
5638
5486
5493
5563
5493
5548
5527
5589
5461
5445
5605
5440
5491
5497
5584
5355
5426
5363
5470
5452
5409
5424
5336
5580
5314
5489
5461
5273
5438
5349
5312
5276
5450
5298
5254
5439
5343
5203
5267
5220
5421
5311
5308
5262
5217
5334
5205
5195
5201
5209
5126
5349
5236
5333
5150
5224
5255
5176
5174
5207
5117
5078
5099
5113
5224
5235
5055
5296
5244
5107
5184
5182
5005
5207
5065
5060
5144
5339
5086
5200
5013
5144
5119
5162
5101
5008
5112
5138
4989
5044
5046
4989
4992
5026
5058
5115
4905
4976
5025
5041
4975
5058
4863
4946
4907
5054
4972
4962
4880
5032
4928
4964
4986
4970
4828
4872
4807
4888
4896
5039
4915
4881
4899
4827
4909
4823
4897
4891
4894
4755
4773
4888
4711
4817
4710
4731
4855
4737
4713
4767
4732
4887
4945
4837
4866
4784
4730
4727
4741
4747
4953
4788
4672
4826
4778
4670
4568
4700
4810
4731
4735
4773
4696
4641
4653
4749
4711
4649
4820
4600
4706
4651
4743
4679
4623
4493
4727
4552
4629
4612
4660
4531
4619
4635
4642
4713
4570
4697
4472
4559
4622
4466
4395
4550
4542
4482
4521
4483
4549
4508
4448
4615
4451
4533
4495
4513
4467
4468
4449
4468
4398
4526
4460
4513
4570
4494
4364
4469
4467
4456
4519
4429
4453
4356
4463
4306
4363
4305
4350
4304
4458
4473
4452
4363
4366
4312
4262
4437
4309
4429
4351
4342
4378
4366
4197
4276
4339
4233
4291
4324
4218
4273
4242
4388
4377
4178
4309
4353
4185
4194
4182
4326
4256
4156
4175
4253
4217
4211
4226
4131
4221
4351
4211
4124
4131
4254
4205
4133
4153
4226
4114
4142
4197
4151
4063
4171
4024
4027
4143
4241
4076
4193
4036
4121
4111
4221
4199
4008
4099
4100
4116
4141
4011
4089
4038
4020
4078
4118
3987
3998
4055
4092
4072
3933
4105
4072
4004
3853
4027
3883
3948
3846
3984
3977
4028
3883
3896
3963
3855
3967
3905
3988
4002
4071
3972
4095
3880
3907
4030
3888
3853
3809
4027
3850
3962
3973
3757
3961
3806
3826
3889
3842
3910
3948
3686
3858
3855
3793
3837
3802
3835
3769
3843
3826
3758
3810
3794
3772
3813
3788
3861
3848
3778
3781
3749
3680
3669
3743
3738
3730
3735
3673
3723
3747
3797
3730
3847
3668
3664
3726
3716
3669
3657
3706
3725
3748
3663
3642
3634
3666
3708
3671
3678
3658
3721
3699
3653
3671
3680
3645
3627
3657
3602
3515
3734
3690
3678
3534
3514
3704
3667
3601
3571
3548
3500
3531
3640
3634
3582
3685
3576
3619
3578
3381
3594
3516
3490
3554
3425
3593
3475
3562
3525
3506
3459
3552
3492
3466
3333
3465
3554
3595
3472
3482
3447
3602
3493
3503
3416
3402
3447
3437
3364
3359
3438
3427
3440
3458
3375
3328
3491
3376
3441
3339
3357
3445
3317
3494
3470
3402
3394
3360
3287
3349
3337
3460
3298
3350
3350
3383
3274
3328
3317
3384
3234
3328
3296
3438
3371
3320
3295
3251
3331
3331
3241
3366
3268
3411
3409
3313
3247
3273
3296
3172
3247
3248
3235
3237
3193
3210
3277
3191
3154
3272
3185
3243
3215
3213
3155
3169
3194
3203
3249
3293
3244
3190
3234
3220
3226
3179
3178
3185
3151
3195
3138
3268
3171
3198
3203
3171
3009
3121
3201
3167
3223
3129
3126
3043
3193
3126
3120
3189
3127
3100
3145
3131
3063
3071
3073
3071
3068
3129
3134
3116
3070
2929
3085
3090
3205
3048
3049
3019
3077
3073
3094
3015
2928
3025
3090
3018
2912
3063
3083
2952
3050
2965
3007
3079
2974
3031
3019
2987
3049
2978
3006
2956
2971
2946
2848
2974
2869
2965
2997
2901
2959
2886
2958
2927
2810
3025
2921
2939
2828
2940
2912
2947
2920
2966
2855
2842
3004
2916
2875
2983
2893
2843
2893
2777
2809
2849
2789
2906
2934
2914
2853
2901
2877
2937
2839
2810
2865
2889
2853
2863
2794
2869
2774
2775
2746
2902
2861
2774
2814
2822
2804
2875
2762
2900
2732
2767
2794
2731
2920
2767
2737
2696
2654
2792
2766
2650
2670
2777
2746
2814
2742
2657
2830
2672
2729
2747
2822
2755
2668
2667
2760
2671
2775
2760
2769
2720
2688
2757
2683
2705
2596
2669
2774
2738
2672
2701
2691
2557
2615
2700
2655
2605
2688
2590
2589
2763
2582
2695
2698
2566
2661
2617
2605
2629
2626
2649
2570
2579
2607
2604
2656
2650
2611
2603
2587
2569
2619
2555
2535
2579
2554
2611
2457
2539
2591
2544
2610
2506
2632
2589
2609
2524
2571
2506
2454
2589
2477
2542
2590
2534
2462
2506
2569
2509
2418
2524
2601
2600
2533
2504
2588
2490
2555
2487
2481
2509
2455
2451
2502
2515
2501
2468
2459
2419
2355
2447
2605
2482
2460
2461
2507
2384
2391
2390
2387
2492
2435
2408
2416
2403
2383
2462
2470
2555
2445
2474
2435
2425
2452
2475
2444
2378
2401
2350
2552
2411
2427
2409
2332
2419
2474
2479
2392
2359
2363
2363
2421
2422
2354
2411
2338
2351
2418
2302
2394
2395
2326
2377
2355
2378
2310
2411
2264
2278
2338
2364
2294
2344
2397
2235
2368
2289
2345
2270
2270
2354
2245
2313
2296
2222
2341
2198
2296
2250
2245
2290
2315
2326
2237
2272
2214
2335
2332
2220
2261
2247
2263
2275
2150
2187
2302
2251
2214
2197
2246
2249
2249
2202
2264
2140
2272
2152
2173
2177
2233
2115
2120
2215
2306
2162
2212
2220
2174
2194
2150
2214
2154
2210
2136
2185
2184
2118
2087
2207
2114
2243
2111
2153
2145
2129
2185
2152
2158
2218
2113
2170
2190
2155
2218
2116
2053
2134
2054
2133
2053
2140
2142
2060
2150
2101
2106
2074
2162
2091
2145
2084
2041
2013
2012
2102
2142
2088
2090
2112
2169
2129
2076
2085
2059
2096
2005
2133
2038
1991
2021
2127
2050
2066
2044
2049
2085
2009
2082
2012
2050
2007
1956
2054
2015
1964
2015
2027
2023
1997
1969
1948
2033
1969
1995
2031
1999
1965
2058
1990
1994
2057
1990
1998
1970
1894
1979
2036
1928
1986
1971
1931
1943
2020
2007
1964
1981
1976
1968
1977
1977
1962
1960
2007
1953
1963
1946
1967
1960
1924
1942
1926
1927
1853
1894
1948
1872
1909
1980
1890
1926
1818
1884
1883
1778
1906
1960
1886
1869
1803
1933
1873
1915
1907
1858
1859
1954
1885
1892
1786
1961
1922
1885
1803
1843
1903
1850
1886
1857
1807
1827
1797
1769
1877
1821
1885
1811
1808
1867
1834
1915
1825
1858
1861
1964
1827
1812
1850
1848
1856
1884
1917
1798
1819
1749
1805
1818
1839
1725
1772
1771
1747
1805
1815
1763
1822
1760
1820
1815
1686
1846
1716
1853
1726
1743
1746
1766
1744
1730
1696
1704
1765
1838
1788
1731
1752
1719
1720
1765
1745
1705
1751
1764
1744
1747
1804
1733
1697
1788
1638
1783
1687
1709
1666
1590
1730
1768
1685
1811
1759
1728
1736
1696
1718
1715
1674
1707
1678
1638
1699
1709
1631
1727
1603
1627
1735
1652
1666
1693
1692
1675
1691
1673
1644
1646
1717
1627
1671
1658
1589
1629
1645
1689
1654
1582
1598
1655
1731
1681
1635
1637
1649
1632
1669
1611
1642
1569
1623
1681
1611
1634
1613
1595
1629
1690
1666
1634
1620
1654
1628
1577
1636
1705
1679
1583
1621
1548
1598
1603
1637
1550
1543
1637
1604
1643
1614
1640
1597
1526
1445
1605
1597
1564
1654
1541
1513
1578
1587
1638
1505
1499
1565
1462
1650
1501
1619
1589
1550
1510
1521
1549
1512
1511
1522
1526
1522
1521
1547
1481
1567
1532
1552
1520
1500
1519
1563
1570
1547
1553
1455
1503
1539
1422
1552
1535
1533
1587
1497
1484
1494
1455
1555
1510
1556
1517
1480
1485
1468
1499
1481
1496
1515
1517
1501
1426
1549
1452
1439
1485
1395
1503
1410
1478
1512
1424
1395
1488
1447
1415
1440
1448
1432
1422
1512
1385
1404
1408
1497
1491
1392
1404
1460
1450
1399
1493
1425
1417
1427
1432
1375
1476
1392
1331
1389
1381
1401
1466
1473
1428
1379
1418
1367
1465
1400
1391
1387
1417
1341
1439
1361
1468
1417
1364
1360
1431
1400
1376
1364
1447
1416
1405
1395
1420
1415
1315
1403
1415
1382
1467
1372
1353
1430
1333
1401
1405
1363
1309
1375
1323
1359
1343
1305
1381
1407
1341
1417
1359
1313
1308
1365
1381
1363
1354
1345
1320
1357
1311
1318
1347
1341
1260
1310
1327
1340
1316
1308
1340
1343
1342
1311
1345
1298
1332
1298
1280
1276
1300
1209
1391
1307
1280
1244
1347
1297
1298
1271
1277
1308
1214
1280
1333
1295
1327
1320
1317
1328
1313
1283
1235
1262
1260
1256
1267
1320
1258
1239
1235
1278
1290
1254
1225
1294
1268
1261
1208
1224
1146
1260
1244
1327
1318
1207
1250
1218
1253
1269
1228
1232
1220
1209
1268
1263
1295
1228
1268
1166
1306
1168
1176
1197
1201
1194
1214
1228
1239
1176
1225
1222
1177
1191
1187
1137
1221
1244
1178
1235
1188
1267
1174
1146
1209
1195
1198
1195
1173
1165
1185
1225
1234
1169
1182
1103
1130
1117
1094
1210
1166
1194
1086
1142
1190
1192
1168
1142
1173
1194
1194
1184
1098
1081
1217
1170
1147
1127
1170
1153
1118
1172
1197
1153
1098
1143
1127
1137
1165
1141
1130
1147
1197
1168
1152
1137
1166
1145
1097
1181
1117
1140
1116
1069
1186
1075
1114
1120
1141
1107
1053
1122
1096
1088
1112
1083
1136
1084
1101
1078
1119
1147
1063
1078
1124
1029
1093
1090
1113
1086
1128
1092
1078
1094
1070
1116
1054
1104
1057
1108
1030
1076
1125
1070
1104
1102
1086
1041
1062
1047
1026
1024
1096
1060
1029
1072
1109
1079
1037
1078
1084
1045
1053
1067
1091
1056
1052
1004
1071
1087
1032
1022
1049
998
1093
1077
1033
1031
1004
1050
1086
1027
1064
1058
1011
1102
1043
1054
1069
996
1043
1048
1042
1073
1034
999
972
1021
1070
1081
1074
1037
1023
1054
1021
1012
1005
1036
1018
997
1065
1034
973
993
1035
1002
1031
970
995
1000
1018
1039
973
1038
1052
1006
966
977
985
975
982
956
998
943
987
952
1021
990
928
949
947
999
864
976
970
961
947
918
988
968
956
952
1015
991
923
946
902
950
1027
962
902
967
923
979
977
978
942
948
966
999
942
918
915
932
898
896
964
934
910
885
929
930
990
933
980
894
986
884
947
854
956
929
922
938
884
951
893
916
945
924
885
925
887
892
905
936
926
917
903
895
906
934
920
920
839
903
916
899
894
869
881
908
956
928
931
910
890
890
929
947
926
868
865
878
893
883
843
865
887
884
864
854
886
838
885
883
921
887
832
862
909
815
925
938
909
842
879
894
919
874
895
849
932
896
861
864
875
864
881
803
858
858
813
868
834
876
853
850
928
814
851
836
833
837
888
851
827
768
867
861
799
812
824
834
842
862
826
823
828
807
864
823
819
839
838
801
815
827
799
822
807
804
832
865
794
772
833
771
777
775
837
811
817
801
786
788
864
802
795
795
822
778
855
780
760
819
772
746
798
774
841
835
811
768
778
759
768
769
752
760
806
810
802
783
769
796
789
802
774
824
744
786
729
824
769
772
717
821
782
714
716
706
748
787
764
758
722
778
775
761
817
744
765
779
740
725
763
798
804
822
743
748
766
772
774
722
742
820
773
787
744
763
731
685
713
743
699
784
752
740
767
771
703
733
773
708
711
707
686
707
761
712
686
711
664
711
750
730
738
737
791
721
729
749
751
748
726
722
716
729
720
709
741
687
693
726
728
750
709
728
666
726
697
684
778
693
708
723
715
722
708
708
707
684
688
708
695
701
690
710
667
705
688
706
699
713
697
697
669
740
675
685
682
663
696
725
682
682
735
675
698
683
680
642
692
687
656
671
722
670
675
684
691
669
669
661
674
651
663
663
649
692
631
644
659
658
645
705
719
665
659
687
663
654
671
664
637
588
646
660
681
664
674
633
657
670
605
660
660
653
679
679
638
673
616
670
655
637
616
624
640
641
675
667
638
653
642
644
608
658
626
627
654
657
638
650
607
654
617
623
658
624
629
637
647
602
614
602
576
629
634
631
627
610
616
604
613
631
619
639
673
548
612
591
618
604
611
632
627
618
588
624
611
608
615
622
594
595
597
587
586
588
578
560
584
590
595
627
631
625
618
583
602
579
582
592
559
624
644
603
627
592
603
598
584
562
631
574
593
602
569
574
597
591
529
615
623
563
590
595
619
597
612
571
510
588
576
596
579
629
551
572
558
539
587
586
623
581
588
539
566
544
521
559
569
529
541
586
547
553
565
538
517
594
561
565
553
558
524
584
557
564
575
583
505
563
503
513
550
554
549
567
517
556
572
577
577
596
560
545
559
506
563
529
557
535
542
581
496
535
498
531
557
573
526
540
532
555
542
550
566
530
525
545
489
552
537
503
529
562
506
573
551
510
541
549
535
573
550
522
542
509
518
546
574
491
537
544
488
529
574
562
498
506
549
499
529
510
548
482
490
545
528
530
490
509
500
506
519
527
518
520
519
528
520
498
484
544
492
508
498
501
504
496
513
450
522
547
530
494
462
492
513
487
509
547
503
483
492
490
504
491
459
466
470
470
509
487
434
480
431
464
503
544
491
454
479
457
510
492
475
500
498
473
536
492
496
476
477
445
464
492
526
458
470
488
472
455
453
485
482
461
451
468
435
465
484
446
437
446
436
464
470
469
465
490
485
451
467
468
458
533
442
497
452
494
503
460
425
446
448
456
472
436
451
477
459
450
431
461
425
461
488
465
469
453
467
469
457
456
480
422
466
437
395
467
430
420
459
443
417
440
437
425
427
457
452
488
464
433
465
439
437
406
429
486
439
450
465
423
437
398
422
423
409
465
415
457
461
439
417
425
442
408
441
438
441
414
392
454
412
455
396
397
411
428
432
428
411
448
446
432
429
410
397
415
440
416
415
395
453
419
431
405
424
432
425
437
397
416
374
405
405
410
430
396
374
430
403
426
383
391
427
410
376
392
396
394
423
413
418
440
375
422
405
407
392
436
398
435
383
417
407
395
404
411
371
416
397
397
407
417
390
392
384
417
393
374
396
383
371
409
373
401
389
373
365
379
387
367
406
392
408
401
354
412
391
424
421
358
388
391
390
404
389
396
393
345
409
360
357
421
391
375
393
350
404
357
393
401
352
368
364
393
386
380
373
364
375
369
387
404
370
358
357
382
354
360
379
355
368
371
376
382
357
398
370
375
386
356
392
373
347
365
364
352
353
365
355
401
341
374
348
353
351
423
379
333
363
369
347
359
399
349
339
362
367
345
386
345
353
336
368
321
357
343
362
325
308
363
357
362
390
351
365
383
315
345
363
334
342
360
358
339
341
365
351
331
315
363
358
361
347
361
359
334
333
327
326
382
375
368
333
329
367
352
332
339
327
359
320
353
342
343
313
355
323
317
350
328
364
335
396
313
343
336
312
351
342
368
369
306
338
369
309
327
348
315
352
317
326
348
309
325
350
335
347
305
307
295
316
345
340
323
310
303
329
327
327
323
309
312
347
341
286
307
338
318
356
340
333
321
323
304
327
283
333
309
320
289
288
304
325
309
325
291
306
313
299
285
322
328
330
283
264
341
330
293
303
307
313
295
291
326
309
312
322
297
291
303
311
333
283
295
308
321
303
279
320
315
294
279
324
307
272
286
264
280
309
287
309
274
271
298
300
279
297
304
291
314
299
286
311
300
303
299
300
282
282
312
313
314
287
270
264
311
287
275
311
294
290
298
264
275
271
300
264
301
287
312
309
279
314
286
303
303
288
286
295
268
308
281
269
301
298
267
291
286
266
272
289
298
281
305
281
272
298
285
257
328
253
296
244
299
228
288
285
266
254
297
247
286
268
254
252
247
271
317
258
291
271
242
278
249
282
236
285
299
276
289
266
267
284
276
241
255
303
283
259
269
280
265
275
254
270
250
262
261
242
274
281
260
262
248
286
266
282
265
234
242
278
273
279
239
283
261
227
242
257
273
272
239
261
247
273
266
238
245
233
253
247
245
243
250
271
251
259
254
248
234
279
239
291
263
250
223
232
230
267
252
250
238
277
274
241
260
249
255
258
256
248
242
243
229
249
237
215
241
235
256
235
248
267
248
236
244
247
249
231
243
206
232
255
287
245
237
238
223
255
238
224
213
231
237
230
246
210
239
230
243
246
239
249
262
252
223
245
249
218
246
225
226
240
232
217
231
247
239
234
229
235
203
236
255
229
234
259
220
221
256
217
220
224
244
236
213
242
213
223
220
213
227
213
233
222
235
227
259
221
226
243
204
233
227
225
250
234
198
229
207
220
252
219
202
217
215
224
213
236
260
214
216
204
218
225
213
223
243
218
221
211
214
227
218
210
233
217
217
213
232
214
227
225
221
206
220
214
215
207
207
196
195
211
227
221
202
234
196
216
206
221
223
210
227
214
222
228
199
204
195
206
238
204
215
220
228
225
212
226
209
216
195
235
206
228
233
199
211
203
218
216
201
212
211
209
176
200
197
208
229
177
221
193
200
195
212
185
204
194
198
220
211
199
228
223
210
185
195
166
211
196
201
200
199
217
207
198
178
212
215
211
209
189
233
199
211
211
208
182
204
212
205
200
178
216
203
205
200
194
202
199
214
195
183
194
203
215
202
210
185
192
186
178
177
206
175
196
171
188
169
209
173
193
171
200
158
203
185
178
175
194
194
188
192
185
168
199
183
175
184
198
171
187
201
177
203
185
189
204
160
199
179
167
185
184
212
180
203
180
195
175
175
193
181
197
193
172
189
197
166
175
196
207
195
162
178
171
191
177
176
168
186
189
157
185
177
172
177
186
205
200
199
200
194
167
158
172
196
136
179
178
157
165
185
170
173
169
149
182
185
172
194
195
180
185
155
163
170
162
166
167
186
204
163
190
186
184
171
169
168
185
169
152
161
187
179
151
155
170
171
167
154
186
171
151
186
156
164
138
174
188
167
170
172
154
131
156
182
152
153
189
173
192
170
164
164
165
174
137
168
183
157
169
189
169
167
174
148
159
176
172
134
166
149
164
169
156
139
160
187
148
156
165
166
160
174
136
162
146
167
185
144
180
141
166
151
165
164
153
180
158
135
150
148
145
151
152
148
152
148
147
120
165
198
176
131
150
166
177
154
154
168
147
148
164
138
157
157
164
149
145
146
174
159
140
145
137
129
145
155
164
151
153
145
123
151
151
152
147
123
174
143
154
152
153
146
165
145
161
153
153
127
146
154
154
149
132
147
148
147
150
139
141
150
125
154
144
152
178
130
170
155
136
138
123
129
134
148
139
158
170
154
167
143
150
127
142
164
142
149
147
144
136
165
126
149
125
146
129
143
124
142
130
150
121
144
148
159
121
153
150
142
135
144
143
118
134
133
149
136
131
133
145
127
135
157
145
150
136
127
131
119
139
127
141
146
120
141
136
146
138
117
130
131
124
151
144
127
131
141
138
133
142
120
119
126
145
120
126
131
146
136
150
127
132
125
129
122
115
124
139
153
152
127
145
137
126
144
150
137
130
116
134
151
144
120
112
134
130
143
130
134
141
97
137
129
116
134
109
119
143
126
138
142
107
111
123
143
105
127
130
117
138
126
140
144
128
123
128
141
118
108
122
118
137
135
118
101
107
121
130
128
122
119
117
135
108
116
120
125
126
118
137
114
124
115
131
133
120
113
121
107
129
121
117
133
114
117
106
125
131
101
112
119
113
115
116
122
124
122
121
112
107
120
94
105
133
121
121
116
117
117
119
126
129
128
131
113
110
115
128
123
94
107
127
111
108
113
112
122
120
114
118
116
115
112
93
120
126
109
117
100
116
107
116
126
101
119
111
99
124
124
101
104
103
110
91
125
108
126
107
110
96
104
114
111
121
97
122
102
119
77
102
94
119
121
116
100
121
120
112
103
122
113
100
131
103
110
101
97
87
102
103
103
113
106
101
107
126
102
103
106
110
97
106
98
113
105
99
99
114
103
122
113
96
120
97
108
100
102
102
104
83
92
130
98
97
110
106
112
89
106
92
88
95
99
101
102
121
114
108
119
110
117
118
114
97
111
107
125
100
103
100
86
100
107
98
92
121
95
111
104
98
98
86
95
101
109
102
117
131
112
89
96
102
105
106
97
99
103
102
106
94
90
99
104
99
119
91
87
86
104
105
96
92
109
94
101
99
106
112
108
105
96
91
80
100
103
101
88
105
74
94
91
97
105
91
93
96
100
109
126
92
109
98
89
105
97
91
99
105
102
87
97
97
89
107
96
93
87
92
102
103
99
87
91
81
92
84
104
89
89
113
87
76
95
94
100
84
73
93
95
126
97
102
84
80
81
80
91
66
105
89
80
77
102
78
96
94
80
114
79
95
71
102
85
104
87
88
90
75
98
91
77
88
83
74
99
75
91
86
83
78
109
88
102
99
82
85
94
81
73
89
92
83
94
64
89
85
81
84
94
80
82
79
82
64
85
101
93
65
95
80
92
84
85
83
83
83
82
91
76
96
85
90
73
92
92
101
75
81
77
93
71
84
74
78
84
72
94
76
77
96
90
85
86
64
90
87
79
72
79
66
84
79
90
65
87
69
101
74
73
88
71
63
94
69
82
97
62
86
81
69
80
81
90
79
69
81
84
81
85
81
81
63
76
66
78
73
75
71
90
84
89
79
79
89
78
77
76
59
84
70
67
82
77
77
89
81
80
71
63
60
91
77
93
75
84
71
59
73
52
73
55
75
71
96
65
79
77
69
62
77
58
86
70
68
76
80
81
70
79
60
72
71
80
79
72
65
76
100
86
89
87
65
69
76
75
79
65
74
56
65
65
67
67
77
74
66
78
73
64
82
64
72
86
72
66
73
82
64
78
75
63
67
61
68
75
72
75
62
82
69
83
83
72
74
67
60
68
64
64
62
69
68
74
62
77
77
74
67
63
71
72
81
74
71
67
68
81
61
59
54
81
60
71
85
65
70
69
74
67
50
72
76
73
77
53
71
57
57
66
73
59
61
87
60
56
73
65
79
68
61
70
48
70
61
70
64
73
59
64
68
60
60
52
67
64
61
65
59
73
75
86
62
77
62
72
68
73
52
64
66
66
65
70
55
68
70
66
58
68
65
63
64
68
66
67
64
54
61
64
59
66
56
72
72
71
73
50
68
74
60
51
59
71
76
60
61
62
45
57
57
49
66
59
56
57
69
55
67
55
54
72
57
69
74
56
68
57
41
70
63
62
48
74
68
56
68
55
60
65
61
64
66
59
64
62
54
56
50
61
54
72
73
64
69
60
58
65
63
55
53
50
56
68
55
66
52
69
56
45
45
53
58
55
42
49
67
51
64
65
55
59
54
65
68
47
52
42
53
44
46
50
49
53
49
46
53
59
52
68
56
54
58
57
74
55
62
56
75
50
48
48
55
54
60
49
54
54
57
62
53
62
60
51
52
51
56
42
48
58
73
52
57
70
60
49
45
64
54
45
49
55
54
56
44
53
47
43
44
57
51
49
50
55
49
53
50
59
67
51
42
31
43
47
45
65
50
49
47
61
44
51
55
56
45
56
62
46
46
56
57
55
50
50
66
74
54
51
45
42
51
42
39
44
49
57
55
54
48
52
62
49
63
43
53
35
48
49
50
59
55
52
51
43
54
56
61
39
45
55
50
51
57
43
41
45
55
43
52
37
51
32
48
52
53
44
39
50
59
49
49
43
50
50
49
55
45
52
57
50
45
40
40
59
47
45
51
56
43
47
46
60
49
45
63
53
47
48
49
47
46
42
49
52
50
54
50
36
41
48
38
46
48
54
50
50
41
39
43
40
57
47
41
44
46
44
46
40
44
34
47
45
53
58
53
42
29
48
51
47
49
48
41
46
53
46
46
48
52
38
49
34
45
37
36
36
41
34
37
47
44
54
52
48
37
49
43
45
47
42
47
40
47
46
43
46
48
49
38
49
44
50
41
48
37
49
48
38
46
33
40
41
36
48
59
37
50
43
44
41
33
48
56
40
49
37
51
51
44
35
30
46
50
53
44
40
59
29
47
40
38
40
53
41
34
42
43
33
43
42
39
26
43
45
50
41
44
39
48
37
55
43
44
36
36
43
52
38
54
28
45
32
52
29
41
38
42
43
38
48
47
33
38
37
33
46
51
47
43
43
39
37
35
39
44
38
34
44
36
45
40
40
42
42
46
35
44
42
30
35
38
37
31
39
41
24
40
32
43
50
30
40
46
37
45
38
43
27
26
49
35
41
30
26
35
32
39
38
27
41
29
26
45
42
44
36
30
42
37
33
32
39
40
35
42
33
40
30
44
40
30
37
33
44
31
35
37
32
28
32
34
39
30
27
44
30
26
35
33
26
36
39
24
35
30
34
22
44
36
35
44
36
38
29
35
28
40
52
38
32
41
32
35
30
26
32
38
35
29
34
32
33
25
49
33
42
31
21
36
42
35
42
38
30
38
28
35
36
41
28
41
40
41
32
25
35
34
25
32
25
23
30
24
37
38
29
38
30
23
33
40
28
31
36
23
29
29
38
23
42
31
29
28
29
30
37
34
42
34
35
23
24
39
38
47
27
30
33
32
31
34
33
28
42
42
28
34
28
28
32
38
39
27
37
28
40
39
27
30
36
36
30
18
30
29
34
31
30
25
25
29
32
24
30
31
29
37
33
30
34
42
43
35
27
27
31
34
34
25
32
35
23
24
33
39
25
29
29
26
34
25
31
26
33
25
39
34
36
36
34
31
26
34
26
28
32
22
29
28
29
21
37
34
27
21
19
38
21
36
30
31
24
30
31
22
29
37
21
32
26
27
30
17
30
34
29
23
27
23
27
30
31
47
27
26
39
26
31
26
22
31
27
31
34
20
32
26
28
36
37
25
24
29
25
27
36
31
28
24
22
33
32
42
25
32
23
32
27
18
26
35
21
39
29
24
31
28
27
29
33
29
32
27
19
27
23
24
19
36
36
38
26
31
31
33
24
31
24
27
21
30
35
18
24
37
23
33
29
29
29
24
18
16
19
23
23
31
26
28
26
28
23
26
28
31
34
28
29
31
31
26
33
32
23
36
28
24
32
20
30
25
20
31
24
35
29
33
23
33
26
28
33
20
34
23
31
18
26
28
31
26
27
27
21
29
25
29
21
25
26
23
31
33
35
18
23
31
26
19
40
17
24
21
22
22
27
28
24
30
28
25
19
18
17
20
24
17
22
23
22
20
19
22
24
18
34
26
27
30
35
22
35
25
20
22
31
24
22
24
24
23
20
21
25
30
17
20
22
26
21
20
23
19
31
21
21
17
20
29
27
34
24
20
24
21
33
32
18
26
19
22
24
29
22
20
23
23
26
22
23
29
22
30
17
36
30
32
27
29
23
26
27
34
20
30
22
22
17
18
26
21
23
28
21
25
21
27
24
24
21
21
18
28
23
17
21
26
15
18
25
30
24
20
29
15
26
19
23
19
29
19
21
29
22
28
19
14
19
24
22
19
16
17
17
25
24
20
17
21
24
27
17
19
16
24
22
25
22
14
14
29
23
20
26
25
24
24
14
20
26
18
20
18
27
14
22
28
20
22
28
19
20
20
22
21
21
21
23
27
12
23
13
26
19
24
12
20
18
24
23
20
12
21
23
23
13
23
17
26
16
21
23
32
18
22
19
17
13
28
26
29
27
17
25
19
18
19
25
22
19
18
23
14
15
23
21
23
21
23
12
17
11
25
20
14
22
22
9
22
23
23
16
25
22
18
19
12
18
23
29
17
19
17
23
17
10
28
19
18
15
21
19
24
18
21
17
12
18
19
22
19
23
20
25
20
15
21
21
20
20
16
18
16
16
17
16
18
17
14
20
10
11
18
22
14
20
18
18
13
23
20
16
14
22
16
18
21
27
25
23
25
14
17
23
19
26
19
17
28
12
23
26
10
19
21
18
14
18
16
22
14
15
15
26
24
19
16
18
8
21
20
17
16
15
19
20
19
19
15
16
13
18
11
19
15
14
15
14
14
15
19
16
11
10
14
20
11
10
17
15
16
14
13
12
17
17
12
23
18
17
17
18
13
24
15
20
17
11
19
20
12
19
13
14
15
15
13
16
17
18
23
8
20
11
18
15
12
15
13
9
17
12
17
21
17
20
17
12
10
16
15
22
16
15
16
16
17
9
15
17
15
14
17
13
15
19
9
19
19
16
14
17
20
13
13
14
11
19
14
18
20
21
21
15
13
16
18
17
21
20
17
20
16
16
7
12
13
17
13
16
12
13
16
16
18
17
16
11
10
16
16
19
22
23
7
13
14
13
13
25
15
9
17
20
19
16
26
16
16
16
13
14
14
15
9
16
16
14
15
12
13
15
11
21
11
14
20
19
19
17
7
7
14
14
17
15
14
14
10
22
11
17
11
8
10
15
15
11
18
11
13
9
20
16
21
18
14
12
12
14
13
15
12
12
16
12
10
14
14
24
14
21
12
15
15
19
14
13
12
9
8
14
9
13
9
10
12
11
13
10
14
19
13
18
9
13
20
10
16
15
14
16
17
17
21
14
12
15
10
12
17
15
17
22
12
9
9
19
14
14
15
9
17
16
14
9
10
10
18
21
3
14
13
18
12
15
15
18
10
12
22
16
17
9
14
14
13
14
12
14
7
9
13
20
12
11
23
10
15
18
18
13
12
9
14
12
13
11
13
16
7
12
9
19
11
14
12
12
16
13
12
12
14
18
9
9
12
14
12
10
17
13
10
15
12
15
9
15
13
11
18
17
7
12
8
20
15
13
12
10
6
7
10
16
12
9
9
12
7
15
9
9
9
10
2
13
13
15
10
9
9
13
11
10
11
14
14
14
10
13
12
15
9
16
11
12
14
15
11
6
13
14
9
10
8
10
9
12
11
9
10
12
6
15
15
17
16
10
15
12
12
15
15
8
9
9
12
10
9
9
10
8
15
4
13
13
9
5
13
18
10
13
9
9
9
10
14
11
6
11
14
10
14
7
12
12
13
11
7
10
19
11
8
14
10
8
17
8
8
4
13
13
9
3
9
18
12
10
7
12
12
7
8
6
13
8
9
8
10
13
3
11
6
16
10
12
11
8
10
5
11
11
8
7
11
15
9
8
17
14
12
18
8
11
16
7
9
16
7
8
10
17
12
5
7
7
6
11
8
7
12
7
8
13
20
14
8
4
10
9
8
10
11
10
6
6
8
11
9
12
8
12
13
11
8
10
7
7
11
9
14
12
18
9
9
10
14
5
10
9
6
14
11
10
14
7
13
11
15
9
6
13
11
4
12
13
11
8
11
10
6
11
11
9
5
14
12
12
10
10
4
8
7
8
7
14
9
10
8
13
9
12
10
10
10
10
12
9
6
11
3
7
16
11
8
11
10
6
6
7
7
4
11
8
10
7
8
8
7
6
12
9
11
9
11
7
16
7
4
11
10
14
6
8
11
9
6
10
6
7
10
9
6
6
8
10
10
6
3
8
14
14
10
5
11
10
13
10
7
12
6
11
8
4
5
6
9
12
9
6
11
6
11
5
7
8
14
9
8
6
9
8
3
7
7
6
16
12
11
14
7
7
8
10
11
9
10
3
12
11
6
11
7
10
13
5
7
14
12
9
7
6
4
5
5
5
6
4
7
13
9
8
7
11
10
11
4
9
7
10
4
5
8
6
6
8
5
12
5
4
9
5
6
7
5
6
10
9
7
6
5
5
6
9
2
6
6
10
10
13
5
5
12
6
8
8
9
6
8
8
11
11
9
7
6
6
12
5
7
9
5
8
8
5
9
7
6
11
15
10
6
6
9
7
9
9
8
7
7
9
12
7
8
6
9
4
5
5
7
6
7
11
9
6
6
10
11
9
8
2
7
9
8
8
5
4
8
4
9
7
4
9
10
5
11
4
4
8
9
6
3
12
7
9
7
5
8
6
14
12
7
9
12
14
6
8
7
11
6
5
8
7
9
7
10
7
8
10
9
10
5
9
8
6
11
8
4
8
5
6
4
5
10
8
9
6
13
7
13
6
9
5
9
3
6
5
1
7
7
3
6
10
5
12
8
11
7
4
7
8
7
7
11
4
8
8
6
6
12
8
6
6
6
5
8
5
8
5
4
5
6
7
6
10
10
8
4
9
7
4
10
9
7
5
1
3
6
5
7
6
9
8
10
10
8
6
8
5
8
5
7
4
5
3
9
5
9
7
10
8
7
10
7
8
6
8
6
3
14
6
9
13
3
7
11
0
3
6
2
6
6
7
9
4
6
4
5
7
4
3
8
2
2
9
5
6
1
8
5
9
6
5
7
7
9
8
3
6
5
8
7
7
5
5
7
7
6
12
4
3
6
8
9
6
6
7
6
6
6
9
4
8
5
4
3
6
5
8
6
7
7
11
7
8
2
1
2
8
8
7
9
5
4
11
4
10
5
7
4
5
6
10
6
8
5
5
10
8
8
6
8
6
2
7
7
8
6
7
6
6
3
6
7
2
6
6
5
6
5
6
5
7
7
7
5
4
4
6
7
5
3
5
6
4
4
4
5
5
6
6
5
3
3
4
6
4
5
11
4
7
4
7
12
1
4
2
6
7
8
0
6
9
7
2
8
6
6
3
4
5
4
5
9
2
5
5
7
4
7
6
5
7
5
4
3
9
4
3
7
6
4
4
5
6
5
5
6
3
4
6
4
6
4
7
6
4
6
9
5
7
6
4
14
4
11
6
5
6
5
5
6
6
3
6
1
4
9
8
6
3
4
8
7
4
7
5
7
7
2
5
3
2
5
11
5
2
5
3
4
8
6
8
9
8
6
6
3
4
5
4
10
4
6
6
3
4
4
4
4
7
4
3
8
6
5
2
6
6
4
4
3
9
5
3
4
4
5
10
6
4
12
3
3
2
3
5
4
5
8
2
5
2
3
7
7
2
5
6
3
5
5
8
4
4
4
2
4
5
6
1
4
2
5
7
5
8
4
7
4
4
4
3
4
6
7
8
6
3
8
5
2
6
1
5
3
5
5
1
4
3
5
6
5
4
1
9
6
3
7
8
4
2
7
3
4
4
3
2
4
5
5
5
1
4
3
4
5
8
4
5
3
8
4
4
4
5
4
4
5
4
2
2
4
2
4
4
6
1
3
3
4
2
2
4
5
2
1
3
3
2
5
3
1
3
7
5
6
5
2
5
4
4
2
6
1
6
1
4
5
2
5
7
6
4
4
8
1
1
3
1
4
5
6
7
7
2
3
5
3
6
6
3
2
5
9
1
6
4
6
1
5
2
5
6
9
5
1
5
5
3
4
2
4
3
5
0
2
4
5
4
4
0
2
3
4
7
2
7
4
7
3
0
3
1
4
3
4
0
1
5
1
0
4
6
6
5
3
5
6
3
1
8
2
4
4
0
0
1
2
2
2
6
4
2
4
5
3
6
1
5
4
8
3
4
0
5
5
4
3
4
4
4
8
1
6
5
8
4
3
5
3
2
1
4
3
6
5
3
0
5
3
2
2
5
4
5
2
2
4
4
5
3
1
4
3
5
2
6
4
5
5
6
3
3
5
2
3
3
3
2
4
4
2
0
0
2
3
4
4
4
5
5
4
3
3
7
2
2
6
4
3
6
0
4
2
4
2
5
3
2
4
1
1
3
4
4
2
3
6
3
4
4
3
2
5
5
6
3
2
1
2
6
4
2
5
3
5
2
7
5
4
1
3
4
3
4
5
3
2
4
2
3
0
4
2
2
3
4
1
6
2
3
3
2
4
3
1
4
3
2
3
3
4
3
4
4
1
6
1
3
1
2
5
3
4
5
2
4
5
4
6
0
5
1
3
1
2
4
4
2
2
4
6
6
2
4
3
1
6
2
0
1
4
3
6
2
4
2
3
3
4
3
2
3
3
3
4
3
0
4
4
3
5
1
4
3
5
2
5
5
3
1
3
6
3
3
3
4
2
3
1
3
5
3
6
6
2
3
0
0
4
2
2
3
3
3
3
3
3
2
4
3
3
6
1
2
4
3
1
3
3
3
3
3
2
1
3
2
7
4
0
3
2
2
1
2
5
3
2
4
7
2
3
2
1
3
1
3
3
5
3
4
3
7
1
5
3
3
5
2
4
3
1
3
6
2
1
4
0
6
3
2
5
4
2
5
3
3
7
4
2
1
3
3
2
2
2
2
3
4
2
6
2
0
4
2
2
5
2
0
3
4
1
5
4
8
2
3
1
3
2
3
2
3
1
5
3
1
4
5
1
3
3
1
2
1
2
1
7
2
5
0
2
1
3
1
3
2
3
2
1
3
3
2
2
2
3
3
4
1
5
3
3
3
2
5
4
4
1
1
2
4
4
0
2
1
3
3
3
1
7
2
4
4
1
3
1
1
5
4
3
3
1
7
0
3
2
2
2
4
7
3
5
3
0
2
1
2
3
3
1
2
2
1
3
2
2
1
5
4
2
1
4
2
2
0
1
1
4
1
4
4
4
2
1
1
1
1
3
1
2
2
1
3
6
3
1
0
8
0
4
1
4
1
1
3
4
0
2
1
3
2
2
3
1
2
4
1
6
2
5
1
2
5
2
3
1
1
1
2
2
1
3
3
1
1
5
2
3
2
0
2
2
2
3
1
2
4
2
1
2
2
4
1
5
4
5
3
3
2
1
2
1
4
2
0
1
3
3
3
6
2
1
2
2
1
1
3
3
2
1
1
2
2
2
1
1
4
2
2
4
3
1
2
4
1
0
3
2
1
1
1
0
3
3
4
1
3
1
2
1
4
1
4
0
2
1
3
1
2
4
1
1
5
4
2
2
3
3
6
2
4
2
1
4
4
1
5
1
2
2
1
4
0
3
0
1
1
3
3
1
3
1
5
3
6
1
0
3
2
2
3
5
2
2
1
3
3
2
4
0
2
2
4
3
0
0
1
1
3
0
0
5
2
1
0
2
1
1
0
1
1
2
1
2
2
2
3
3
3
3
2
1
1
3
3
2
1
3
1
3
3
2
3
2
0
1
0
4
2
0
0
3
1
2
2
2
1
3
0
3
5
4
0
1
1
3
3
1
0
0
2
0
5
3
1
0
1
3
4
1
1
1
1
2
2
2
2
3
2
1
2
1
0
2
2
1
3
4
1
2
0
3
1
1
1
2
2
3
6
2
0
1
4
2
0
2
1
1
0
1
0
0
0
2
4
1
2
1
5
1
0
1
1
0
0
4
2
2
2
1
0
1
1
1
1
1
2
1
2
3
0
3
2
3
5
2
2
1
4
2
1
0
0
4
0
1
2
3
1
7
3
1
2
0
2
0
2
3
4
3
0
4
0
2
1
1
6
0
0
2
2
4
0
0
3
4
1
1
1
2
4
3
4
5
3
4
0
1
1
2
2
1
1
2
2
1
0
3
1
0
3
1
1
0
4
1
1
1
2
1
2
2
2
0
1
6
4
3
3
1
0
0
1
1
3
1
3
3
2
0
2
3
2
0
0
1
1
2
2
1
1
0
1
4
3
2
0
0
0
1
1
1
1
2
0
2
0
0
1
3
2
1
1
2
0
1
1
2
1
3
4
1
2
1
0
1
1
0
0
1
0
1
2
1
0
2
1
1
2
0
2
1
0
2
1
4
2
2
0
0
0
4
0
0
0
1
6
2
1
1
2
4
1
2
1
4
0
5
3
1
0
2
0
0
0
6
1
1
2
2
0
0
2
0
3
1
0
4
1
1
2
1
0
5
0
1
2
0
1
1
1
0
3
2
2
1
0
2
2
0
0
0
4
0
0
3
3
0
0
1
1
1
1
0
2
2
0
4
1
1
1
2
0
4
1
2
1
2
1
1
1
0
4
0
1
1
0
2
1
2
0
2
2
0
0
2
1
2
1
0
2
0
0
2
0
1
2
2
1
0
0
2
1
0
4
2
3
0
3
1
0
0
2
0
2
0
2
2
3
0
1
2
1
1
1
2
0
2
0
2
1
1
0
1
0
3
1
0
2
1
0
2
2
0
2
1
1
2
1
2
2
2
0
4
1
0
0
0
0
3
1
1
1
0
0
3
3
0
2
0
1
1
0
0
1
1
1
1
0
0
3
0
0
0
0
2
0
2
0
3
5
3
1
2
0
2
1
1
2
2
2
2
2
0
1
2
1
1
1
1
0
1
1
2
3
0
1
1
0
1
2
0
0
2
2
2
2
1
2
4
1
1
1
0
1
1
3
4
1
2
1
0
0
2
0
0
1
2
0
1
3
2
0
0
2
3
2
0
3
1
1
2
1
0
1
0
0
1
0
0
0
0
1
0
0
0
0
0
2
3
1
1
0
0
3
0
0
0
1
1
2
1
2
4
0
1
3
2
1
4
0
2
2
0
2
0
1
1
1
1
1
0
4
2
2
4
1
3
1
0
1
0
0
2
2
0
3
2
1
0
1
1
0
1
1
2
1
0
0
0
1
2
0
2
1
1
1
1
0
0
1
1
1
1
2
0
1
2
0
0
1
3
2
3
0
2
0
0
0
0
0
0
0
1
2
3
2
0
1
2
1
1
1
0
0
0
2
2
1
0
0
1
2
0
1
1
0
1
1
1
1
0
0
1
0
0
2
1
1
1
0
1
2
1
2
0
1
0
0
0
3
0
0
1
0
1
0
0
0
1
0
0
2
0
3
2
0
2
6
2
1
1
1
3
2
2
1
0
0
1
0
1
0
2
2
2
0
0
0
1
0
0
1
1
4
0
1
1
1
0
2
0
1
0
2
3
1
1
0
1
0
2
3
0
3
0
1
1
3
2
2
0
2
1
0
3
0
1
0
0
1
1
1
3
1
0
1
0
0
2
0
0
0
1
0
2
1
0
0
2
1
3
2
0
0
0
0
2
1
0
0
1
2
0
1
0
2
3
1
0
1
0
3
1
2
0
1
2
2
1
0
1
0
1
0
3
1
0
2
0
0
2
0
1
0
3
0
0
3
0
2
4
0
0
0
2
0
0
0
0
0
1
2
1
0
1
1
0
2
1
1
1
4
0
0
0
2
1
2
1
2
2
0
1
1
0
1
0
1
2
1
1
2
2
0
0
1
0
0
1
1
0
1
3
0
1
1
1
0
0
2
0
1
1
1
1
1
0
2
0
0
3
0
1
0
0
0
0
0
1
1
0
0
1
2
0
0
2
0
2
1
0
2
2
1
1
3
1
0
0
1
2
0
0
0
1
1
0
0
0
0
3
0
1
1
1
1
0
0
1
0
1
1
1
0
1
2
1
0
0
1
0
3
0
1
0
0
1
0
1
1
1
0
0
2
0
0
2
1
0
0
0
1
0
1
1
0
2
3
1
0
0
1
2
0
0
2
1
1
1
0
1
0
0
1
2
0
1
0
0
1
1
1
0
0
2
0
1
0
1
0
1
1
1
0
0
0
1
1
0
2
0
0
0
0
1
0
0
1
2
3
1
0
1
3
0
0
0
2
0
0
0
2
0
0
0
0
0
2
0
1
1
0
0
1
1
0
1
0
0
1
2
0
1
2
0
0
1
0
0
0
0
1
0
0
1
0
2
1
0
0
0
2
1
0
0
0
2
0
0
0
0
2
1
0
1
0
0
2
0
0
2
0
0
1
0
1
0
1
2
0
0
0
0
2
0
2
2
0
0
5
3
1
0
2
1
1
1
0
0
0
0
0
1
1
0
0
1
1
1
0
2
0
2
0
1
0
0
0
1
1
1
0
1
2
0
0
1
1
1
0
0
0
1
2
3
0
0
0
1
0
2
2
0
0
2
1
0
0
0
0
0
1
0
0
0
0
0
0
2
0
2
2
0
1
1
0
1
0
2
0
0
0
1
0
0
0
0
0
1
0
1
0
1
0
2
1
1
0
0
0
0
0
0
0
1
4
0
0
0
2
1
0
3
1
0
1
2
0
1
0
0
1
1
0
2
0
1
0
0
0
0
1
2
0
1
0
1
0
0
0
0
0
0
0
0
0
0
0
0
0
1
1
0
0
1
0
2
0
0
0
1
0
0
1
2
1
1
0
0
0
1
0
0
0
0
0
1
2
0
1
1
0
0
0
0
0
0
0
0
0
1
2
0
1
0
1
0
0
0
0
0
1
1
0
0
2
0
0
0
0
0
0
0
0
1
1
0
1
0
0
1
1
1
1
0
0
0
3
1
1
1
0
0
1
1
0
0
0
0
1
0
1
0
0
0
0
1
0
0
0
1
1
0
1
0
2
0
0
1
1
1
0
0
0
0
2
0
0
0
0
0
1
1
0
1
0
0
1
0
0
0
0
0
0
0
0
0
1
0
0
0
0
1
0
0
0
1
0
0
0
3
0
0
1
2
1
0
1
1
0
0
0
0
0
0
1
0
1
1
1
0
0
0
1
0
0
0
0
2
0
2
1
0
1
1
0
1
0
1
0
0
0
0
0
0
2
0
1
0
0
0
0
2
1
0
1
0
1
0
1
0
0
1
0
0
0
1
0
0
1
0
0
0
1
0
0
0
1
1
0
1
1
0
1
1
1
0
0
0
0
1
0
1
0
0
0
1
0
1
0
0
1
1
0
0
0
0
1
0
0
0
1
0
0
1
0
1
1
1
2
1
0
0
0
0
0
1
1
0
0
1
2
0
2
0
1
0
1
0
4
1
1
0
0
1
0
0
0
0
1
0
0
0
0
1
0
0
0
2
0
0
0
0
1
1
0
1
0
1
1
1
0
0
1
0
0
0
0
0
0
0
0
1
0
2
0
0
0
0
0
0
3
0
0
1
1
0
0
0
0
0
0
0
0
1
2
0
1
0
0
0
0
1
0
0
1
1
1
1
1
0
1
0
1
0
1
0
1
1
0
0
1
0
0
1
0
0
0
0
0
0
1
0
0
1
0
0
0
0
1
0
0
0
1
0
1
1
1
0
1
0
0
0
0
0
0
0
0
0
0
0
0
0
0
3
0
0
0
0
1
0
0
0
0
0
0
0
0
0
1
0
0
0
0
0
0
0
0
1
0
0
0
0
0
0
0
0
1
0
0
0
0
0
0
0
1
1
0
0
0
0
0
1
0
0
0
0
0
0
0
0
0
0
1
0
1
1
0
0
0
0
0
0
0
2
0
0
0
0
1
0
0
0
1
0
0
0
0
0
1
2
0
0
0
0
0
0
0
1
0
0
0
0
1
1
1
0
0
1
0
0
1
0
0
0
1
0
0
1
1
1
0
0
0
0
0
1
1
0
0
0
0
0
0
0
1
0
